"X1" "X2" "cl" "nbases" "wilks.lambda" ".sample"
1.45955590191094 -0.184504870974053 "2" 95 0.000853976078688163 1
-0.473909140579067 1.52181830201748 "3" 95 0.000853976078688163 1
1.57667842633922 -0.238367782799807 "2" 95 0.000853976078688163 1
-1.22295415348472 -0.932061682021947 "1" 95 0.000853976078688163 1
-0.725701513322506 2.07192222897156 "3" 95 0.000853976078688163 1
-0.458293101900418 1.38733575591559 "3" 95 0.000853976078688163 1
-0.67996183061568 -1.23455390126728 "1" 95 0.000853976078688163 1
-0.815432412197762 1.33107694613947 "3" 95 0.000853976078688163 1
-0.772089406227687 -1.21183018080953 "1" 95 0.000853976078688163 1
-0.66941897134704 1.48298976129669 "3" 95 0.000853976078688163 1
-0.361715955354459 1.67781910992931 "3" 95 0.000853976078688163 1
1.3135357001729 -0.312664404927366 "2" 95 0.000853976078688163 1
-0.68927852701056 -1.14031035595008 "1" 95 0.000853976078688163 1
-0.939854233107344 -1.14599134206001 "1" 95 0.000853976078688163 1
-0.32334945348502 1.85314793260246 "3" 95 0.000853976078688163 1
1.08112633471955 -0.586869216381621 "2" 95 0.000853976078688163 1
-0.94492719364264 -1.40916613707259 "1" 95 0.000853976078688163 1
1.70528446140445 -0.407653561015713 "2" 95 0.000853976078688163 1
-0.815550087966185 -1.06082665931573 "1" 95 0.000853976078688163 1
1.44842312974549 -0.539376980233141 "2" 95 0.000853976078688163 1
1.11962712978927 -0.388935602138275 "2" 95 0.000853976078688163 1
-0.923121134199885 -1.32087575075856 "1" 95 0.000853976078688163 1
-0.627398792807906 -0.937159801445468 "1" 95 0.000853976078688163 1
-0.316505556139037 1.57818933679415 "3" 95 0.000853976078688163 1
-0.987926477148365 -1.17525118538379 "1" 95 0.000853976078688163 1
1.48798499659606 -0.17497886198183 "2" 95 0.000853976078688163 1
1.15629593947077 -0.562992406503047 "2" 95 0.000853976078688163 1
-0.654543692174555 1.18134753591722 "3" 95 0.000853976078688163 1
1.53403573801232 -0.387954102762748 "2" 95 0.000853976078688163 1
-0.480616125450107 1.26667787621863 "3" 95 0.000853976078688163 1
0.215113191605645 -1.31284960471736 "2" 110 0.000867059687166767 2
0.403528487881736 -1.07115361161227 "2" 110 0.000867059687166767 2
-1.49096047448443 0.0457402639822766 "3" 110 0.000867059687166767 2
-1.21513893268239 -0.0262150766639107 "3" 110 0.000867059687166767 2
-1.33335537435492 0.241074189079345 "3" 110 0.000867059687166767 2
0.177139254047254 -1.40621618647615 "2" 110 0.000867059687166767 2
-1.10932708628911 -0.0339360065254741 "3" 110 0.000867059687166767 2
-1.58321795605712 0.456990605526398 "3" 110 0.000867059687166767 2
1.36092604162809 0.970708555538957 "1" 110 0.000867059687166767 2
0.139968288919193 -1.32780874229684 "2" 110 0.000867059687166767 2
-1.35271486626146 0.245179790190256 "3" 110 0.000867059687166767 2
1.20210316955647 1.23404403752754 "1" 110 0.000867059687166767 2
0.952929528699151 1.18963381165556 "1" 110 0.000867059687166767 2
0.249154194825775 -1.51476589014082 "2" 110 0.000867059687166767 2
1.18016173697258 1.08063222141945 "1" 110 0.000867059687166767 2
-1.16990282234108 0.336028831615065 "3" 110 0.000867059687166767 2
1.11006821377862 1.06549514077132 "1" 110 0.000867059687166767 2
1.19005828208342 1.16708533663996 "1" 110 0.000867059687166767 2
0.17624146659278 -1.19984189763984 "2" 110 0.000867059687166767 2
0.938542954616648 0.85756609126347 "1" 110 0.000867059687166767 2
-0.0718135948014553 -0.86372897990234 "2" 110 0.000867059687166767 2
0.160721806273246 -1.20491505262063 "2" 110 0.000867059687166767 2
-0.861057968317069 0.199890347863394 "3" 110 0.000867059687166767 2
-1.56529709519982 0.193200278171319 "3" 110 0.000867059687166767 2
0.343891630533571 -1.07196602567676 "2" 110 0.000867059687166767 2
-1.14672168165932 0.272672568292511 "3" 110 0.000867059687166767 2
0.798924624875192 0.957608337609441 "1" 110 0.000867059687166767 2
0.359409761311044 -1.42503319395453 "2" 110 0.000867059687166767 2
1.14075021697767 1.01266413236914 "1" 110 0.000867059687166767 2
0.799875001270081 0.932215728711524 "1" 110 0.000867059687166767 2
-1.13226438553499 0.0527180220316014 "1" 107 0.000925512683867494 3
0.720060079101154 0.97094043315069 "3" 107 0.000925512683867494 3
0.750292437499518 -1.05419323172944 "2" 107 0.000925512683867494 3
0.777246106270946 1.3222292585695 "3" 107 0.000925512683867494 3
-0.98352425492029 0.366752834997526 "1" 107 0.000925512683867494 3
0.211832154865264 1.07375941375132 "3" 107 0.000925512683867494 3
-1.70353339381267 -0.113509849510735 "1" 107 0.000925512683867494 3
0.973071324616405 -1.1648910799813 "2" 107 0.000925512683867494 3
0.719668875502394 -1.23435541170568 "2" 107 0.000925512683867494 3
-1.38321889918461 0.0745040608463776 "1" 107 0.000925512683867494 3
0.472154504699184 -1.44300049676715 "2" 107 0.000925512683867494 3
0.616998152618662 -1.36928972288807 "2" 107 0.000925512683867494 3
1.11838694442637 -1.29958396836491 "2" 107 0.000925512683867494 3
-1.43817605814988 0.00878587073049495 "1" 107 0.000925512683867494 3
0.81098934021638 1.05796685901015 "3" 107 0.000925512683867494 3
0.675839040904758 1.01925373940722 "3" 107 0.000925512683867494 3
0.559530379083967 1.41400443729631 "3" 107 0.000925512683867494 3
0.778263484483535 -1.60179543763373 "2" 107 0.000925512683867494 3
0.675411641724891 1.12427101587696 "3" 107 0.000925512683867494 3
1.02765364837993 -1.35046237579765 "2" 107 0.000925512683867494 3
-1.64670774549475 0.342793830045117 "1" 107 0.000925512683867494 3
0.789208645010927 -1.12428210313539 "2" 107 0.000925512683867494 3
0.890050756278745 -1.28437322373061 "2" 107 0.000925512683867494 3
0.453114324022068 1.12427960127443 "3" 107 0.000925512683867494 3
-1.08403008635885 0.32259753464725 "1" 107 0.000925512683867494 3
-1.49582308989271 0.08469134367874 "1" 107 0.000925512683867494 3
-1.50744653549594 0.107183984666106 "1" 107 0.000925512683867494 3
0.462518971670708 1.0566450710348 "3" 107 0.000925512683867494 3
-1.59279577189401 0.0178735253354227 "1" 107 0.000925512683867494 3
0.485229409362906 1.49848606489462 "3" 107 0.000925512683867494 3
0.382925890886181 1.79992522283108 "2" 64 0.000968577889110178 4
-1.8769637717841 -0.404929626368977 "3" 64 0.000968577889110178 4
0.364740540548753 1.22787868509633 "2" 64 0.000968577889110178 4
-1.42697256088396 -0.354015854543271 "3" 64 0.000968577889110178 4
-1.79164839742985 -0.579133051033609 "3" 64 0.000968577889110178 4
-1.83975586875346 -0.0956257705457909 "3" 64 0.000968577889110178 4
-1.93204513985637 -0.0370302680512532 "3" 64 0.000968577889110178 4
0.399546699758747 1.60418692074582 "2" 64 0.000968577889110178 4
0.47360045847536 1.27438498620339 "2" 64 0.000968577889110178 4
1.02125031286373 -1.05792393271113 "1" 64 0.000968577889110178 4
0.631879758941625 1.51248926068376 "2" 64 0.000968577889110178 4
1.3022440620179 -0.913644586173072 "1" 64 0.000968577889110178 4
0.325862258229723 1.49706545848414 "2" 64 0.000968577889110178 4
0.911028307725571 1.58814808969462 "2" 64 0.000968577889110178 4
-1.72422622701459 -0.400620844160633 "3" 64 0.000968577889110178 4
1.54921032330666 -0.88736895920353 "1" 64 0.000968577889110178 4
-2.13341706274187 -0.391208551161264 "3" 64 0.000968577889110178 4
0.784565159774585 1.39660866021299 "2" 64 0.000968577889110178 4
1.43260432514826 -1.16097404355298 "1" 64 0.000968577889110178 4
1.46188206960189 -1.67840160881618 "1" 64 0.000968577889110178 4
-2.34385489855008 -0.212144557585913 "3" 64 0.000968577889110178 4
0.937267099322525 -1.38642909894504 "1" 64 0.000968577889110178 4
1.32133875521524 -1.0618586276304 "1" 64 0.000968577889110178 4
1.41709909736824 -0.738813555770942 "1" 64 0.000968577889110178 4
1.42486051566196 -1.38348743338101 "1" 64 0.000968577889110178 4
0.656759680300357 1.25110564297779 "2" 64 0.000968577889110178 4
0.55209577841964 1.1053318505178 "2" 64 0.000968577889110178 4
1.52017067257815 -1.17105984779485 "1" 64 0.000968577889110178 4
-1.75114799556982 -0.489661428792483 "3" 64 0.000968577889110178 4
-2.050899843561 0.14720686877462 "3" 64 0.000968577889110178 4
-1.21255229281718 0.294203939613288 "1" 103 0.00101698990416185 5
-1.85078746983597 -0.31140796276765 "1" 103 0.00101698990416185 5
-0.102663801536724 1.25466924289404 "3" 103 0.00101698990416185 5
-1.62595333797282 -0.555356011234289 "1" 103 0.00101698990416185 5
0.0448790702353976 1.58518330889678 "3" 103 0.00101698990416185 5
0.477588501583351 1.56542884356296 "3" 103 0.00101698990416185 5
-1.25321960132481 0.0679327783560913 "1" 103 0.00101698990416185 5
0.165494468469271 1.70765423481592 "3" 103 0.00101698990416185 5
0.731392670336835 -1.66181050560051 "2" 103 0.00101698990416185 5
-1.34829493850272 -0.140256851211503 "1" 103 0.00101698990416185 5
0.303293626259341 1.45454238316378 "3" 103 0.00101698990416185 5
0.242573094004127 1.34070781742814 "3" 103 0.00101698990416185 5
-0.949816069402729 0.0925407714497549 "1" 103 0.00101698990416185 5
1.26867432230465 -1.13969284718479 "2" 103 0.00101698990416185 5
-1.41048501219558 0.065999995913414 "1" 103 0.00101698990416185 5
1.34159530761389 -1.1890507371367 "2" 103 0.00101698990416185 5
0.00772494206061118 1.29667693206294 "3" 103 0.00101698990416185 5
0.216904554902945 1.59405484817829 "3" 103 0.00101698990416185 5
1.36786597441388 -1.53711538824585 "2" 103 0.00101698990416185 5
1.29588041847425 -0.908973821745202 "2" 103 0.00101698990416185 5
-1.05780644237307 -0.126578555986959 "1" 103 0.00101698990416185 5
1.07932839089288 -1.53694302575482 "2" 103 0.00101698990416185 5
1.34309294299977 -1.52039506342279 "2" 103 0.00101698990416185 5
-1.32938755840174 -0.192763614748455 "1" 103 0.00101698990416185 5
1.13021922598128 -1.28043656839138 "2" 103 0.00101698990416185 5
0.125835514791561 1.38917339652569 "3" 103 0.00101698990416185 5
0.951908822511841 -1.3222642479849 "2" 103 0.00101698990416185 5
-1.29967386059665 -0.209431751100528 "1" 103 0.00101698990416185 5
0.272235140129323 1.17689122546903 "3" 103 0.00101698990416185 5
1.07415339699479 -1.2531827658138 "2" 103 0.00101698990416185 5
0.883062707153149 -0.684907615986954 "3" 106 0.00104849650710355 6
0.19990570203525 1.78238726985026 "1" 106 0.00104849650710355 6
-1.21754746934553 -1.23715627291168 "2" 106 0.00104849650710355 6
0.960034764680554 -0.78180223533472 "3" 106 0.00104849650710355 6
1.00567038039659 -0.813306368539842 "3" 106 0.00104849650710355 6
-1.30206842159366 -1.01758391779156 "2" 106 0.00104849650710355 6
-1.3929615155202 -0.88580728860441 "2" 106 0.00104849650710355 6
-1.3732927787297 -1.37491598909357 "2" 106 0.00104849650710355 6
0.517214867700113 1.9045320346021 "1" 106 0.00104849650710355 6
1.27065417671841 -0.82320204805296 "3" 106 0.00104849650710355 6
-1.16253248412236 -0.884622042377452 "2" 106 0.00104849650710355 6
1.11422989153099 -0.81693225878473 "3" 106 0.00104849650710355 6
0.391457716656589 1.89690916935482 "1" 106 0.00104849650710355 6
-1.93819688005101 -1.01250778399856 "2" 106 0.00104849650710355 6
-1.28533213295745 -0.942163697294838 "2" 106 0.00104849650710355 6
0.00845192949364098 1.91100817308788 "1" 106 0.00104849650710355 6
0.297133284528348 2.03078367108912 "1" 106 0.00104849650710355 6
1.11229398233139 -0.885768627432756 "3" 106 0.00104849650710355 6
-1.03940806189994 -1.20188119663279 "2" 106 0.00104849650710355 6
0.922460156939759 -0.484685156069257 "3" 106 0.00104849650710355 6
0.374232104032962 1.56381303666856 "1" 106 0.00104849650710355 6
0.0966523967431623 1.19369566900835 "1" 106 0.00104849650710355 6
-1.35418618093542 -0.552023570397186 "2" 106 0.00104849650710355 6
1.116424245146 -0.442938662109167 "3" 106 0.00104849650710355 6
0.244347423551139 1.53812256932024 "1" 106 0.00104849650710355 6
0.32131786635533 1.88608885819957 "1" 106 0.00104849650710355 6
0.347377454942891 1.26371825424689 "1" 106 0.00104849650710355 6
-1.33463164899022 -1.13694076399576 "2" 106 0.00104849650710355 6
0.970501937066392 -0.374353968220071 "3" 106 0.00104849650710355 6
1.24673458614281 -0.617559241799519 "3" 106 0.00104849650710355 6
0.686317814543729 0.914174163340007 "3" 128 0.00104912157663861 7
0.942663858362679 -1.0226587254858 "2" 128 0.00104912157663861 7
-1.77003678030179 0.0603423663295442 "1" 128 0.00104912157663861 7
-1.61741834717499 -0.0646110541130457 "1" 128 0.00104912157663861 7
-1.56502324753222 -0.04635071276014 "1" 128 0.00104912157663861 7
0.695091449031234 -1.11445978537936 "2" 128 0.00104912157663861 7
1.11893728139985 0.960906541223203 "3" 128 0.00104912157663861 7
-1.56747513772836 0.502418659216198 "1" 128 0.00104912157663861 7
0.804787022313508 1.12567139004885 "3" 128 0.00104912157663861 7
0.783963298839675 1.12883013699788 "3" 128 0.00104912157663861 7
0.631175829339068 -1.55031630767388 "2" 128 0.00104912157663861 7
0.79799358846883 0.937212225871441 "3" 128 0.00104912157663861 7
0.578805422080598 -0.91531872298511 "2" 128 0.00104912157663861 7
0.739453509282096 -1.21988520691795 "2" 128 0.00104912157663861 7
0.315324265325655 -1.410781338853 "2" 128 0.00104912157663861 7
-1.42973288288352 0.241700146828267 "1" 128 0.00104912157663861 7
-1.71522019014634 0.19997182484608 "1" 128 0.00104912157663861 7
1.17760118509278 1.03090480385407 "3" 128 0.00104912157663861 7
0.665123452465138 -1.16724795236609 "2" 128 0.00104912157663861 7
0.62288277043461 -1.53414794230495 "2" 128 0.00104912157663861 7
0.751013362618452 -1.11276618582773 "2" 128 0.00104912157663861 7
0.790744396578312 -1.75404377281684 "2" 128 0.00104912157663861 7
1.00536275914007 0.829967057007998 "3" 128 0.00104912157663861 7
-1.95678723228 0.603435122914104 "1" 128 0.00104912157663861 7
-1.6498226662934 0.589395693751853 "1" 128 0.00104912157663861 7
-1.33293726412233 0.246279084766374 "1" 128 0.00104912157663861 7
1.14495341075753 1.22723328683912 "3" 128 0.00104912157663861 7
-1.61192135535542 0.31485047748 "1" 128 0.00104912157663861 7
1.11372013330587 1.32686143803568 "3" 128 0.00104912157663861 7
0.850460294438698 0.672433288133224 "3" 128 0.00104912157663861 7
-0.425918259590785 1.2615013177562 "1" 99 0.00106422265279513 8
-0.613248771635616 1.36809601285795 "1" 99 0.00106422265279513 8
1.42669996005301 -0.0445766335826885 "3" 99 0.00106422265279513 8
-0.924202234174281 -1.21120282257681 "2" 99 0.00106422265279513 8
-0.878680763505283 -1.06436107197249 "2" 99 0.00106422265279513 8
1.54976292261363 -0.168628987813069 "3" 99 0.00106422265279513 8
-0.772603538172263 -1.22900389143812 "2" 99 0.00106422265279513 8
-0.993144417202688 1.10151557695696 "1" 99 0.00106422265279513 8
-0.914671961045849 -1.2020862356346 "2" 99 0.00106422265279513 8
-1.25054278949316 -1.40587363293704 "2" 99 0.00106422265279513 8
1.86449650815106 0.0722766135708714 "3" 99 0.00106422265279513 8
-0.650494060274551 -1.19439520894871 "2" 99 0.00106422265279513 8
1.18909682156625 -0.210682812950927 "3" 99 0.00106422265279513 8
-1.11622411554417 -1.24128636233916 "2" 99 0.00106422265279513 8
1.48560809566127 0.100937258649246 "3" 99 0.00106422265279513 8
-0.509380275070115 1.18603930624222 "1" 99 0.00106422265279513 8
-0.480819310236477 1.46028223171548 "1" 99 0.00106422265279513 8
-0.342559430166202 1.33501480114021 "1" 99 0.00106422265279513 8
-0.805031378718579 1.28254637731997 "1" 99 0.00106422265279513 8
1.36288842422348 0.00807754032224245 "3" 99 0.00106422265279513 8
1.24830777577752 -0.301061074891664 "3" 99 0.00106422265279513 8
-0.464490762715754 1.04996754075554 "1" 99 0.00106422265279513 8
-0.412392254055035 -0.90737699905792 "2" 99 0.00106422265279513 8
-0.760127261139974 1.41576993913266 "1" 99 0.00106422265279513 8
1.73112921233563 -0.398005515945821 "3" 99 0.00106422265279513 8
-0.391832685540069 1.75257575167639 "1" 99 0.00106422265279513 8
1.16435181218427 -0.409767550138356 "3" 99 0.00106422265279513 8
-1.0584512497626 -1.54916359085865 "2" 99 0.00106422265279513 8
1.57257487987007 0.309277516871821 "3" 99 0.00106422265279513 8
-0.830100894392733 -1.16640539388174 "2" 99 0.00106422265279513 8
0.239812739800922 1.10311156457674 "1" 108 0.0012907342545113 9
-0.0623416080141195 1.60023065394299 "1" 108 0.0012907342545113 9
1.01688941704189 -0.621360787330934 "2" 108 0.0012907342545113 9
-1.49815370423483 -0.279723305779504 "3" 108 0.0012907342545113 9
-0.0666074233030138 1.12498347715663 "1" 108 0.0012907342545113 9
-1.42474505129662 -0.286337770043297 "3" 108 0.0012907342545113 9
-1.03206174037301 -0.205292175991275 "3" 108 0.0012907342545113 9
0.954251346202745 -1.07430090999582 "2" 108 0.0012907342545113 9
1.29903914795787 -1.00355693835319 "2" 108 0.0012907342545113 9
-1.58357938225949 -0.391740814043923 "3" 108 0.0012907342545113 9
-1.31791604902814 -0.276660374003109 "3" 108 0.0012907342545113 9
1.12023806314748 -0.937758249881331 "2" 108 0.0012907342545113 9
-1.08590927615001 -0.414611301814757 "3" 108 0.0012907342545113 9
0.165094223778625 1.24798051819563 "1" 108 0.0012907342545113 9
-0.970155689240845 -0.436742812828862 "3" 108 0.0012907342545113 9
1.41829140749219 -1.13320726277937 "2" 108 0.0012907342545113 9
0.155420550696887 1.72119936984984 "1" 108 0.0012907342545113 9
0.161381418463968 1.34575270999818 "1" 108 0.0012907342545113 9
1.45175536432264 -0.623209799113109 "2" 108 0.0012907342545113 9
0.300876616948544 1.51200206491816 "1" 108 0.0012907342545113 9
-0.0554755305406556 1.38128468426975 "1" 108 0.0012907342545113 9
-0.331493403825643 1.26590895708119 "1" 108 0.0012907342545113 9
1.43113955581763 -1.10471624888295 "2" 108 0.0012907342545113 9
-1.10492991500164 -0.584846086983892 "3" 108 0.0012907342545113 9
1.33701634167515 -1.4211193289206 "2" 108 0.0012907342545113 9
-1.46203691040063 -0.584456153818649 "3" 108 0.0012907342545113 9
1.21091238210339 -0.6337108363962 "2" 108 0.0012907342545113 9
-1.58348144838384 -0.529817275619539 "3" 108 0.0012907342545113 9
1.31198451778112 -0.979983762396622 "2" 108 0.0012907342545113 9
0.00478403882143259 1.2206981949878 "1" 108 0.0012907342545113 9
1.00020087854335 1.01097424195008 "1" 144 0.00137297109354682 10
-1.72321762395773 0.0280841247074214 "2" 144 0.00137297109354682 10
0.693698937249845 -1.6378775601816 "3" 144 0.00137297109354682 10
0.300327200643289 -1.08462631173851 "3" 144 0.00137297109354682 10
-1.76295911936723 0.717308080714129 "2" 144 0.00137297109354682 10
1.24828769818744 1.01043674654548 "1" 144 0.00137297109354682 10
1.30716981833981 0.92617342483377 "1" 144 0.00137297109354682 10
1.13222708070702 1.09668002807191 "1" 144 0.00137297109354682 10
1.50951796890209 1.00356296182449 "1" 144 0.00137297109354682 10
0.274202508488205 -1.38156549572299 "3" 144 0.00137297109354682 10
-1.44577948635902 0.76279523890379 "2" 144 0.00137297109354682 10
0.597567542145309 -1.15803350291739 "3" 144 0.00137297109354682 10
-2.06822252784832 0.533405658504608 "2" 144 0.00137297109354682 10
1.27906776416912 1.45790726397587 "1" 144 0.00137297109354682 10
0.259141573199155 -1.91156362140524 "3" 144 0.00137297109354682 10
1.24440340319204 1.07186752017211 "1" 144 0.00137297109354682 10
-1.71233153293109 0.642909592722631 "2" 144 0.00137297109354682 10
0.452369198448024 -1.58664710607978 "3" 144 0.00137297109354682 10
1.43297492817117 0.848324598845827 "1" 144 0.00137297109354682 10
0.108017751370537 -1.51886626896892 "3" 144 0.00137297109354682 10
-1.4380392979189 0.630639410787411 "2" 144 0.00137297109354682 10
-1.46621805271529 0.107640863684988 "2" 144 0.00137297109354682 10
0.560353178510919 -1.11016523108115 "3" 144 0.00137297109354682 10
0.563696576155743 -1.42584767713407 "3" 144 0.00137297109354682 10
1.06635228189677 0.575452649283748 "1" 144 0.00137297109354682 10
-1.49373366762459 0.672294390178237 "2" 144 0.00137297109354682 10
1.00071458930148 0.57739749163711 "1" 144 0.00137297109354682 10
-1.47032380977763 -0.0890397330157089 "2" 144 0.00137297109354682 10
0.271728794050165 -1.43980548111583 "3" 144 0.00137297109354682 10
-1.72119455317169 0.670183702017586 "2" 144 0.00137297109354682 10
-0.600453670125488 -0.749358158808308 "1" 122 0.00140928932363059 11
1.62164472963665 -0.18166158557736 "3" 122 0.00140928932363059 11
-0.582335349334007 1.11767827426317 "2" 122 0.00140928932363059 11
-0.634810575849491 1.11326235723032 "2" 122 0.00140928932363059 11
-0.726992170265141 1.41726982180072 "2" 122 0.00140928932363059 11
-1.03969293577057 -1.02095786173035 "1" 122 0.00140928932363059 11
1.7865712321312 -0.220472291718107 "3" 122 0.00140928932363059 11
1.00969559404258 0.0902711440612384 "3" 122 0.00140928932363059 11
-0.464585482239172 1.13664553215544 "2" 122 0.00140928932363059 11
-0.733470572959327 -1.10236167343155 "1" 122 0.00140928932363059 11
-0.511223284318016 1.27044853793424 "2" 122 0.00140928932363059 11
1.73511052638845 -0.125084097203531 "3" 122 0.00140928932363059 11
1.40862732213805 -0.420933116088249 "3" 122 0.00140928932363059 11
1.64374765221905 -0.45646906317863 "3" 122 0.00140928932363059 11
-0.787232935288821 1.57451028788971 "2" 122 0.00140928932363059 11
-1.47779959222673 -1.01138355495476 "1" 122 0.00140928932363059 11
-0.598753688224272 -1.30679896377356 "1" 122 0.00140928932363059 11
1.5034016510611 -0.273086390967576 "3" 122 0.00140928932363059 11
-0.614828797178437 -1.19627448299178 "1" 122 0.00140928932363059 11
1.42164717459589 -0.302440590660895 "3" 122 0.00140928932363059 11
-0.824042703906101 -0.969196801900702 "1" 122 0.00140928932363059 11
1.59215650140024 0.0594006913557283 "3" 122 0.00140928932363059 11
-0.304412603324322 -1.40503426723139 "1" 122 0.00140928932363059 11
-0.624692744297899 1.36880567780218 "2" 122 0.00140928932363059 11
-1.25305884007873 -0.884705820971388 "1" 122 0.00140928932363059 11
-0.47774193202729 1.03501800520629 "2" 122 0.00140928932363059 11
1.43713055084432 -0.0213673301114572 "3" 122 0.00140928932363059 11
-1.11171536978679 -1.14999731799144 "1" 122 0.00140928932363059 11
-0.92358192949789 1.11744638390242 "2" 122 0.00140928932363059 11
-0.86830775775903 1.49682665568958 "2" 122 0.00140928932363059 11
-0.732060455670192 0.889744060958345 "2" 102 0.00146547510924868 12
-0.95787023163408 1.0129871048783 "2" 102 0.00146547510924868 12
1.17031704705325 0.369106453192904 "1" 102 0.00146547510924868 12
-1.13911689838754 -1.06987029599257 "3" 102 0.00146547510924868 12
1.81593279820909 0.248223992780564 "1" 102 0.00146547510924868 12
-0.684853734219462 -1.51599862202325 "3" 102 0.00146547510924868 12
1.38196524033212 -0.0993616666547716 "1" 102 0.00146547510924868 12
-1.05937712577368 1.22497968030773 "2" 102 0.00146547510924868 12
-1.09317939212803 -1.37685227763878 "3" 102 0.00146547510924868 12
-0.748082068088515 1.25335090671914 "2" 102 0.00146547510924868 12
-1.13753420856227 1.20690882279861 "2" 102 0.00146547510924868 12
1.70548820636574 0.189044615089914 "1" 102 0.00146547510924868 12
-0.390285476547859 -0.996191162334175 "3" 102 0.00146547510924868 12
-0.0976325952284906 -1.07637814601736 "3" 102 0.00146547510924868 12
1.79797824147255 0.177438137444614 "1" 102 0.00146547510924868 12
1.41596821163626 0.00183349403565364 "1" 102 0.00146547510924868 12
1.75033184678272 0.347346898830828 "1" 102 0.00146547510924868 12
1.44578511067619 0.356047003649125 "1" 102 0.00146547510924868 12
1.44905593124753 0.307621214867654 "1" 102 0.00146547510924868 12
-0.750388003927484 0.936954940000831 "2" 102 0.00146547510924868 12
-0.302781683222088 -1.23361524562314 "3" 102 0.00146547510924868 12
-0.769778199031774 -1.27660240578101 "3" 102 0.00146547510924868 12
-0.87666884661718 0.91201962279594 "2" 102 0.00146547510924868 12
-0.327787959637999 -1.21510554222461 "3" 102 0.00146547510924868 12
-0.755939380437631 0.920410737213142 "2" 102 0.00146547510924868 12
-1.03357980830328 -1.54485643562608 "3" 102 0.00146547510924868 12
1.53077133325291 -0.0897027581431282 "1" 102 0.00146547510924868 12
-1.07621871234936 1.01605615625398 "2" 102 0.00146547510924868 12
-0.552798377179407 -0.957710624423327 "3" 102 0.00146547510924868 12
-0.977660810082062 1.08217134066492 "2" 102 0.00146547510924868 12
-0.534634352740077 0.869286393007794 "3" 147 0.00151743758460487 13
-1.01885608223568 0.938917211743464 "3" 147 0.00151743758460487 13
-0.568129043710816 -1.18420138183617 "1" 147 0.00151743758460487 13
2.18160655431591 0.525894917944929 "2" 147 0.00151743758460487 13
-1.17493172563911 -1.35129319577615 "1" 147 0.00151743758460487 13
1.76990110500618 -0.08540925924166 "2" 147 0.00151743758460487 13
-0.89389383758683 -1.34580283611269 "1" 147 0.00151743758460487 13
-1.32426552595942 1.21307312969089 "3" 147 0.00151743758460487 13
2.11901373290906 0.245947579934239 "2" 147 0.00151743758460487 13
2.34049968164532 0.123454815253123 "2" 147 0.00151743758460487 13
-0.621584233752045 1.31411036211207 "3" 147 0.00151743758460487 13
-0.915319139998011 -1.15801119194784 "1" 147 0.00151743758460487 13
-1.09381820261818 -1.32559344632696 "1" 147 0.00151743758460487 13
1.79886421422917 0.0034092610904039 "2" 147 0.00151743758460487 13
-1.09343286581638 1.0045523463882 "3" 147 0.00151743758460487 13
1.53725940770771 -0.170511432765735 "2" 147 0.00151743758460487 13
-0.592360032382697 1.19885755815644 "3" 147 0.00151743758460487 13
1.39454952499039 0.477187570071692 "2" 147 0.00151743758460487 13
-0.432822318729361 0.997243035005648 "3" 147 0.00151743758460487 13
-1.02609081164453 0.882936393554377 "3" 147 0.00151743758460487 13
-1.18539932302971 -0.902641207565215 "1" 147 0.00151743758460487 13
-1.15486741624181 -0.880434728384227 "1" 147 0.00151743758460487 13
-0.737782264978018 -1.2450377877321 "1" 147 0.00151743758460487 13
-1.09942447188448 -1.25729151567702 "1" 147 0.00151743758460487 13
1.95696909017279 0.0148837466674137 "2" 147 0.00151743758460487 13
-0.88361290092268 -1.21167387304301 "1" 147 0.00151743758460487 13
-0.851782508545973 0.839373513065567 "3" 147 0.00151743758460487 13
1.76831465165727 0.110094941521222 "2" 147 0.00151743758460487 13
-1.11012168044113 1.11993298716682 "3" 147 0.00151743758460487 13
1.44615077622313 0.23874609403449 "2" 147 0.00151743758460487 13
-1.10346818201189 1.07964482260911 "3" 85 0.00167397597551759 14
1.54290261666316 0.832165011236487 "2" 85 0.00167397597551759 14
-1.51606478946941 1.10501847385804 "3" 85 0.00167397597551759 14
-0.179395953099983 -0.866073948617086 "1" 85 0.00167397597551759 14
-1.32370431740108 0.914960554806789 "3" 85 0.00167397597551759 14
1.63863523269448 0.900476790414646 "2" 85 0.00167397597551759 14
-0.85426200307496 1.06411782221823 "3" 85 0.00167397597551759 14
-1.71772881688527 0.656927483568914 "3" 85 0.00167397597551759 14
1.73048552785332 0.636449780445698 "2" 85 0.00167397597551759 14
1.88852214679129 0.976089831795535 "2" 85 0.00167397597551759 14
-1.50955782919598 0.949684474464165 "3" 85 0.00167397597551759 14
-0.448537247933922 -1.57936103025015 "1" 85 0.00167397597551759 14
-0.490581897501617 -1.83728085531413 "1" 85 0.00167397597551759 14
1.16655848622785 0.546777340258413 "2" 85 0.00167397597551759 14
-1.50274369774359 1.07748433750138 "3" 85 0.00167397597551759 14
-0.110243695753893 -1.56895777195811 "1" 85 0.00167397597551759 14
-0.276483282864468 -1.83614800727695 "1" 85 0.00167397597551759 14
1.88831399128501 0.664732326079935 "2" 85 0.00167397597551759 14
-0.367268557691577 -1.71013722319989 "1" 85 0.00167397597551759 14
0.123638561066093 -1.81729130402018 "1" 85 0.00167397597551759 14
1.01808737667644 0.550601324001201 "2" 85 0.00167397597551759 14
-1.58621761598481 0.586048704594457 "3" 85 0.00167397597551759 14
0.211444345413151 -1.64835370995667 "1" 85 0.00167397597551759 14
1.59010002903482 0.863008269557838 "2" 85 0.00167397597551759 14
-1.40571633894046 0.399077125944415 "3" 85 0.00167397597551759 14
1.8072651545434 0.82712040338045 "2" 85 0.00167397597551759 14
1.77366746259502 0.981005803381679 "2" 85 0.00167397597551759 14
-0.336037829455101 -1.76801696775644 "1" 85 0.00167397597551759 14
-0.326788366933745 -1.33554213534416 "1" 85 0.00167397597551759 14
-1.32482050890228 0.355772273576382 "3" 85 0.00167397597551759 14
-0.952528003636881 1.72758262373976 "1" 73 0.00135558139403619 15
-0.60246631401726 1.95310854063829 "1" 73 0.00135558139403619 15
-0.520218766634337 2.02394397353686 "1" 73 0.00135558139403619 15
-1.22038688960794 1.86621317592328 "1" 73 0.00135558139403619 15
-0.770913395485997 1.7370409057853 "1" 73 0.00135558139403619 15
-1.32416287713821 2.08495893574326 "1" 73 0.00135558139403619 15
-0.866296505596145 1.52733680626442 "1" 73 0.00135558139403619 15
-0.775081485973457 1.74096946692376 "1" 73 0.00135558139403619 15
-0.561486890154296 1.99596508909417 "1" 73 0.00135558139403619 15
-0.825865010618258 1.62045241528072 "1" 73 0.00135558139403619 15
2.00398183758477 0.0580587753894749 "2" 73 0.00135558139403619 15
1.94687320234368 0.335362114906331 "2" 73 0.00135558139403619 15
1.60584276546423 0.0358228825648488 "2" 73 0.00135558139403619 15
1.21043938501585 0.0185470858452058 "2" 73 0.00135558139403619 15
1.35966722630328 -0.0311960591200791 "2" 73 0.00135558139403619 15
1.94135246310762 0.00209145484510804 "2" 73 0.00135558139403619 15
1.60379106359041 -0.339273611303337 "2" 73 0.00135558139403619 15
1.81568616379999 -0.0964906642440191 "2" 73 0.00135558139403619 15
1.8484368480357 -0.419382600045386 "2" 73 0.00135558139403619 15
1.46396201751254 -0.579650483202604 "2" 73 0.00135558139403619 15
-1.12127769348557 -1.20164682407378 "3" 73 0.00135558139403619 15
-0.911194867693009 -1.6793970603266 "3" 73 0.00135558139403619 15
-0.839349490336125 -2.15632985786349 "3" 73 0.00135558139403619 15
-1.29422561088962 -1.68014240103316 "3" 73 0.00135558139403619 15
-0.66798703277531 -1.80638946867394 "3" 73 0.00135558139403619 15
-0.776067793300976 -2.00954536338507 "3" 73 0.00135558139403619 15
-0.404542089451503 -1.95158012385244 "3" 73 0.00135558139403619 15
-0.511901188926473 -1.47041704143085 "3" 73 0.00135558139403619 15
-1.06969002279148 -2.06060125540945 "3" 73 0.00135558139403619 15
-0.78439104424524 -1.24541143251659 "3" 73 0.00135558139403619 15
1.42193133750748 0.523586332470318 "1" 84 0.00172197230920854 16
-0.00576246608352549 -1.65597944131428 "2" 84 0.00172197230920854 16
-0.14237105384488 -2.08663585858778 "2" 84 0.00172197230920854 16
0.253882267277989 -1.5268982914841 "2" 84 0.00172197230920854 16
-1.34495833834456 1.1202985819166 "3" 84 0.00172197230920854 16
0.277883268271308 -1.860396863876 "2" 84 0.00172197230920854 16
0.284336027533111 -1.21281439414437 "2" 84 0.00172197230920854 16
1.55597033419627 0.967721420685676 "1" 84 0.00172197230920854 16
-1.65824631749659 0.844939139870289 "3" 84 0.00172197230920854 16
-1.85840677358069 0.783039371823917 "3" 84 0.00172197230920854 16
1.34662978179236 0.860175722187419 "1" 84 0.00172197230920854 16
1.0836315217267 -0.0662855102594308 "1" 84 0.00172197230920854 16
-0.120609977189387 -1.22792085409411 "2" 84 0.00172197230920854 16
-1.30020660211792 1.1438796738456 "3" 84 0.00172197230920854 16
-0.0115073754532443 -1.30255488489618 "2" 84 0.00172197230920854 16
-1.25931192524541 1.45747348974774 "3" 84 0.00172197230920854 16
-1.48499664269294 0.677020787259647 "3" 84 0.00172197230920854 16
-0.127730179254019 -1.52941176526947 "2" 84 0.00172197230920854 16
-1.67602298953352 0.966863537928607 "3" 84 0.00172197230920854 16
0.294078188160804 -1.51603012708707 "2" 84 0.00172197230920854 16
0.894817516597364 0.351497350620417 "1" 84 0.00172197230920854 16
1.44957376002619 0.620306376776856 "1" 84 0.00172197230920854 16
1.07512322545957 0.21707957645868 "1" 84 0.00172197230920854 16
1.59549836353643 0.640551970948886 "1" 84 0.00172197230920854 16
-0.197378811748156 -1.58435852825181 "2" 84 0.00172197230920854 16
1.63464374557147 0.919484621615067 "1" 84 0.00172197230920854 16
1.59616513016912 0.743826503956586 "1" 84 0.00172197230920854 16
-1.47843699385018 0.687282903923964 "3" 84 0.00172197230920854 16
-0.906848896798273 1.10607536124211 "3" 84 0.00172197230920854 16
-1.19136912459285 0.938183795986234 "3" 84 0.00172197230920854 16
-1.47043526260524 0.909457693424704 "1" 149 0.00174483049912739 17
1.58206765175446 0.738653681245947 "3" 149 0.00174483049912739 17
-1.63138827244224 1.2209191365251 "1" 149 0.00174483049912739 17
-0.30513228408181 -0.980593872720398 "2" 149 0.00174483049912739 17
-1.2585462904887 1.10721314728368 "1" 149 0.00174483049912739 17
-1.57477771835514 0.917070049257161 "1" 149 0.00174483049912739 17
0.125321972870077 -1.40103727418529 "2" 149 0.00174483049912739 17
-0.271674212610393 -2.46840945607795 "2" 149 0.00174483049912739 17
-0.0144230853373861 -1.95495729096591 "2" 149 0.00174483049912739 17
-0.0618210198024273 -1.97265103057732 "2" 149 0.00174483049912739 17
1.55681812390546 0.906861900964226 "3" 149 0.00174483049912739 17
-0.18440650231478 -1.3575404543357 "2" 149 0.00174483049912739 17
1.43647416319228 0.462837291789009 "3" 149 0.00174483049912739 17
-1.65339055113596 0.798082867037696 "1" 149 0.00174483049912739 17
1.52641404254298 0.946766749337416 "3" 149 0.00174483049912739 17
0.140525394606355 -1.25289298125947 "2" 149 0.00174483049912739 17
1.86129639713083 0.898238751059306 "3" 149 0.00174483049912739 17
-1.30898575081799 0.951190321904842 "1" 149 0.00174483049912739 17
-0.394561576288741 -1.81462571752319 "2" 149 0.00174483049912739 17
1.65860544161023 0.280993260478301 "3" 149 0.00174483049912739 17
1.40102970159116 0.426102275515141 "3" 149 0.00174483049912739 17
1.93507745690846 0.703109474094679 "3" 149 0.00174483049912739 17
0.286438119371524 -1.06994482298058 "2" 149 0.00174483049912739 17
-1.66744223068988 0.831107474871927 "1" 149 0.00174483049912739 17
-1.44225904325599 0.473844600169229 "1" 149 0.00174483049912739 17
0.143124323930444 -1.25097493109466 "2" 149 0.00174483049912739 17
1.11675019521171 0.569280978039882 "3" 149 0.00174483049912739 17
-1.69340373503245 0.651916723152306 "1" 149 0.00174483049912739 17
1.5266102128447 1.0665648354946 "3" 149 0.00174483049912739 17
-1.36390566221154 0.663416620075316 "1" 149 0.00174483049912739 17
-1.17488613241619 0.807700564886135 "1" 79 0.00180373016646034 18
-1.50984326025014 0.895946797934469 "1" 79 0.00180373016646034 18
-1.54588430323413 0.632076214693595 "1" 79 0.00180373016646034 18
-1.8746950528384 1.08215604769485 "1" 79 0.00180373016646034 18
1.8201822244145 0.756811795861269 "2" 79 0.00180373016646034 18
1.44511251489964 0.933404982818724 "2" 79 0.00180373016646034 18
-0.253065124482409 -1.78201400517045 "3" 79 0.00180373016646034 18
-1.54955339677075 1.0545852920314 "1" 79 0.00180373016646034 18
-1.49642270056192 0.857089976232789 "1" 79 0.00180373016646034 18
-1.70097577053011 0.283804480254609 "1" 79 0.00180373016646034 18
1.78556578828328 0.977745610891365 "2" 79 0.00180373016646034 18
-0.27861355318302 -1.09568973316832 "3" 79 0.00180373016646034 18
1.37343091977637 0.0711977373729239 "2" 79 0.00180373016646034 18
-0.114863183717328 -2.2074896345578 "3" 79 0.00180373016646034 18
1.46487188720682 0.656090771792326 "2" 79 0.00180373016646034 18
-0.235344069848839 -1.37517796956638 "3" 79 0.00180373016646034 18
-1.58886600226625 0.739698743408964 "1" 79 0.00180373016646034 18
1.5786376313644 1.30900569898156 "2" 79 0.00180373016646034 18
1.75047944017446 0.669431503248423 "2" 79 0.00180373016646034 18
-1.16630082158787 0.424999428864108 "1" 79 0.00180373016646034 18
-0.130009077425464 -1.41963809695998 "3" 79 0.00180373016646034 18
-0.0254283954584103 -1.41195182210403 "3" 79 0.00180373016646034 18
0.204442896075655 -1.58462400577627 "3" 79 0.00180373016646034 18
1.5295870798581 0.854604687598058 "2" 79 0.00180373016646034 18
-1.31723071696385 0.764052134173602 "1" 79 0.00180373016646034 18
0.120291640489145 -1.76865861883541 "3" 79 0.00180373016646034 18
2.00936132890703 0.657207439464892 "2" 79 0.00180373016646034 18
-0.544645051542467 -1.14181316378204 "3" 79 0.00180373016646034 18
1.65141132576528 0.396243070397303 "2" 79 0.00180373016646034 18
-0.226748064137124 -1.03679592868068 "3" 79 0.00180373016646034 18
-1.13120183558709 0.468385999486208 "1" 85 0.00189893975553282 19
0.0224437647648184 -1.43422605596391 "3" 85 0.00189893975553282 19
0.349462742522477 -1.41529634224305 "3" 85 0.00189893975553282 19
1.34125358248092 0.590404036287488 "2" 85 0.00189893975553282 19
-1.4987065525625 0.380785690896317 "1" 85 0.00189893975553282 19
-0.102442382653282 -1.57657560829227 "3" 85 0.00189893975553282 19
1.14524293169077 0.514344369708189 "2" 85 0.00189893975553282 19
-0.345359695012235 -0.893288546965062 "3" 85 0.00189893975553282 19
1.77573446461862 0.713543284512111 "2" 85 0.00189893975553282 19
-0.0301121996621943 -1.51594344701186 "3" 85 0.00189893975553282 19
-1.27461028546418 0.701712473993394 "1" 85 0.00189893975553282 19
0.442979162540523 -1.40489307067264 "3" 85 0.00189893975553282 19
1.10983404064012 0.802700695865934 "2" 85 0.00189893975553282 19
0.128289247269465 -1.69585837170916 "3" 85 0.00189893975553282 19
1.2210206450377 0.489453960839381 "2" 85 0.00189893975553282 19
1.07831015689192 0.726454727009201 "2" 85 0.00189893975553282 19
1.50327905221093 1.01624406206639 "2" 85 0.00189893975553282 19
1.33714726110658 0.571372670074026 "2" 85 0.00189893975553282 19
0.151103483408852 -1.40117634844754 "3" 85 0.00189893975553282 19
-0.357441558752018 -1.45569246302332 "3" 85 0.00189893975553282 19
-0.872049546183423 0.961309629467284 "1" 85 0.00189893975553282 19
-1.48651995845187 0.816155508479949 "1" 85 0.00189893975553282 19
-1.08025889755556 0.242743534154235 "1" 85 0.00189893975553282 19
1.30662569912367 0.857387785436451 "2" 85 0.00189893975553282 19
1.29128966385945 0.654611099189751 "2" 85 0.00189893975553282 19
-1.24858268959315 0.629217129699734 "1" 85 0.00189893975553282 19
-0.114644766899573 -0.969996774099008 "3" 85 0.00189893975553282 19
-1.53106905197829 0.797094104931171 "1" 85 0.00189893975553282 19
-1.57434522429397 0.821983849248822 "1" 85 0.00189893975553282 19
-1.55667125351746 1.0070424170818 "1" 85 0.00189893975553282 19
0.791241261614694 1.30947242334927 "3" 125 0.00193000018503288 20
-1.2390498043461 0.647568748730708 "2" 125 0.00193000018503288 20
-1.48130047298172 0.743250594155132 "2" 125 0.00193000018503288 20
1.01648488445838 0.87413359289742 "3" 125 0.00193000018503288 20
1.21629318660592 0.766344540918747 "3" 125 0.00193000018503288 20
1.29380437127284 1.16918607989184 "3" 125 0.00193000018503288 20
-1.52379385455186 0.711684516028898 "2" 125 0.00193000018503288 20
-1.21887065256039 0.430513910021419 "2" 125 0.00193000018503288 20
-1.67498381705262 0.554082071918067 "2" 125 0.00193000018503288 20
0.197410629831379 -1.30889874834632 "1" 125 0.00193000018503288 20
0.188945657841749 -1.48505111979186 "1" 125 0.00193000018503288 20
0.753427714855639 0.881687424081031 "3" 125 0.00193000018503288 20
0.528185816006332 -1.53698942804861 "1" 125 0.00193000018503288 20
-1.77373490938631 0.625746978024124 "2" 125 0.00193000018503288 20
0.505867674137239 -1.43847981739314 "1" 125 0.00193000018503288 20
-1.21710521026188 0.235092672798084 "2" 125 0.00193000018503288 20
-1.82939159930762 0.532106217556697 "2" 125 0.00193000018503288 20
1.0645134892052 0.551894362336913 "3" 125 0.00193000018503288 20
0.391601685252347 -1.43833699321714 "1" 125 0.00193000018503288 20
0.554525660629005 -1.32751412272428 "1" 125 0.00193000018503288 20
-0.0442731511653191 -1.40621918137548 "1" 125 0.00193000018503288 20
1.21308059060323 0.634463897228228 "3" 125 0.00193000018503288 20
-0.203874624965958 -1.47402520265597 "1" 125 0.00193000018503288 20
0.849613345518351 1.27852085955214 "3" 125 0.00193000018503288 20
-1.33564890490202 0.596187818052912 "2" 125 0.00193000018503288 20
1.50700462269016 0.936721753025113 "3" 125 0.00193000018503288 20
-0.583492514112741 0.498812814737018 "2" 125 0.00193000018503288 20
0.488114421724185 -1.91571303863473 "1" 125 0.00193000018503288 20
0.488145127125884 -1.4661001008911 "1" 125 0.00193000018503288 20
1.07725937622199 0.819856477774874 "3" 125 0.00193000018503288 20
