"X1" "X2" "cl" "nbases" "wilks.lambda" ".sample"
1.33466056870669 -0.0338683351093744 "1" 92 0.000304717575426788 1
-0.523315160402564 1.57752295073625 "2" 92 0.000304717575426788 1
1.23002329680143 -0.0878503852346705 "1" 92 0.000304717575426788 1
-0.706148130571635 -1.57797107665989 "3" 92 0.000304717575426788 1
1.42362751074132 -0.0595917935454099 "1" 92 0.000304717575426788 1
1.62236404770283 -0.256310838885496 "1" 92 0.000304717575426788 1
-1.00640532676075 -1.73482611350598 "3" 92 0.000304717575426788 1
1.13385855107021 0.341555541329786 "1" 92 0.000304717575426788 1
-0.581705192179287 1.56527988818382 "2" 92 0.000304717575426788 1
-1.01624955749899 -1.53966074444566 "3" 92 0.000304717575426788 1
-1.00662675649637 -1.80651200349165 "3" 92 0.000304717575426788 1
-0.334898555300895 1.74838012465605 "2" 92 0.000304717575426788 1
-0.339600983515609 1.62297024606127 "2" 92 0.000304717575426788 1
-0.848879742309535 -1.72948467566639 "3" 92 0.000304717575426788 1
-0.587685087532907 1.55182837164169 "2" 92 0.000304717575426788 1
1.82507309733198 -0.186781833220493 "1" 92 0.000304717575426788 1
-0.947916665885348 -1.52934753467168 "3" 92 0.000304717575426788 1
-0.180504555366528 1.58674807037676 "2" 92 0.000304717575426788 1
-1.44954726669024 -1.51292221816804 "3" 92 0.000304717575426788 1
-0.831384628377884 -1.60580581593379 "3" 92 0.000304717575426788 1
-0.499521663044144 1.81486840711831 "2" 92 0.000304717575426788 1
1.54125958962778 -0.0166275613868876 "1" 92 0.000304717575426788 1
-1.19859276363224 -1.40523745257037 "3" 92 0.000304717575426788 1
1.5730419674086 -0.267156325832925 "1" 92 0.000304717575426788 1
1.48084693949324 0.0275132533484033 "1" 92 0.000304717575426788 1
-0.397294220873435 1.47847645563847 "2" 92 0.000304717575426788 1
-0.428156987449358 1.87713628110639 "2" 92 0.000304717575426788 1
-0.546909257131046 1.60354133241083 "2" 92 0.000304717575426788 1
1.78843205778094 -0.0651055562407879 "1" 92 0.000304717575426788 1
-1.52184512564625 -1.38076065803852 "3" 92 0.000304717575426788 1
1.52638946921556 1.77078017908334 "1" 129 0.000410362512862802 2
-2.07348116403313 0.175764098747205 "2" 129 0.000410362512862802 2
-1.52397649430227 0.805323543412933 "2" 129 0.000410362512862802 2
1.06603085922462 1.27888718602104 "1" 129 0.000410362512862802 2
1.06023824823154 -1.52315471758014 "3" 129 0.000410362512862802 2
-2.00465056797883 0.11668975600258 "2" 129 0.000410362512862802 2
-1.56362136255938 0.539642626229261 "2" 129 0.000410362512862802 2
0.680305986295987 -1.66022393438971 "3" 129 0.000410362512862802 2
-1.64208412693664 0.4957260928386 "2" 129 0.000410362512862802 2
0.816227974672303 1.22655759903503 "1" 129 0.000410362512862802 2
1.15023467730984 1.60668046573212 "1" 129 0.000410362512862802 2
0.746852554774591 -1.52181593841908 "3" 129 0.000410362512862802 2
0.534146247718557 1.18542067432131 "1" 129 0.000410362512862802 2
0.668012774329939 -1.72671678185389 "3" 129 0.000410362512862802 2
0.821779167092973 -1.86293846672 "3" 129 0.000410362512862802 2
-2.1462036737316 0.404358654017645 "2" 129 0.000410362512862802 2
1.00776572168965 1.55159321734989 "1" 129 0.000410362512862802 2
-2.09572552630302 -0.09448654305628 "2" 129 0.000410362512862802 2
1.09334673219176 1.23591460760628 "1" 129 0.000410362512862802 2
-1.88604691486679 0.121708376473188 "2" 129 0.000410362512862802 2
-1.4355590542042 0.577661034898358 "2" 129 0.000410362512862802 2
0.871056622836543 1.25415334188756 "1" 129 0.000410362512862802 2
0.490333328587701 -1.99691772001506 "3" 129 0.000410362512862802 2
-2.03178303334886 0.219386809254464 "2" 129 0.000410362512862802 2
1.50415893090862 1.36181042650742 "1" 129 0.000410362512862802 2
0.948885682260456 -1.70838472200472 "3" 129 0.000410362512862802 2
1.20831934008299 1.26885036091917 "1" 129 0.000410362512862802 2
0.782219976814893 -1.70392791082838 "3" 129 0.000410362512862802 2
0.765800707318569 -1.66986422111839 "3" 129 0.000410362512862802 2
0.661026916707635 -1.72847809435175 "3" 129 0.000410362512862802 2
0.479602772725972 1.38891123489489 "1" 84 0.000937041973803631 3
1.01551153511855 1.83297790269265 "1" 84 0.000937041973803631 3
0.83795925805535 1.28180848828941 "1" 84 0.000937041973803631 3
0.907001531855837 1.86629064627801 "1" 84 0.000937041973803631 3
0.948283065155976 1.8979608070607 "1" 84 0.000937041973803631 3
0.846037267550506 1.44998417387535 "1" 84 0.000937041973803631 3
0.686983848878818 1.32806293394737 "1" 84 0.000937041973803631 3
1.04328903392119 1.58386890550589 "1" 84 0.000937041973803631 3
0.424268734251168 1.63682596014379 "1" 84 0.000937041973803631 3
0.608383910099217 1.66967044739723 "1" 84 0.000937041973803631 3
0.834321007204024 -1.09101617455416 "2" 84 0.000937041973803631 3
0.788748742905149 -1.16717070144767 "2" 84 0.000937041973803631 3
1.3458443720874 -0.725854084100554 "2" 84 0.000937041973803631 3
0.908614348181392 -1.32459119707092 "2" 84 0.000937041973803631 3
1.34409398560509 -1.55882295239945 "2" 84 0.000937041973803631 3
0.909956643642592 -1.40344156983368 "2" 84 0.000937041973803631 3
1.24790725720882 -1.12057516908114 "2" 84 0.000937041973803631 3
0.68684057956297 -1.2782424499131 "2" 84 0.000937041973803631 3
1.04465174239873 -1.52012455175221 "2" 84 0.000937041973803631 3
1.2815623749585 -1.04075427222787 "2" 84 0.000937041973803631 3
-1.61259607362065 -0.0722097630034444 "3" 84 0.000937041973803631 3
-1.90857266944885 -0.20527754094225 "3" 84 0.000937041973803631 3
-1.77753134519063 -0.281267754726939 "3" 84 0.000937041973803631 3
-1.63180644838583 -0.70568970522643 "3" 84 0.000937041973803631 3
-1.91847001797078 -0.539019765533386 "3" 84 0.000937041973803631 3
-2.01928423863709 -0.491960345239433 "3" 84 0.000937041973803631 3
-2.07579166099873 -0.349950295606836 "3" 84 0.000937041973803631 3
-1.39999479792286 -0.484850914797568 "3" 84 0.000937041973803631 3
-2.20951956407522 -0.484134303719544 "3" 84 0.000937041973803631 3
-1.6362951951166 -0.0914079889086939 "3" 84 0.000937041973803631 3
0.687782395351804 -1.31290744879901 "1" 119 0.000441788176028893 4
0.702255601435158 -1.49766642725476 "1" 119 0.000441788176028893 4
1.32709695164529 1.42823186031136 "3" 119 0.000441788176028893 4
1.25721024837201 0.889288104537081 "3" 119 0.000441788176028893 4
0.489301713067885 -1.50269018708091 "1" 119 0.000441788176028893 4
-1.90805447569275 0.197544264994572 "2" 119 0.000441788176028893 4
-1.92156821089572 0.329849104062328 "2" 119 0.000441788176028893 4
1.36145283194332 1.40039696466795 "3" 119 0.000441788176028893 4
0.724779311809509 -1.2990564466536 "1" 119 0.000441788176028893 4
1.36195513493393 1.12576281063341 "3" 119 0.000441788176028893 4
-1.61773144423192 0.447440963786077 "2" 119 0.000441788176028893 4
1.3714023949509 0.904773792428133 "3" 119 0.000441788176028893 4
0.654758133575688 -1.59026998156147 "1" 119 0.000441788176028893 4
-1.98787927446722 0.222076107699012 "2" 119 0.000441788176028893 4
1.49437642728719 1.16504269292992 "3" 119 0.000441788176028893 4
0.99341573120861 1.36423990054905 "3" 119 0.000441788176028893 4
0.917560560045346 1.08150839886901 "3" 119 0.000441788176028893 4
0.431227221682488 -1.19768428577515 "1" 119 0.000441788176028893 4
0.486577398474615 -1.4944079038353 "1" 119 0.000441788176028893 4
-1.7485026761098 0.261727728808999 "2" 119 0.000441788176028893 4
-1.50621375215718 0.112579602637245 "2" 119 0.000441788176028893 4
-1.66853124021584 -0.121276542694434 "2" 119 0.000441788176028893 4
1.20255620510801 1.06982455304969 "3" 119 0.000441788176028893 4
1.11143225057393 1.65637436191744 "3" 119 0.000441788176028893 4
-1.95384325863934 0.374833707275308 "2" 119 0.000441788176028893 4
0.718363447148909 -1.15221097180577 "1" 119 0.000441788176028893 4
-1.67396887013816 0.113862314145343 "2" 119 0.000441788176028893 4
0.426342766299415 -1.52351264414596 "1" 119 0.000441788176028893 4
0.353781462561178 -1.49606890557352 "1" 119 0.000441788176028893 4
-2.08733498492723 0.0423945118779664 "2" 119 0.000441788176028893 4
0.649319886768745 -1.70283444964144 "2" 83 0.000445232332713458 5
-1.7366450687218 0.00153747709591916 "1" 83 0.000445232332713458 5
0.995656981710693 1.48553964585748 "3" 83 0.000445232332713458 5
0.529811582496762 -1.52950077068538 "2" 83 0.000445232332713458 5
0.742459218433491 -1.64972101529526 "2" 83 0.000445232332713458 5
-1.86867149159285 0.0491710353369024 "1" 83 0.000445232332713458 5
1.00040514135506 1.95513006070082 "3" 83 0.000445232332713458 5
-1.58113341746925 -0.457300586725716 "1" 83 0.000445232332713458 5
0.897670195152174 1.79449913043448 "3" 83 0.000445232332713458 5
0.606991156733744 -1.24194723465753 "2" 83 0.000445232332713458 5
0.315737435456504 -1.22034522727565 "2" 83 0.000445232332713458 5
-0.00940739483174831 -1.25318503690647 "2" 83 0.000445232332713458 5
-1.71342551177638 -0.272962950667413 "1" 83 0.000445232332713458 5
1.12758415895572 1.41744048536774 "3" 83 0.000445232332713458 5
0.647076964927806 -1.7187050675711 "2" 83 0.000445232332713458 5
-1.83422203402927 -0.0217581066282059 "1" 83 0.000445232332713458 5
1.33386117897129 1.37714382037047 "3" 83 0.000445232332713458 5
0.774450189087465 -1.27436094748801 "2" 83 0.000445232332713458 5
-1.76057778810944 -0.20400472038944 "1" 83 0.000445232332713458 5
1.33975887134378 1.27516777438291 "3" 83 0.000445232332713458 5
0.895160510005017 1.61680451105041 "3" 83 0.000445232332713458 5
-1.47253900027045 -0.0883666253400558 "1" 83 0.000445232332713458 5
1.27904890832345 1.49064102047139 "3" 83 0.000445232332713458 5
-1.5105405396032 -0.200892094367758 "1" 83 0.000445232332713458 5
1.34825810984723 1.27701456581134 "3" 83 0.000445232332713458 5
0.591804411923834 -1.34762006466534 "2" 83 0.000445232332713458 5
-1.99157160301837 0.286154786238576 "1" 83 0.000445232332713458 5
-1.59092068722641 -0.0313444567825259 "1" 83 0.000445232332713458 5
0.526371326585864 -1.23299380836104 "2" 83 0.000445232332713458 5
1.46822830857053 1.42159885032989 "3" 83 0.000445232332713458 5
-1.24433666870466 0.965589480179077 "1" 113 0.000501972858925813 6
-1.26267096808705 1.16850103142022 "1" 113 0.000501972858925813 6
-0.306993308822681 -1.19776607892013 "2" 113 0.000501972858925813 6
1.84546401005624 0.0990928816185288 "3" 113 0.000501972858925813 6
-0.476633486821435 -1.02568025289226 "2" 113 0.000501972858925813 6
1.9671409416571 0.392980230326704 "3" 113 0.000501972858925813 6
1.75659648993383 0.408230682841405 "3" 113 0.000501972858925813 6
-0.39512823391569 -1.35763153044771 "2" 113 0.000501972858925813 6
1.57041976276677 0.413317209520301 "3" 113 0.000501972858925813 6
-0.603549913353643 -1.42515445194898 "2" 113 0.000501972858925813 6
-1.08405390308255 1.36596197113048 "1" 113 0.000501972858925813 6
1.71608902126785 0.293752827479333 "3" 113 0.000501972858925813 6
-1.00619460856313 0.529216575040643 "1" 113 0.000501972858925813 6
1.84487648660439 0.336964224370064 "3" 113 0.000501972858925813 6
-0.459542633119538 -1.5155275332849 "2" 113 0.000501972858925813 6
-0.419163919070894 -1.51731689462102 "2" 113 0.000501972858925813 6
1.91071336259992 0.11969438894063 "3" 113 0.000501972858925813 6
1.78344607704648 0.0839568924621284 "3" 113 0.000501972858925813 6
-1.50852800305394 1.63225269488499 "1" 113 0.000501972858925813 6
1.65749339149574 0.187341211175478 "3" 113 0.000501972858925813 6
-1.27583261071345 1.10722982511951 "1" 113 0.000501972858925813 6
-0.267234677949003 -1.43984723902949 "2" 113 0.000501972858925813 6
-1.47342014463109 1.18449029661939 "1" 113 0.000501972858925813 6
-0.54438526514173 -1.28856786216679 "2" 113 0.000501972858925813 6
-1.41682136053252 1.02355201533375 "1" 113 0.000501972858925813 6
-0.778311908784461 -1.40875478919397 "2" 113 0.000501972858925813 6
-1.58517188159433 1.52625730024085 "1" 113 0.000501972858925813 6
1.73086226012652 -0.112065941496484 "3" 113 0.000501972858925813 6
-0.622756666251948 -1.41041213090259 "2" 113 0.000501972858925813 6
-1.05237164136111 0.860342966200817 "1" 113 0.000501972858925813 6
-0.158202913468355 1.35376089980503 "1" 100 0.000528706384120725 7
1.82492339298846 -0.577103036978883 "3" 100 0.000528706384120725 7
-1.62625935832654 -0.808118225617408 "2" 100 0.000528706384120725 7
1.7989811931528 -0.303426710226455 "3" 100 0.000528706384120725 7
1.72729911155634 -0.581399208657125 "3" 100 0.000528706384120725 7
1.73497566296895 -0.638491330980873 "3" 100 0.000528706384120725 7
1.83114213420171 -0.746039119144412 "3" 100 0.000528706384120725 7
-0.321036424577314 1.75124159948687 "1" 100 0.000528706384120725 7
-0.0238131804959263 1.63558222679902 "1" 100 0.000528706384120725 7
-1.73202931466609 -1.0483885747151 "2" 100 0.000528706384120725 7
0.0978578932751559 1.11807615670419 "1" 100 0.000528706384120725 7
-1.40247862223433 -1.69508211326438 "2" 100 0.000528706384120725 7
-1.23315703484879 -1.33868594358927 "2" 100 0.000528706384120725 7
-0.0774371821543214 1.76025966646836 "1" 100 0.000528706384120725 7
-1.61240711687173 -1.29399674679694 "2" 100 0.000528706384120725 7
-1.73240151978501 -1.21554011435752 "2" 100 0.000528706384120725 7
1.71668458670283 -0.306535250967946 "3" 100 0.000528706384120725 7
-1.48179882864365 -1.03098233916045 "2" 100 0.000528706384120725 7
1.7970905377233 -0.47871509471054 "3" 100 0.000528706384120725 7
-1.55240222882565 -1.15125121079038 "2" 100 0.000528706384120725 7
1.8562983054463 0.127952179332163 "3" 100 0.000528706384120725 7
1.70547137023115 -0.168676795889073 "3" 100 0.000528706384120725 7
-0.720349288911076 1.87872171990019 "1" 100 0.000528706384120725 7
1.44483694193557 -0.355938614907098 "3" 100 0.000528706384120725 7
-0.0704366345476408 1.68958928239942 "1" 100 0.000528706384120725 7
-1.67547627453629 -1.19266977873771 "2" 100 0.000528706384120725 7
-0.327165374196195 1.68787935637251 "1" 100 0.000528706384120725 7
-1.83535503785766 -1.08231892305868 "2" 100 0.000528706384120725 7
0.134860224047291 1.51409207073705 "1" 100 0.000528706384120725 7
-0.0882150192832989 1.49620397454543 "1" 100 0.000528706384120725 7
-1.81246024940246 -0.066059683496207 "3" 78 0.000533871545463963 8
-1.81188501469302 -0.24029347549019 "3" 78 0.000533871545463963 8
-1.61758496592952 0.136868425593841 "3" 78 0.000533871545463963 8
0.589133086572764 -1.47133647307172 "2" 78 0.000533871545463963 8
-1.94843663635805 -0.0134419297732367 "3" 78 0.000533871545463963 8
1.49307322867911 1.28495615490225 "1" 78 0.000533871545463963 8
0.809818659629254 -1.30660656149559 "2" 78 0.000533871545463963 8
1.05910687488263 -1.38508027361135 "2" 78 0.000533871545463963 8
0.760345037027829 1.65735198194173 "1" 78 0.000533871545463963 8
-1.48098805122495 -0.461968901643521 "3" 78 0.000533871545463963 8
0.97689371049666 1.34892741368609 "1" 78 0.000533871545463963 8
0.466117893555307 -1.36439469968988 "2" 78 0.000533871545463963 8
0.329092704124137 -1.58729801493307 "2" 78 0.000533871545463963 8
1.2485226393412 1.49319298491587 "1" 78 0.000533871545463963 8
-1.66412725488494 -0.353264645662403 "3" 78 0.000533871545463963 8
-1.62277908350069 0.172047349420484 "3" 78 0.000533871545463963 8
0.870068424550702 1.31697156150446 "1" 78 0.000533871545463963 8
0.759770130545248 1.47479477690964 "1" 78 0.000533871545463963 8
1.08688574411852 1.38880414282965 "1" 78 0.000533871545463963 8
0.617205083500994 -1.12453396662334 "2" 78 0.000533871545463963 8
-1.62501685858117 0.302671407091355 "3" 78 0.000533871545463963 8
-1.678665278727 0.0855623814582084 "3" 78 0.000533871545463963 8
0.876472932818562 1.66175952279115 "1" 78 0.000533871545463963 8
-1.45760245451642 -0.282791245428815 "3" 78 0.000533871545463963 8
0.619512309025515 -1.58174316678874 "2" 78 0.000533871545463963 8
0.641780356887556 -1.41553046623024 "2" 78 0.000533871545463963 8
0.825342886788556 -1.58375866405839 "2" 78 0.000533871545463963 8
0.693111481559192 -1.3555455887669 "2" 78 0.000533871545463963 8
1.02013257103285 1.70465251417619 "1" 78 0.000533871545463963 8
0.977160092681634 1.56508713954267 "1" 78 0.000533871545463963 8
0.841632475086319 1.26994254163388 "1" 109 0.000537451790856644 9
0.674648301098573 1.63008078643312 "1" 109 0.000537451790856644 9
-1.77549406045438 -0.435348324609734 "3" 109 0.000537451790856644 9
0.463587135361335 1.55393046543718 "1" 109 0.000537451790856644 9
-1.90067894400812 -0.480783971522957 "3" 109 0.000537451790856644 9
0.499903873255197 1.43934833028289 "1" 109 0.000537451790856644 9
1.25182995306202 -1.38830056984378 "2" 109 0.000537451790856644 9
1.42706307528161 -1.05957306786842 "2" 109 0.000537451790856644 9
0.143038512001857 1.09249779910441 "1" 109 0.000537451790856644 9
-1.81377871594457 -0.180530542417354 "3" 109 0.000537451790856644 9
0.528194720238657 1.02989205001623 "1" 109 0.000537451790856644 9
1.20333618834966 -1.0487800945237 "2" 109 0.000537451790856644 9
-1.47067254583686 0.131556988366464 "3" 109 0.000537451790856644 9
-1.85456086015852 -0.453017346962621 "3" 109 0.000537451790856644 9
1.40986605935301 -1.4122565410215 "2" 109 0.000537451790856644 9
-1.82260536156253 -0.0588514216791548 "3" 109 0.000537451790856644 9
1.38260577874791 -0.711314454346374 "2" 109 0.000537451790856644 9
0.590806993887793 1.35584695569764 "1" 109 0.000537451790856644 9
-1.67577371494388 -0.409301436361756 "3" 109 0.000537451790856644 9
1.32666971072711 -1.38237289946787 "2" 109 0.000537451790856644 9
0.496093038940418 1.51106810495424 "1" 109 0.000537451790856644 9
1.36526888610544 -0.649539012154337 "2" 109 0.000537451790856644 9
1.31297832542093 -1.01515316376469 "2" 109 0.000537451790856644 9
1.38599556453792 -1.06166860322332 "2" 109 0.000537451790856644 9
-2.1066644955788 -0.426984356402883 "3" 109 0.000537451790856644 9
0.190097575130503 1.27647752459451 "1" 109 0.000537451790856644 9
1.18909238371548 -1.27616743241263 "2" 109 0.000537451790856644 9
0.267474419365831 1.41159327961373 "1" 109 0.000537451790856644 9
-1.70155824413801 -0.218943192878205 "3" 109 0.000537451790856644 9
-1.8283960270419 -0.0333483946730039 "3" 109 0.000537451790856644 9
-1.57046882440124 -0.502372144462037 "1" 118 0.000542996805130262 10
-1.67862462375181 -0.339736594559784 "1" 118 0.000542996805130262 10
1.18994334216589 -0.953394905775138 "3" 118 0.000542996805130262 10
0.429119360528079 1.13199910594066 "2" 118 0.000542996805130262 10
0.560124353887529 1.55865911394048 "2" 118 0.000542996805130262 10
0.317854551769023 1.62542899743534 "2" 118 0.000542996805130262 10
1.24893537521963 -0.873949946637607 "3" 118 0.000542996805130262 10
0.606198450658282 1.33776494956334 "2" 118 0.000542996805130262 10
1.15563442369714 -0.485194535447282 "3" 118 0.000542996805130262 10
0.475521253990824 1.68017358044806 "2" 118 0.000542996805130262 10
1.10228333965469 0.0087127566930873 "3" 118 0.000542996805130262 10
0.240702835477763 1.35722273747867 "2" 118 0.000542996805130262 10
1.48704621103974 -0.853456280297139 "3" 118 0.000542996805130262 10
0.441245855287519 1.57076996257631 "2" 118 0.000542996805130262 10
1.35351423811628 -0.916989625226763 "3" 118 0.000542996805130262 10
-1.69177219006815 -0.571365393496646 "1" 118 0.000542996805130262 10
0.611012950376925 1.39486185562505 "2" 118 0.000542996805130262 10
1.36833640441406 -1.02606908653296 "3" 118 0.000542996805130262 10
1.22180739323478 -0.999616594579106 "3" 118 0.000542996805130262 10
-1.84853685563788 -0.843125743480268 "1" 118 0.000542996805130262 10
-1.48612914210202 -0.655209050311451 "1" 118 0.000542996805130262 10
1.31560049544289 -1.17206383043841 "3" 118 0.000542996805130262 10
1.16427012916464 -1.08616126394326 "3" 118 0.000542996805130262 10
-1.96312884473147 -0.827043988471319 "1" 118 0.000542996805130262 10
-1.78529496654189 -0.439863076782113 "1" 118 0.000542996805130262 10
-1.93755878974387 -0.513353194539038 "1" 118 0.000542996805130262 10
0.560408149115529 1.07172318084585 "2" 118 0.000542996805130262 10
0.571883706502113 1.65329861514194 "2" 118 0.000542996805130262 10
-1.83348694142669 -0.753872887107551 "1" 118 0.000542996805130262 10
-1.6264416413383 -0.577776713600906 "1" 118 0.000542996805130262 10
1.76019727289007 -0.875884343038458 "3" 136 0.000557410412518493 11
1.39203946374024 -0.722814233328046 "3" 136 0.000557410412518493 11
-1.36251059146985 -1.25057804076036 "2" 136 0.000557410412518493 11
1.78277334173629 -1.06886759806078 "3" 136 0.000557410412518493 11
-1.57088480624862 -1.11226773003852 "2" 136 0.000557410412518493 11
0.134789650267915 1.74640419743374 "1" 136 0.000557410412518493 11
0.305712784789366 1.80471351438931 "1" 136 0.000557410412518493 11
0.093419727362914 1.8452701399068 "1" 136 0.000557410412518493 11
-1.20327492830897 -1.01225110186144 "2" 136 0.000557410412518493 11
-1.86013736316278 -0.909814359367336 "2" 136 0.000557410412518493 11
-1.21780589043943 -0.992034298958446 "2" 136 0.000557410412518493 11
0.317411820166556 1.70957202641651 "1" 136 0.000557410412518493 11
0.884886314824527 -0.851169019560146 "3" 136 0.000557410412518493 11
0.376990005659268 1.61836644145382 "1" 136 0.000557410412518493 11
1.47568616419431 -0.62351753813684 "3" 136 0.000557410412518493 11
1.06148197312058 -0.837060837553089 "3" 136 0.000557410412518493 11
0.688714738076569 -0.600571270649267 "3" 136 0.000557410412518493 11
-1.44718319324114 -0.871801699669615 "2" 136 0.000557410412518493 11
1.60676079979971 -0.973671702081086 "3" 136 0.000557410412518493 11
-1.42473884222284 -1.12369214188615 "2" 136 0.000557410412518493 11
-0.0386555733673875 1.78203508013396 "1" 136 0.000557410412518493 11
-0.22196479242527 1.82394002350158 "1" 136 0.000557410412518493 11
1.07391944048323 -0.969602829333615 "3" 136 0.000557410412518493 11
1.62232363643135 -0.824173772604442 "3" 136 0.000557410412518493 11
0.0983798523907965 2.05192883057777 "1" 136 0.000557410412518493 11
-1.01639168164061 -0.995701060501431 "2" 136 0.000557410412518493 11
0.289656707985754 1.91532495242848 "1" 136 0.000557410412518493 11
-1.62970194015733 -0.9615495543345 "2" 136 0.000557410412518493 11
-1.60869167042184 -0.688141927129136 "2" 136 0.000557410412518493 11
-0.363202420813376 1.96760985261072 "1" 136 0.000557410412518493 11
1.64093441068432 0.0309047425247966 "2" 87 0.000582413739656652 12
-1.42713360734397 1.4274903841891 "1" 87 0.000582413739656652 12
-1.8135610765543 1.47868553895371 "1" 87 0.000582413739656652 12
0.241017141694884 -1.28590361571612 "3" 87 0.000582413739656652 12
1.783397556227 0.352833497109284 "2" 87 0.000582413739656652 12
-1.79141561678841 0.850031846272383 "1" 87 0.000582413739656652 12
-0.164498047366556 -1.12396068667041 "3" 87 0.000582413739656652 12
1.68633095515032 0.206400211102906 "2" 87 0.000582413739656652 12
1.54182007728485 0.348253384581651 "2" 87 0.000582413739656652 12
-1.42730767995852 1.22386109284655 "1" 87 0.000582413739656652 12
-1.37103192203322 1.4835138935152 "1" 87 0.000582413739656652 12
-0.0625229367848677 -1.19296517718763 "3" 87 0.000582413739656652 12
-0.0797885071988043 -1.53132393780398 "3" 87 0.000582413739656652 12
1.84531521300721 0.10880714322437 "2" 87 0.000582413739656652 12
2.19400841719669 0.345701615436025 "2" 87 0.000582413739656652 12
-0.459170200410629 -1.62593865667037 "3" 87 0.000582413739656652 12
-1.6916541708175 1.28592285127433 "1" 87 0.000582413739656652 12
2.04535941635577 0.385735484702839 "2" 87 0.000582413739656652 12
1.63236497065886 0.128524059867547 "2" 87 0.000582413739656652 12
-0.207361769558738 -1.98172374802551 "3" 87 0.000582413739656652 12
-1.6790151187517 1.21307135937285 "1" 87 0.000582413739656652 12
-0.10723628756663 -1.3045524299002 "3" 87 0.000582413739656652 12
-0.402050818560438 -1.72886461970714 "3" 87 0.000582413739656652 12
-0.511901252611871 -2.17640523329108 "3" 87 0.000582413739656652 12
-1.63023573395623 1.21729381183322 "1" 87 0.000582413739656652 12
-0.230048965013952 -1.68044488023421 "3" 87 0.000582413739656652 12
-1.55036837057027 1.3036150278989 "1" 87 0.000582413739656652 12
1.69935287981675 -0.0345929667659514 "2" 87 0.000582413739656652 12
-1.75166695032813 1.48524005632713 "1" 87 0.000582413739656652 12
2.04806799409808 0.790789950939802 "2" 87 0.000582413739656652 12
0.236422111696386 1.31023474930231 "3" 81 0.000592503445163627 13
0.431288197657806 1.65428144094444 "3" 81 0.000592503445163627 13
-1.59703490009425 -0.218651522076293 "2" 81 0.000592503445163627 13
-1.76565951612527 -0.14626895906354 "2" 81 0.000592503445163627 13
1.17070561340708 -1.36489819373558 "1" 81 0.000592503445163627 13
1.41828792746381 -1.54600095799908 "1" 81 0.000592503445163627 13
0.0245777202541909 1.54983135969272 "3" 81 0.000592503445163627 13
0.235289400059544 1.54503002084075 "3" 81 0.000592503445163627 13
1.9287095406002 -1.21068667859801 "1" 81 0.000592503445163627 13
1.80895761345135 -1.13280867168415 "1" 81 0.000592503445163627 13
-1.99841107360044 -0.219687562428197 "2" 81 0.000592503445163627 13
0.516199470478942 1.74065419984782 "3" 81 0.000592503445163627 13
-1.72742022462674 -0.406466151738762 "2" 81 0.000592503445163627 13
-1.88630135055264 0.00917606962103106 "2" 81 0.000592503445163627 13
-2.00243864871986 0.129086296983211 "2" 81 0.000592503445163627 13
-1.79648974611973 -0.544848568438484 "2" 81 0.000592503445163627 13
1.04457469766212 -1.67747092174104 "1" 81 0.000592503445163627 13
0.289564462435783 1.46106651857461 "3" 81 0.000592503445163627 13
1.6825643293241 -0.984296452781979 "1" 81 0.000592503445163627 13
-1.85645708927254 -0.301237222083216 "2" 81 0.000592503445163627 13
0.750883834705646 1.69448981657931 "3" 81 0.000592503445163627 13
1.30537933741924 -1.42480939648682 "1" 81 0.000592503445163627 13
0.36016713328815 1.26021676729969 "3" 81 0.000592503445163627 13
-2.19979851342073 0.133220451417663 "2" 81 0.000592503445163627 13
1.73345852827895 -1.1085553157462 "1" 81 0.000592503445163627 13
0.259380212774807 1.50167605763744 "3" 81 0.000592503445163627 13
1.46510950576386 -1.49797756570124 "1" 81 0.000592503445163627 13
-2.01592139089896 -0.111589592102451 "2" 81 0.000592503445163627 13
1.64416967032671 -1.56317636547443 "1" 81 0.000592503445163627 13
0.540243146382487 1.4704663491385 "3" 81 0.000592503445163627 13
-0.71635409959688 1.19520465552157 "2" 88 0.000610315029573539 14
-0.98867904938326 1.29640266044028 "2" 88 0.000610315029573539 14
-1.26941250702104 -1.46297050741394 "3" 88 0.000610315029573539 14
-0.826518358354029 1.28524435766064 "2" 88 0.000610315029573539 14
1.82370517423216 0.465969969955153 "1" 88 0.000610315029573539 14
1.8351958945229 0.24145374540503 "1" 88 0.000610315029573539 14
-1.25260771419878 -1.75687091199726 "3" 88 0.000610315029573539 14
1.51064444118923 0.540188606878174 "1" 88 0.000610315029573539 14
1.54927408073608 0.455529536913636 "1" 88 0.000610315029573539 14
-0.763400786783472 1.51357285099532 "2" 88 0.000610315029573539 14
-0.635406085007907 1.15833194787474 "2" 88 0.000610315029573539 14
-0.440308966422552 0.99178334278628 "2" 88 0.000610315029573539 14
-0.260675890612312 0.871253262849365 "2" 88 0.000610315029573539 14
1.65336936376204 0.00138956491423245 "1" 88 0.000610315029573539 14
-0.960958965875877 -1.36610602503599 "3" 88 0.000610315029573539 14
-0.768227302917976 1.29884710196458 "2" 88 0.000610315029573539 14
2.16769811607673 -0.0163782385896232 "1" 88 0.000610315029573539 14
-0.783124123936175 -1.70760890697419 "3" 88 0.000610315029573539 14
-1.1464633861068 -1.38223325604285 "3" 88 0.000610315029573539 14
1.82156584325133 0.504205014141894 "1" 88 0.000610315029573539 14
-1.02221592407989 -1.65682571964169 "3" 88 0.000610315029573539 14
-0.903331740529697 -1.82500579788593 "3" 88 0.000610315029573539 14
-0.765631388849158 -1.43826399805337 "3" 88 0.000610315029573539 14
1.83729282132967 0.459721752607747 "1" 88 0.000610315029573539 14
1.64988195674072 0.23673783945589 "1" 88 0.000610315029573539 14
1.63628828185645 0.504121091794126 "1" 88 0.000610315029573539 14
-1.11683953384064 1.26126189965612 "2" 88 0.000610315029573539 14
-1.41393605313175 -1.30179090192838 "3" 88 0.000610315029573539 14
-1.0502264714526 -1.7024950565933 "3" 88 0.000610315029573539 14
-0.40059762559653 1.33533011834174 "2" 88 0.000610315029573539 14
-0.698794284159162 1.68950404133195 "3" 88 0.000634213466600687 15
1.80327328191784 -0.0806251719770985 "1" 88 0.000634213466600687 15
1.93019694550634 0.351379582034114 "1" 88 0.000634213466600687 15
2.04409191188136 0.389143962754685 "1" 88 0.000634213466600687 15
-0.952488696368448 -1.37159222318155 "2" 88 0.000634213466600687 15
-1.13072942897595 -1.46365432060593 "2" 88 0.000634213466600687 15
-0.808435506253551 -1.32639352654094 "2" 88 0.000634213466600687 15
-0.828474979380608 -1.14690134712038 "2" 88 0.000634213466600687 15
-1.05795232060926 1.31825086602809 "3" 88 0.000634213466600687 15
-1.11721205018208 -1.24789252226098 "2" 88 0.000634213466600687 15
-0.883099544829411 0.836738698397954 "3" 88 0.000634213466600687 15
2.07310327405334 -0.0660349475083086 "1" 88 0.000634213466600687 15
-1.03529687568014 0.435405286186853 "3" 88 0.000634213466600687 15
1.91967200089111 0.373815400825898 "1" 88 0.000634213466600687 15
2.00404002963357 -0.24218111984258 "1" 88 0.000634213466600687 15
-0.873864493569345 1.46262571330256 "3" 88 0.000634213466600687 15
-0.763678642205708 1.30406277901131 "3" 88 0.000634213466600687 15
-0.93412229923456 -1.11139298406754 "2" 88 0.000634213466600687 15
-1.11358472447101 -1.11876478748005 "2" 88 0.000634213466600687 15
-1.09184960024587 -1.7459284861713 "2" 88 0.000634213466600687 15
-1.20398678742045 -1.51167627935362 "2" 88 0.000634213466600687 15
1.48378543358019 -0.148355119886757 "1" 88 0.000634213466600687 15
-0.894633558363173 1.14007237056769 "3" 88 0.000634213466600687 15
1.95297677497821 0.442626489712654 "1" 88 0.000634213466600687 15
1.83889449400312 -0.269425382007862 "1" 88 0.000634213466600687 15
-0.816023733030966 1.72584889429494 "3" 88 0.000634213466600687 15
-1.12291109086176 -1.2461630228923 "2" 88 0.000634213466600687 15
1.77175348347307 0.220951847179176 "1" 88 0.000634213466600687 15
-0.696867319846031 1.33090070931176 "3" 88 0.000634213466600687 15
-0.797781694230674 1.07565459995757 "3" 88 0.000634213466600687 15
0.56758602298785 -1.82796903877589 "3" 77 0.000656468665311409 16
-1.61345148157268 0.441977580255454 "2" 77 0.000656468665311409 16
1.1808351186743 1.52146651491323 "1" 77 0.000656468665311409 16
1.1587772190161 1.61098213142292 "1" 77 0.000656468665311409 16
-1.51105446565662 0.344892347319183 "2" 77 0.000656468665311409 16
0.928095634832972 1.62873786613134 "1" 77 0.000656468665311409 16
-1.48898974054161 0.590100262120908 "2" 77 0.000656468665311409 16
0.6636671064181 -1.68418077248815 "3" 77 0.000656468665311409 16
1.11780671017814 1.15116176589685 "1" 77 0.000656468665311409 16
0.603273321178745 -1.85423723387248 "3" 77 0.000656468665311409 16
0.707061361739574 1.35184789138778 "1" 77 0.000656468665311409 16
1.5212458336759 0.97154431979738 "1" 77 0.000656468665311409 16
1.52330102185624 0.950960963751192 "1" 77 0.000656468665311409 16
1.21158060150272 1.72702655956953 "1" 77 0.000656468665311409 16
0.272092985350417 -1.77180062358086 "3" 77 0.000656468665311409 16
-1.94683226849153 0.5784293899941 "2" 77 0.000656468665311409 16
1.71982696951216 1.4823007255796 "1" 77 0.000656468665311409 16
-2.18308707018319 0.376605384413949 "2" 77 0.000656468665311409 16
-1.63271409306813 0.0694631344287446 "2" 77 0.000656468665311409 16
0.155601649399261 -1.63319690885742 "3" 77 0.000656468665311409 16
0.134562267595377 -1.60333090601527 "3" 77 0.000656468665311409 16
0.420376156864303 -1.85366387789465 "3" 77 0.000656468665311409 16
-1.58607889711952 0.220693636354516 "2" 77 0.000656468665311409 16
-1.59415750091541 0.48136292969537 "2" 77 0.000656468665311409 16
0.223415489325058 -1.79071859845807 "3" 77 0.000656468665311409 16
0.700890245895505 -2.08553652251605 "3" 77 0.000656468665311409 16
0.737623980035152 -1.72452998736674 "3" 77 0.000656468665311409 16
1.28409640008269 1.46468974276165 "1" 77 0.000656468665311409 16
-1.59884836976801 0.489833407057012 "2" 77 0.000656468665311409 16
-1.67650220880385 0.375087916974877 "2" 77 0.000656468665311409 16
0.315088856046475 -1.5427913551322 "2" 129 0.000674200151787564 17
1.82715936012246 1.10687828609437 "3" 129 0.000674200151787564 17
1.71571185953366 0.801846555963863 "3" 129 0.000674200151787564 17
-1.94477808122736 0.847943122270086 "1" 129 0.000674200151787564 17
-2.07926694823828 -0.261628322913628 "1" 129 0.000674200151787564 17
0.505797148338508 -1.40746999059441 "2" 129 0.000674200151787564 17
-2.36727914143107 -0.425186534410423 "1" 129 0.000674200151787564 17
1.71480636759254 0.813785475782123 "3" 129 0.000674200151787564 17
-2.1676947784971 0.320919600787417 "1" 129 0.000674200151787564 17
0.242097419352584 -1.29147977357554 "2" 129 0.000674200151787564 17
0.424115978345438 -0.993545148660487 "2" 129 0.000674200151787564 17
0.440054292732063 -1.51978990382606 "2" 129 0.000674200151787564 17
0.339340854738833 -0.892473878857664 "2" 129 0.000674200151787564 17
-2.23121572068591 0.145866354126457 "1" 129 0.000674200151787564 17
1.40762503834742 1.41946903283796 "3" 129 0.000674200151787564 17
1.51104213516635 1.27910769480707 "3" 129 0.000674200151787564 17
-2.06760288067782 0.664664748698032 "1" 129 0.000674200151787564 17
0.405413922378664 -0.775581633961772 "2" 129 0.000674200151787564 17
1.62888848123228 1.03529366760998 "3" 129 0.000674200151787564 17
1.99190959352304 0.771415800780829 "3" 129 0.000674200151787564 17
-1.97346473729604 0.230006976796446 "1" 129 0.000674200151787564 17
1.76138210487564 0.827838946042125 "3" 129 0.000674200151787564 17
0.619398355752258 -1.46081991581018 "2" 129 0.000674200151787564 17
-2.13200632484836 0.239883073204967 "1" 129 0.000674200151787564 17
0.464450123499619 -1.20054300719057 "2" 129 0.000674200151787564 17
1.61078320562974 0.649042108498658 "3" 129 0.000674200151787564 17
1.79470044385274 0.624820168238267 "3" 129 0.000674200151787564 17
-2.03078025572696 0.342743610241045 "1" 129 0.000674200151787564 17
0.405368437959116 -1.09864065038604 "2" 129 0.000674200151787564 17
-2.13104511039054 0.74842489253928 "1" 129 0.000674200151787564 17
-0.551402338007064 -1.34326998942861 "2" 96 0.00071649922811846 18
-0.539596833491935 -1.39943815542191 "2" 96 0.00071649922811846 18
1.73388682010573 -0.123624320935478 "1" 96 0.00071649922811846 18
-1.12878791354801 1.45529809585981 "3" 96 0.00071649922811846 18
1.98363988862141 -0.111256587372625 "1" 96 0.00071649922811846 18
2.03469529314463 0.178307403607473 "1" 96 0.00071649922811846 18
-0.750028716187605 -1.34292595895617 "2" 96 0.00071649922811846 18
-0.868054879651666 1.29768103908616 "3" 96 0.00071649922811846 18
1.43177172663878 0.341699080467625 "1" 96 0.00071649922811846 18
1.74880545201162 0.0567359562343869 "1" 96 0.00071649922811846 18
-0.962841870103331 -1.43166769410656 "2" 96 0.00071649922811846 18
1.61684054835524 0.0947446653829373 "1" 96 0.00071649922811846 18
-1.03095766642256 1.26579255531159 "3" 96 0.00071649922811846 18
-1.00889965802679 -1.46554602499992 "2" 96 0.00071649922811846 18
-1.6435895753683 1.41663940081272 "3" 96 0.00071649922811846 18
-1.10376587298486 1.87250731006675 "3" 96 0.00071649922811846 18
-0.426577828130026 -1.82846813805048 "2" 96 0.00071649922811846 18
-0.843233691047728 -1.34041758206194 "2" 96 0.00071649922811846 18
-0.488600227451477 -1.35927794170763 "2" 96 0.00071649922811846 18
-0.334077182275676 -1.90638337356459 "2" 96 0.00071649922811846 18
-1.22342791694848 1.09158175592828 "3" 96 0.00071649922811846 18
-0.629737613900396 -1.6873645896694 "2" 96 0.00071649922811846 18
2.25405554631823 -0.098285778968175 "1" 96 0.00071649922811846 18
-1.17538116207174 1.51968290258706 "3" 96 0.00071649922811846 18
2.11954577816481 0.292357385710219 "1" 96 0.00071649922811846 18
1.63406878586755 0.355122440284811 "1" 96 0.00071649922811846 18
-1.42123463808027 1.73799342379877 "3" 96 0.00071649922811846 18
-1.31490408529725 1.2063013038989 "3" 96 0.00071649922811846 18
1.94301272754303 -0.156939466638158 "1" 96 0.00071649922811846 18
-1.05522289777587 1.41242088284415 "3" 96 0.00071649922811846 18
-1.30195206402145 -1.30996128397951 "2" 97 0.000774417425895236 19
-1.19302668726257 -1.46596178271398 "2" 97 0.000774417425895236 19
-0.210985973051834 1.67852082781186 "1" 97 0.000774417425895236 19
1.00548280789333 -0.231655203711899 "3" 97 0.000774417425895236 19
1.49125994385352 -0.593583768629896 "3" 97 0.000774417425895236 19
0.137438570694698 1.77325237200414 "1" 97 0.000774417425895236 19
0.240595097573719 1.33652565096703 "1" 97 0.000774417425895236 19
-1.61021820722172 -1.26570628337057 "2" 97 0.000774417425895236 19
0.396188662389867 1.55257470472304 "1" 97 0.000774417425895236 19
0.101492993162706 1.83323114866884 "1" 97 0.000774417425895236 19
-1.65087907696116 -1.21107807495375 "2" 97 0.000774417425895236 19
1.14582659381314 -0.330566754978786 "3" 97 0.000774417425895236 19
-2.04871085470713 -0.389741597706103 "2" 97 0.000774417425895236 19
-1.45654876485159 -1.12897860149208 "2" 97 0.000774417425895236 19
0.552181300330033 1.32965295092777 "1" 97 0.000774417425895236 19
1.61940066009323 -0.631284874638019 "3" 97 0.000774417425895236 19
0.00459569607661184 2.0945769907121 "1" 97 0.000774417425895236 19
-1.77566137896776 -1.27638689562304 "2" 97 0.000774417425895236 19
0.219496651391091 1.73087113996142 "1" 97 0.000774417425895236 19
-1.71712956861576 -0.903865590859567 "2" 97 0.000774417425895236 19
1.58341702840235 -0.66711529471802 "3" 97 0.000774417425895236 19
1.22649322842612 -0.462315487058256 "3" 97 0.000774417425895236 19
1.33899566791619 -0.567141045465396 "3" 97 0.000774417425895236 19
-1.98940344411555 -1.10652183248115 "2" 97 0.000774417425895236 19
1.90088409056457 -0.769657229447005 "3" 97 0.000774417425895236 19
0.705446885578691 1.36826826193955 "1" 97 0.000774417425895236 19
0.173639397740222 1.71105471135183 "1" 97 0.000774417425895236 19
1.61606584513151 -0.800546469704988 "3" 97 0.000774417425895236 19
-1.58416324705118 -0.943399495401287 "2" 97 0.000774417425895236 19
1.07977814579612 -0.353061192134279 "3" 97 0.000774417425895236 19
-1.60995155635896 -0.214831258086908 "1" 107 0.000786298848400979 20
-1.6951604728003 -0.629248137981791 "1" 107 0.000786298848400979 20
0.720525553326786 -0.917048855707518 "2" 107 0.000786298848400979 20
-1.80178864672819 -0.476093638434281 "1" 107 0.000786298848400979 20
-1.78296757821328 -0.38444325484201 "1" 107 0.000786298848400979 20
0.592271721981866 -0.7997227669795 "2" 107 0.000786298848400979 20
0.809141714320765 1.58941818480488 "3" 107 0.000786298848400979 20
-1.63453432563609 -0.428295542727418 "1" 107 0.000786298848400979 20
-1.8626527938245 -0.0507197752372735 "1" 107 0.000786298848400979 20
0.602381450865002 1.6266436471503 "3" 107 0.000786298848400979 20
0.646317187668342 1.48510236732055 "3" 107 0.000786298848400979 20
0.919072523425402 1.02172176589524 "3" 107 0.000786298848400979 20
-1.36905948722681 -0.682123185695102 "1" 107 0.000786298848400979 20
0.745905149684164 1.38855225650553 "3" 107 0.000786298848400979 20
0.900814536181152 1.6108742426397 "3" 107 0.000786298848400979 20
-1.62203583138121 -0.394421253598747 "1" 107 0.000786298848400979 20
0.72874756731798 1.60377324368013 "3" 107 0.000786298848400979 20
0.904068326066239 -0.952442471747891 "2" 107 0.000786298848400979 20
0.993446406327095 -0.936708808370603 "2" 107 0.000786298848400979 20
1.2564077399865 -1.23656644687639 "2" 107 0.000786298848400979 20
0.547980736093265 -0.933604596000771 "2" 107 0.000786298848400979 20
0.833056839019875 1.49782243858041 "3" 107 0.000786298848400979 20
0.856645551006097 -1.58016313192854 "2" 107 0.000786298848400979 20
0.934177196118513 -0.933644197659634 "2" 107 0.000786298848400979 20
-1.54539338266608 -0.207896388861504 "1" 107 0.000786298848400979 20
0.665653949927308 -1.01747834364024 "2" 107 0.000786298848400979 20
0.739772083231684 1.27747888763402 "3" 107 0.000786298848400979 20
0.626125973293076 -0.695360639178177 "2" 107 0.000786298848400979 20
-1.25306211954482 -0.703921426712673 "1" 107 0.000786298848400979 20
1.15409398853914 1.07334708605621 "3" 107 0.000786298848400979 20
