"X1" "X2" "cl" "nbases" "wilks.lambda" ".sample"
0.405620532451963 0.958748577256677 "3" 42 0.287666782663914 1
1.2126323735463 2.21712861484351 "1" 42 0.287666782663914 1
-0.220697700949775 1.85456687566037 "1" 42 0.287666782663914 1
1.32029436522285 0.346996860138281 "3" 42 0.287666782663914 1
-1.5105900188253 1.87442932905014 "1" 42 0.287666782663914 1
1.19006780573613 0.47766068282901 "3" 42 0.287666782663914 1
-0.704477374152666 -1.08158677957265 "2" 42 0.287666782663914 1
0.63082248420614 2.10740863983565 "1" 42 0.287666782663914 1
-1.271044553287 2.24980527431116 "1" 42 0.287666782663914 1
-0.147775600291782 0.00691369695122741 "1" 42 0.287666782663914 1
-0.759520543101003 -1.74133018267312 "2" 42 0.287666782663914 1
0.565830093800608 0.180686928409483 "1" 42 0.287666782663914 1
1.56175361656287 -1.02382363203046 "3" 42 0.287666782663914 1
-1.53286159793118 -0.448876348769054 "2" 42 0.287666782663914 1
-0.221146908485398 0.796087109649014 "1" 42 0.287666782663914 1
-1.24791023336388 -0.703533417168053 "2" 42 0.287666782663914 1
0.654580846989838 0.928606299576651 "3" 42 0.287666782663914 1
-1.78285893383153 -0.567889852767217 "2" 42 0.287666782663914 1
0.221295085790419 0.715129366999631 "3" 42 0.287666782663914 1
-0.975997863894914 -2.1381149766627 "2" 42 0.287666782663914 1
0.376695527510477 -1.0979236425735 "3" 42 0.287666782663914 1
-0.464463256649928 -1.57675897429349 "2" 42 0.287666782663914 1
0.72625263349664 0.0197053605202233 "1" 42 0.287666782663914 1
1.17659204613013 -0.604022372479834 "2" 42 0.287666782663914 1
-0.20448718594885 -0.57127114021079 "1" 42 0.287666782663914 1
0.85414646131708 -1.41059475129114 "3" 42 0.287666782663914 1
-0.470495670393477 1.1473159102712 "3" 42 0.287666782663914 1
-0.0930229347369365 -1.59089797904232 "2" 42 0.287666782663914 1
0.87045822052383 -0.211731495166454 "3" 42 0.287666782663914 1
-0.159691717441642 -1.11283398160144 "2" 42 0.287666782663914 1
1.64380643875388 -1.89598796881178 "1" 21 0.29142422625882 2
1.55091211460371 1.40831890526993 "1" 21 0.29142422625882 2
1.13773963429008 2.58152997686084 "2" 21 0.29142422625882 2
1.37366224118247 -1.15320774840717 "1" 21 0.29142422625882 2
1.22570040381664 0.71819311789122 "2" 21 0.29142422625882 2
-0.54196490658209 -0.755187888802934 "2" 21 0.29142422625882 2
-0.416197543369883 -2.07629665817928 "1" 21 0.29142422625882 2
0.00191663983595375 0.285972018367213 "3" 21 0.29142422625882 2
1.62087875073462 0.378488810659556 "1" 21 0.29142422625882 2
0.739890233849943 -0.588745354502603 "1" 21 0.29142422625882 2
-1.92505912749819 -1.4124106551023 "3" 21 0.29142422625882 2
-0.935660494780157 0.214370619040402 "2" 21 0.29142422625882 2
-1.07943484963009 0.366146618313345 "3" 21 0.29142422625882 2
-1.84036813056302 0.350742651782484 "3" 21 0.29142422625882 2
-0.82307034629148 0.811187160558183 "2" 21 0.29142422625882 2
-0.888443792905327 -0.194464383329195 "3" 21 0.29142422625882 2
0.61956316786907 1.26564413592282 "2" 21 0.29142422625882 2
-1.7391561544772 0.163493416707729 "3" 21 0.29142422625882 2
-0.198899013415327 1.37962638252237 "2" 21 0.29142422625882 2
-0.981911946513082 -2.03402938292898 "3" 21 0.29142422625882 2
-0.355600036518295 0.224092047995499 "2" 21 0.29142422625882 2
1.17140520507348 -0.411846704739736 "1" 21 0.29142422625882 2
-0.0905254841677294 0.0667117482268579 "1" 21 0.29142422625882 2
-0.368902540735533 -0.0108727497502322 "3" 21 0.29142422625882 2
0.876010031485669 -0.888995879259338 "1" 21 0.29142422625882 2
-2.281619112463 -0.957730213295952 "3" 21 0.29142422625882 2
1.38849588610573 1.84532543317114 "2" 21 0.29142422625882 2
0.782324197656537 1.08747299418319 "2" 21 0.29142422625882 2
0.577920454278803 0.211584324864664 "3" 21 0.29142422625882 2
-0.243411919626174 -0.979124775227947 "1" 21 0.29142422625882 2
-1.06737800798193 0.488054582571214 "3" 49 0.303052070959053 3
-0.150234431775365 -0.426255092735684 "1" 49 0.303052070959053 3
0.289394193276855 0.639905723974091 "3" 49 0.303052070959053 3
-0.984400155032498 -1.7257523085922 "1" 49 0.303052070959053 3
0.865520054918078 0.871466867766684 "2" 49 0.303052070959053 3
-0.889586117366194 -1.39731752349938 "1" 49 0.303052070959053 3
-0.858942175123184 -0.300216507586004 "1" 49 0.303052070959053 3
0.703216685852527 -0.344758787475923 "2" 49 0.303052070959053 3
0.431601908217494 1.70356827318298 "3" 49 0.303052070959053 3
0.456893646005512 -0.418462113937218 "2" 49 0.303052070959053 3
-0.2536220487444 0.294384222708462 "3" 49 0.303052070959053 3
-0.673262695304622 0.871773367822874 "3" 49 0.303052070959053 3
-1.04445037674977 -1.28458862322352 "1" 49 0.303052070959053 3
2.14436648160217 0.0292667884278279 "2" 49 0.303052070959053 3
0.787658129394674 0.807456885802822 "2" 49 0.303052070959053 3
0.350472652750299 1.09046105317601 "3" 49 0.303052070959053 3
-0.43490802622756 1.67814725923836 "1" 49 0.303052070959053 3
1.9803920354533 0.618805369308475 "2" 49 0.303052070959053 3
0.119261686262853 1.34348931886209 "3" 49 0.303052070959053 3
1.19471631358827 -0.624020561292863 "2" 49 0.303052070959053 3
0.366631926068326 -1.49027634565566 "1" 49 0.303052070959053 3
-0.316163854982503 0.399670185511304 "1" 49 0.303052070959053 3
-0.274830047461693 -0.646114784939368 "2" 49 0.303052070959053 3
-1.20179737514165 -0.299446682595274 "3" 49 0.303052070959053 3
0.0292082499246829 0.30536211933777 "3" 49 0.303052070959053 3
-1.49849323518255 -0.755415256481936 "1" 49 0.303052070959053 3
2.0159067844746 -0.484548592940494 "2" 49 0.303052070959053 3
-0.051607201750317 -1.04199672919278 "2" 49 0.303052070959053 3
-1.64695268608063 0.240949199054639 "3" 49 0.303052070959053 3
-0.388612312884762 -0.143591306597299 "1" 49 0.303052070959053 3
-0.282044408638972 1.16474105878424 "2" 44 0.304338288003836 4
-0.475699023634315 0.352472138148865 "2" 44 0.304338288003836 4
-0.618086977919694 0.12545034168898 "3" 44 0.304338288003836 4
1.89806877488161 0.76196510917387 "2" 44 0.304338288003836 4
-1.1573685739704 0.485329255639005 "3" 44 0.304338288003836 4
0.605797276328525 -0.648109332193028 "1" 44 0.304338288003836 4
0.888672856210329 -0.254285869796169 "1" 44 0.304338288003836 4
-0.926352853660647 0.0457234421228521 "3" 44 0.304338288003836 4
0.0780561680233327 1.35799089349866 "2" 44 0.304338288003836 4
1.09749510685155 0.526237911536173 "1" 44 0.304338288003836 4
-0.0447071128997388 0.176725853585048 "2" 44 0.304338288003836 4
0.164178012199886 1.45432593119989 "2" 44 0.304338288003836 4
1.44091647995383 0.400631781262949 "1" 44 0.304338288003836 4
-1.20745779706201 0.257538088430087 "3" 44 0.304338288003836 4
-0.83827226996466 1.28838217168156 "2" 44 0.304338288003836 4
0.493384534154485 1.25830919396739 "2" 44 0.304338288003836 4
-1.08572995720714 0.801295499775374 "3" 44 0.304338288003836 4
-1.51768135010427 0.0298482592282881 "2" 44 0.304338288003836 4
-0.14745888590981 0.785618785169975 "2" 44 0.304338288003836 4
0.537640886341569 0.324239209977971 "3" 44 0.304338288003836 4
0.0760998213534475 -1.6240984196764 "1" 44 0.304338288003836 4
1.29187964691456 -1.2768765698661 "1" 44 0.304338288003836 4
-0.62246009197477 -1.08915138772853 "1" 44 0.304338288003836 4
-0.0825593776324892 -1.10847004913602 "3" 44 0.304338288003836 4
-0.91680889587735 -0.79635386113081 "3" 44 0.304338288003836 4
0.150712565433605 -0.969403792456302 "3" 44 0.304338288003836 4
-1.55254318802855 -1.51824404346968 "3" 44 0.304338288003836 4
1.46187952738879 -1.51491590533972 "1" 44 0.304338288003836 4
1.05176043426 -0.445044199030589 "1" 44 0.304338288003836 4
0.238688674189308 -0.351871495047817 "1" 44 0.304338288003836 4
-1.86068336864658 -1.99652768201482 "2" 50 0.306304675591544 5
0.698494187683987 0.120500922666155 "3" 50 0.306304675591544 5
0.845661341997289 1.04985882604288 "3" 50 0.306304675591544 5
0.212251805552668 -1.02851017238072 "2" 50 0.306304675591544 5
0.0703888772907898 -0.00209229575838471 "1" 50 0.306304675591544 5
-0.792506303912081 -0.0483237374187354 "1" 50 0.306304675591544 5
-1.19061100330579 0.786423171326379 "1" 50 0.306304675591544 5
-0.176959341135093 -1.00763965915674 "2" 50 0.306304675591544 5
-1.06548331538538 -0.156574998811279 "2" 50 0.306304675591544 5
0.316334613807287 -1.13111934559795 "3" 50 0.306304675591544 5
-0.616352036003002 -0.465202185852215 "2" 50 0.306304675591544 5
-0.573524933520546 -0.755053165855889 "1" 50 0.306304675591544 5
0.846370052325333 -0.320716415803617 "3" 50 0.306304675591544 5
1.89264616009216 -0.180155444431079 "3" 50 0.306304675591544 5
1.0896216933731 0.733374979006584 "3" 50 0.306304675591544 5
0.397202970314127 0.849431269380414 "2" 50 0.306304675591544 5
-0.122768071920038 1.11816406201844 "1" 50 0.306304675591544 5
1.3329207028056 0.296548051374086 "3" 50 0.306304675591544 5
0.153527391445839 1.03617095718336 "1" 50 0.306304675591544 5
0.879863703797029 -1.68156729911636 "3" 50 0.306304675591544 5
1.05546812776429 0.428442490324696 "3" 50 0.306304675591544 5
-1.55489275515934 -1.40999773826565 "2" 50 0.306304675591544 5
-0.160721328125279 0.2562870101463 "2" 50 0.306304675591544 5
-0.822096294746473 1.13224618489604 "2" 50 0.306304675591544 5
-0.4305547783044 0.418264925470865 "1" 50 0.306304675591544 5
-1.09524723430969 1.10806952688652 "1" 50 0.306304675591544 5
1.40580957456267 -0.945499041387491 "3" 50 0.306304675591544 5
1.08312318790351 0.700510110147996 "1" 50 0.306304675591544 5
-1.24031419497196 1.42301739924874 "1" 50 0.306304675591544 5
-0.576969431270022 -0.328330704268523 "2" 50 0.306304675591544 5
-1.20850724360254 -1.15898403091458 "2" 47 0.352327586273571 6
0.533246581518531 -0.894269581513035 "2" 47 0.352327586273571 6
1.20576965232293 -0.449385202304339 "1" 47 0.352327586273571 6
0.931856662750826 0.29114942565305 "1" 47 0.352327586273571 6
0.491869018772132 -0.63652706736875 "2" 47 0.352327586273571 6
-1.0539411705652 -0.579502997424976 "2" 47 0.352327586273571 6
-1.13737793745325 -0.127203575766221 "3" 47 0.352327586273571 6
-0.937537275358428 -0.489976896238513 "3" 47 0.352327586273571 6
-0.348484710453415 0.686672556707225 "3" 47 0.352327586273571 6
0.544534476762838 1.38815003300278 "1" 47 0.352327586273571 6
-0.212818403370964 -0.571235941463562 "2" 47 0.352327586273571 6
0.563073234246071 -0.619379729476963 "1" 47 0.352327586273571 6
1.9234708074356 -0.165605524311566 "1" 47 0.352327586273571 6
1.49746624987898 -0.0113535108269097 "1" 47 0.352327586273571 6
0.74284673024585 -0.675965101402508 "2" 47 0.352327586273571 6
0.801326823867636 0.418452520674119 "1" 47 0.352327586273571 6
-0.724257087064589 -0.973971244389082 "3" 47 0.352327586273571 6
0.47715486643103 -0.139935382037759 "1" 47 0.352327586273571 6
-0.176307946824697 0.262494658801351 "2" 47 0.352327586273571 6
0.672365977522734 1.27529856751876 "3" 47 0.352327586273571 6
0.356844696286743 0.481444226976806 "3" 47 0.352327586273571 6
-0.804093089467614 2.59752825316524 "3" 47 0.352327586273571 6
-0.86843051448777 -0.667838457606304 "3" 47 0.352327586273571 6
-1.35785603042885 -0.629714962899224 "2" 47 0.352327586273571 6
-1.61791598349821 -0.195741653308317 "2" 47 0.352327586273571 6
-1.12617484108281 -1.39990598162454 "2" 47 0.352327586273571 6
0.618066192968137 0.849128068139698 "1" 47 0.352327586273571 6
1.5772187929858 1.86740923103725 "1" 47 0.352327586273571 6
-1.01622574256564 0.173243598494471 "3" 47 0.352327586273571 6
-0.347182787771855 0.0955257007064001 "3" 47 0.352327586273571 6
0.798015037418286 0.0517941363127343 "2" 36 0.376451547309716 7
-1.1890310169713 0.014264702287127 "3" 36 0.376451547309716 7
-0.643981894911012 1.54814641093727 "3" 36 0.376451547309716 7
-0.174776123554191 -0.253789826959709 "1" 36 0.376451547309716 7
1.02706591237066 0.852253681923274 "2" 36 0.376451547309716 7
-1.54135603412339 0.312958472959337 "3" 36 0.376451547309716 7
0.545258638926076 0.646320830643983 "3" 36 0.376451547309716 7
-1.59890923119839 -0.672530833865801 "1" 36 0.376451547309716 7
1.23296810501678 -0.617745636417924 "2" 36 0.376451547309716 7
0.301711958254326 -0.42310612331509 "1" 36 0.376451547309716 7
-0.109564722372134 1.25600173323882 "3" 36 0.376451547309716 7
-0.350462509491268 -0.366636268462464 "1" 36 0.376451547309716 7
-1.03427385583879 0.395840491033582 "3" 36 0.376451547309716 7
0.092880490775826 -0.450965356666828 "1" 36 0.376451547309716 7
-1.02229469954086 -0.935549406635115 "1" 36 0.376451547309716 7
0.13602292095412 0.105743822547204 "3" 36 0.376451547309716 7
-1.27312500736295 -0.0928268149829011 "3" 36 0.376451547309716 7
-0.274370900058856 0.15647958951233 "2" 36 0.376451547309716 7
-1.23909462573192 -0.532215388689998 "1" 36 0.376451547309716 7
0.839841288750864 -0.661242549939231 "2" 36 0.376451547309716 7
0.192745920352717 -0.26270462536 "2" 36 0.376451547309716 7
2.6890681254637 0.0241756927135183 "2" 36 0.376451547309716 7
-0.576782432580961 0.128797379135556 "1" 36 0.376451547309716 7
-0.360390102954434 -0.377675107884399 "1" 36 0.376451547309716 7
0.78625625245547 -0.521695112823656 "1" 36 0.376451547309716 7
-0.790305704693915 0.348656756625721 "3" 36 0.376451547309716 7
1.06497792803388 -0.464554367166943 "3" 36 0.376451547309716 7
1.4544849416234 0.748544173025973 "2" 36 0.376451547309716 7
-0.00224252089184239 0.119495217571477 "2" 36 0.376451547309716 7
1.01966386188011 -0.0762356712978447 "2" 36 0.376451547309716 7
-1.17219138964999 1.75056454613478 "2" 35 0.393279032239879 8
1.35382179792033 0.921743714419003 "1" 35 0.393279032239879 8
1.10735837954088 1.59083621849482 "1" 35 0.393279032239879 8
1.3030582905366 0.299893871442067 "3" 35 0.393279032239879 8
-0.682269149850628 0.340951253043278 "2" 35 0.393279032239879 8
1.18332126420302 -0.236172461982815 "3" 35 0.393279032239879 8
0.0920757740944053 -0.103694173510756 "1" 35 0.393279032239879 8
0.289832722995433 0.18099509386091 "1" 35 0.393279032239879 8
-1.00812190676478 0.784623962192289 "2" 35 0.393279032239879 8
0.0270758932658571 0.766485758675663 "1" 35 0.393279032239879 8
-0.389031883511705 0.169659448840661 "2" 35 0.393279032239879 8
-0.190852646561446 -0.444751608420142 "3" 35 0.393279032239879 8
1.52986551747444 -0.954828100835489 "1" 35 0.393279032239879 8
-0.410753853707095 -2.34323479432523 "3" 35 0.393279032239879 8
0.784466403784493 -0.685944888078904 "3" 35 0.393279032239879 8
0.374009604596968 0.186189823557433 "1" 35 0.393279032239879 8
0.723331760079187 2.43716086436169 "1" 35 0.393279032239879 8
-0.342086128300653 -0.745666968768456 "3" 35 0.393279032239879 8
0.808475427232901 1.26128015934631 "2" 35 0.393279032239879 8
-0.885656860006715 -0.5761343181507 "2" 35 0.393279032239879 8
0.141016416943311 -1.71383844828982 "3" 35 0.393279032239879 8
-2.66300516451692 0.885612483503576 "2" 35 0.393279032239879 8
0.151088222837986 -0.220217184767556 "3" 35 0.393279032239879 8
0.13846658021409 -0.755117703617956 "1" 35 0.393279032239879 8
-0.928257459910927 0.680650395728594 "2" 35 0.393279032239879 8
0.440843788119301 -2.17713213572739 "3" 35 0.393279032239879 8
-1.42458062338042 -0.750594739115116 "2" 35 0.393279032239879 8
0.0554250020613582 -0.479810997686085 "3" 35 0.393279032239879 8
0.514274109301278 0.651212563027836 "2" 35 0.393279032239879 8
-0.920999889040567 -0.720721633352506 "1" 35 0.393279032239879 8
-1.4839407991857 -0.234667421030105 "2" 29 0.403899226383986 9
-1.34862299435225 0.366927662815118 "2" 29 0.403899226383986 9
-1.82671941507927 0.689157907507824 "2" 29 0.403899226383986 9
0.112658909886248 -0.898848103654404 "1" 29 0.403899226383986 9
-0.240626076669717 0.274030596982778 "1" 29 0.403899226383986 9
-0.353397688900814 0.419566395647126 "3" 29 0.403899226383986 9
0.878306599869443 0.677225620867027 "3" 29 0.403899226383986 9
-0.952071639913695 0.442110307323665 "2" 29 0.403899226383986 9
-0.0801046006014396 -1.18727674991759 "1" 29 0.403899226383986 9
0.157485835910946 -0.411486878965837 "3" 29 0.403899226383986 9
-0.688360795990097 0.406216068664055 "2" 29 0.403899226383986 9
-1.04009545407486 -2.07622544556532 "1" 29 0.403899226383986 9
-0.375808850958178 -1.59849536267932 "1" 29 0.403899226383986 9
1.44922909069974 -0.0946994307627514 "3" 29 0.403899226383986 9
-0.253353161259187 -0.218239635385329 "2" 29 0.403899226383986 9
0.00213328405673048 -0.283372923877004 "2" 29 0.403899226383986 9
-2.51188078191274 1.14466997672205 "2" 29 0.403899226383986 9
0.407804998474599 1.26401840855709 "3" 29 0.403899226383986 9
-1.39959639790477 0.098361039897762 "1" 29 0.403899226383986 9
1.35073681486104 -0.011750532248679 "1" 29 0.403899226383986 9
1.87468443077344 0.409949679479587 "1" 29 0.403899226383986 9
0.968625167238097 -1.1531317486766 "1" 29 0.403899226383986 9
-0.0272089587802619 0.946535587768299 "2" 29 0.403899226383986 9
0.46304663005306 0.209817263377236 "3" 29 0.403899226383986 9
0.558078924021785 1.65877439112828 "3" 29 0.403899226383986 9
0.752660056747424 -0.205889427211363 "1" 29 0.403899226383986 9
1.18216896836541 0.437124326845427 "3" 29 0.403899226383986 9
1.66521459378903 -0.414896680911569 "3" 29 0.403899226383986 9
-0.170496029408585 -0.237778162010003 "2" 29 0.403899226383986 9
0.929449340244565 -0.417726730687437 "3" 29 0.403899226383986 9
0.126992244745758 -1.56174431120324 "2" 50 0.411366045292284 10
0.222781063242555 -0.468619260133488 "3" 50 0.411366045292284 10
0.00795103001724127 0.0511130550558191 "1" 50 0.411366045292284 10
-1.01295540210675 0.00273545102541457 "1" 50 0.411366045292284 10
0.580256435066113 -0.667227896873023 "2" 50 0.411366045292284 10
-1.64695844137423 -0.0925917186597937 "1" 50 0.411366045292284 10
-1.61175249250545 0.447526218734714 "1" 50 0.411366045292284 10
-0.508150242754825 -0.829089131870851 "2" 50 0.411366045292284 10
1.25238851160151 0.784215756102169 "3" 50 0.411366045292284 10
-0.872487287456467 -0.113454091943198 "1" 50 0.411366045292284 10
-1.4502950113006 -0.0588547039739378 "1" 50 0.411366045292284 10
1.39831523832546 1.14415079247278 "2" 50 0.411366045292284 10
-0.125694567299585 1.05687232320999 "3" 50 0.411366045292284 10
0.37218531693912 0.169888444704431 "3" 50 0.411366045292284 10
0.724844067905957 1.24949886482177 "3" 50 0.411366045292284 10
-0.431385458129364 1.71677581535637 "3" 50 0.411366045292284 10
0.438253294633686 0.336813581875333 "3" 50 0.411366045292284 10
-0.673442677673923 -0.140720191191255 "1" 50 0.411366045292284 10
0.274113084032479 1.38821911674806 "2" 50 0.411366045292284 10
-1.21094398976089 -0.603741979923284 "1" 50 0.411366045292284 10
0.0775970460509582 -0.532354762669663 "2" 50 0.411366045292284 10
0.944882799514014 -0.936042752447949 "3" 50 0.411366045292284 10
-0.186628575530003 -0.870932066890214 "1" 50 0.411366045292284 10
0.740886286193768 0.234050220333193 "1" 50 0.411366045292284 10
0.12349458756847 -1.23980509414291 "2" 50 0.411366045292284 10
-0.102396706041754 0.863775389546732 "3" 50 0.411366045292284 10
1.54577225718519 -2.24468451903764 "2" 50 0.411366045292284 10
0.275188306882924 0.086376399218069 "2" 50 0.411366045292284 10
0.317324959279477 1.07593483315892 "3" 50 0.411366045292284 10
0.409864322749155 -0.248083781403326 "2" 50 0.411366045292284 10
0.481663578264982 -1.18895609400137 "1" 59 0.413928932592019 11
-0.511424483939536 0.345470401496497 "2" 59 0.413928932592019 11
-1.46651372485725 0.637195269010733 "2" 59 0.413928932592019 11
1.13556303269462 0.455839822570166 "2" 59 0.413928932592019 11
-0.0385088699353783 -0.924389859081911 "1" 59 0.413928932592019 11
1.64780508658465 -0.186193547786942 "1" 59 0.413928932592019 11
1.15354992686973 -1.11135559303883 "3" 59 0.413928932592019 11
0.401431398892049 0.252999050594807 "3" 59 0.413928932592019 11
-0.637529397784496 -1.77132882333424 "1" 59 0.413928932592019 11
-0.208313286204012 1.18208106656604 "3" 59 0.413928932592019 11
0.427934442358953 0.239709085585459 "3" 59 0.413928932592019 11
-0.0135499202154067 -0.970936954335883 "1" 59 0.413928932592019 11
0.787939035302799 0.831095959052134 "3" 59 0.413928932592019 11
0.261338317572424 0.619005833068544 "2" 59 0.413928932592019 11
-1.08049766477532 -0.211428749439215 "3" 59 0.413928932592019 11
-1.14176995306835 -0.0233591780188388 "1" 59 0.413928932592019 11
-2.84902586072057 0.181352575175897 "2" 59 0.413928932592019 11
-0.702969109491044 0.977401435919444 "2" 59 0.413928932592019 11
-2.24188550137771 0.334244627418746 "2" 59 0.413928932592019 11
0.294648037092853 1.7095197320712 "2" 59 0.413928932592019 11
0.995475178556725 0.73503355951235 "2" 59 0.413928932592019 11
0.050647337758549 0.255682917978666 "2" 59 0.413928932592019 11
0.536364789001603 0.024002017193743 "3" 59 0.413928932592019 11
0.522266940169451 -1.10602745363437 "1" 59 0.413928932592019 11
-0.608880177548827 -0.217543078062778 "1" 59 0.413928932592019 11
2.09112100979999 -1.73071276547493 "1" 59 0.413928932592019 11
0.0241401798862032 1.1642598524153 "3" 59 0.413928932592019 11
0.0998276206620839 1.24606931770923 "3" 59 0.413928932592019 11
-0.245245854379911 -1.12277885440756 "1" 59 0.413928932592019 11
0.834397892830151 -0.625951572722101 "3" 59 0.413928932592019 11
-1.36466843677798 0.174598270420269 "3" 37 0.416011646177373 12
-0.566430139979078 -0.656114156967338 "2" 37 0.416011646177373 12
-1.32041678123684 -0.0616029453466575 "3" 37 0.416011646177373 12
1.16340308835927 -1.59464385794695 "1" 37 0.416011646177373 12
-1.36995208670996 0.315248684164182 "3" 37 0.416011646177373 12
-0.457532861486337 -1.64820099569505 "2" 37 0.416011646177373 12
0.577644491958765 -0.509306633571417 "2" 37 0.416011646177373 12
-1.49966792575669 -0.86335320534372 "3" 37 0.416011646177373 12
0.304578414375354 0.923476009088533 "1" 37 0.416011646177373 12
0.351854871276622 -0.237666808567927 "3" 37 0.416011646177373 12
-1.00319080259943 -0.711335076595553 "3" 37 0.416011646177373 12
0.526016273967373 -0.474515697218844 "2" 37 0.416011646177373 12
1.1657163220623 -1.74565271279826 "2" 37 0.416011646177373 12
0.0838962721196172 -0.543595187507544 "1" 37 0.416011646177373 12
0.956904220777818 -0.608661269065755 "2" 37 0.416011646177373 12
1.24755460470138 -0.29574229281957 "2" 37 0.416011646177373 12
-0.418354238805568 0.80190762587791 "1" 37 0.416011646177373 12
-0.828341060326123 -0.149238948800751 "3" 37 0.416011646177373 12
0.555222635580677 0.335589159132606 "1" 37 0.416011646177373 12
0.417266166442615 -0.239762469910774 "2" 37 0.416011646177373 12
0.545363098016519 0.145093809884008 "2" 37 0.416011646177373 12
-0.281960809903333 2.77057480304059 "1" 37 0.416011646177373 12
-0.766737293225987 0.0393439822620131 "3" 37 0.416011646177373 12
0.679029438595196 0.531170054739034 "3" 37 0.416011646177373 12
-0.272706174187534 1.57127686726076 "1" 37 0.416011646177373 12
0.663620219856277 -0.989718367640987 "1" 37 0.416011646177373 12
-1.61697701061299 1.62942704926655 "3" 37 0.416011646177373 12
1.04832904178403 0.980907477542858 "1" 37 0.416011646177373 12
1.15192696907706 0.618352284349036 "2" 37 0.416011646177373 12
0.328609492656963 0.492144548768751 "1" 37 0.416011646177373 12
1.47873286342536 0.875655989289129 "1" 25 0.00731359746331283 13
1.30096038651067 0.880184090188976 "1" 25 0.00731359746331283 13
0.786857290672602 0.909720888107498 "1" 25 0.00731359746331283 13
1.79174714010882 1.23465200720132 "1" 25 0.00731359746331283 13
1.42474130518548 0.720332346037265 "1" 25 0.00731359746331283 13
1.51977803615461 0.545970023537706 "1" 25 0.00731359746331283 13
1.00285612869455 0.0250966013808433 "1" 25 0.00731359746331283 13
1.12624021814632 1.20583606001592 "1" 25 0.00731359746331283 13
1.37098476862284 0.955601202981765 "1" 25 0.00731359746331283 13
0.569367100521839 1.09288418660136 "1" 25 0.00731359746331283 13
-0.99344857782607 0.542671180013109 "2" 25 0.00731359746331283 13
-1.21713178700237 0.483707282130892 "2" 25 0.00731359746331283 13
-0.887078589945591 0.299531802471162 "2" 25 0.00731359746331283 13
-1.53505051020444 0.268786022602668 "2" 25 0.00731359746331283 13
-1.17561519943995 0.903172173184312 "2" 25 0.00731359746331283 13
-1.0884011368286 1.03115733162105 "2" 25 0.00731359746331283 13
-0.9636648044233 0.455062221832018 "2" 25 0.00731359746331283 13
-1.44507096304794 0.550934049794942 "2" 25 0.00731359746331283 13
-1.07311456591367 0.685764078058454 "2" 25 0.00731359746331283 13
-1.14391331807857 0.528241396570829 "2" 25 0.00731359746331283 13
-0.277744097501065 -1.62974963166855 "3" 25 0.00731359746331283 13
-0.156674144991383 -2.03801056078862 "3" 25 0.00731359746331283 13
0.288784704289964 -0.834012693607302 "3" 25 0.00731359746331283 13
-0.369606733544968 -1.87446841397096 "3" 25 0.00731359746331283 13
-0.0430281491662228 -1.28001834246624 "3" 25 0.00731359746331283 13
-0.578959709339675 -1.43503040359491 "3" 25 0.00731359746331283 13
0.396519360844131 -1.34517310997989 "3" 25 0.00731359746331283 13
-0.165894481894165 -1.73708836220644 "3" 25 0.00731359746331283 13
0.354143480850909 -1.01938708935444 "3" 25 0.00731359746331283 13
-0.297316014880117 -1.00202232598388 "3" 25 0.00731359746331283 13
-2.11096653235998 0.485909833016155 "3" 68 0.42696692164378 14
-0.673578768549738 1.57591583227483 "3" 68 0.42696692164378 14
-1.14493561190667 1.32957820598857 "1" 68 0.42696692164378 14
-0.475861434320135 -0.121217998579319 "1" 68 0.42696692164378 14
-1.01149970556136 0.145488387614267 "3" 68 0.42696692164378 14
-0.161628234358243 1.68918550683912 "3" 68 0.42696692164378 14
0.388501986423395 -0.799255789966962 "1" 68 0.42696692164378 14
-0.913542141434398 1.78611428972314 "3" 68 0.42696692164378 14
0.632679928120149 0.00494799255773609 "2" 68 0.42696692164378 14
-0.798186154098195 -1.07500142161776 "1" 68 0.42696692164378 14
-1.4464148053601 -0.155276867286765 "3" 68 0.42696692164378 14
0.465599827686649 1.3327197026322 "1" 68 0.42696692164378 14
0.274504615498653 0.930827343321532 "3" 68 0.42696692164378 14
0.258064959494775 -1.04548327487188 "1" 68 0.42696692164378 14
0.973496670212954 0.338535625175939 "2" 68 0.42696692164378 14
0.531920192108793 -1.04578954702385 "3" 68 0.42696692164378 14
-0.393173509439942 1.03055860570939 "3" 68 0.42696692164378 14
-0.666445924978461 -1.01991141192633 "1" 68 0.42696692164378 14
0.689330607938511 0.703939043930223 "2" 68 0.42696692164378 14
-1.05820607723702 -2.71400185089092 "2" 68 0.42696692164378 14
0.984762909449607 -0.80794138999305 "2" 68 0.42696692164378 14
-0.0951167013396753 -1.73372479681294 "1" 68 0.42696692164378 14
-0.0879575475872107 0.716522554371646 "1" 68 0.42696692164378 14
1.77507560590827 0.788766904326937 "2" 68 0.42696692164378 14
-0.00371600659419065 -1.297989904504 "1" 68 0.42696692164378 14
1.83165190919519 1.37890742561924 "2" 68 0.42696692164378 14
-0.623244282963743 -0.626432766184186 "3" 68 0.42696692164378 14
0.815165447985552 -1.67184147589527 "2" 68 0.42696692164378 14
1.63015500139901 0.601853218550142 "2" 68 0.42696692164378 14
0.413563776667551 -0.725901976097837 "2" 68 0.42696692164378 14
-1.34408329509312 1.09604501522237 "1" 34 0.447767011146229 15
0.908990227255405 0.90181429601725 "2" 34 0.447767011146229 15
1.63993046879511 0.750107600667958 "2" 34 0.447767011146229 15
-1.14695173544876 1.21344547758583 "1" 34 0.447767011146229 15
1.10983991831076 1.52118188734895 "2" 34 0.447767011146229 15
-0.998081709032528 0.527887569828778 "1" 34 0.447767011146229 15
-1.87771626051678 1.06621559397587 "2" 34 0.447767011146229 15
0.085484028753751 -0.385690154506173 "3" 34 0.447767011146229 15
0.238819360155718 1.82832602984068 "2" 34 0.447767011146229 15
-0.993565621677458 -0.642600824886244 "1" 34 0.447767011146229 15
-0.819710380436351 -0.730511445441203 "3" 34 0.447767011146229 15
0.971633262427002 0.724856972280674 "2" 34 0.447767011146229 15
0.707105749337369 0.244360679844907 "2" 34 0.447767011146229 15
1.5999529169299 -0.926615872172178 "3" 34 0.447767011146229 15
1.2749087549192 0.288921747675119 "2" 34 0.447767011146229 15
-0.0681355250040046 0.227873742548676 "1" 34 0.447767011146229 15
0.286835277814782 -0.366905409132574 "3" 34 0.447767011146229 15
0.688667982234918 -1.54751900412246 "1" 34 0.447767011146229 15
0.410166044836163 -0.491071556466293 "3" 34 0.447767011146229 15
-1.35392474762128 -2.13462912610982 "3" 34 0.447767011146229 15
0.304148265749518 -0.852861856885511 "3" 34 0.447767011146229 15
-1.21210133241777 -1.49568020495734 "1" 34 0.447767011146229 15
-0.0702348869890912 -0.355039855556285 "2" 34 0.447767011146229 15
-0.124719548546994 0.282968831500561 "2" 34 0.447767011146229 15
-1.09724408835227 -0.770978388505947 "1" 34 0.447767011146229 15
-0.107543510961297 0.928449732399153 "1" 34 0.447767011146229 15
1.69275582184482 -1.45830650348757 "3" 34 0.447767011146229 15
0.370602937445011 -0.537034484740482 "3" 34 0.447767011146229 15
-0.632062654760135 1.05629526679256 "1" 34 0.447767011146229 15
-0.443765719951579 0.0366942434407298 "3" 34 0.447767011146229 15
-0.281273217230335 0.753011059519658 "2" 29 0.447771501316024 16
1.81818991991017 -0.0704486358571967 "1" 29 0.447771501316024 16
0.858947237742988 0.741731452170249 "1" 29 0.447771501316024 16
0.433897923026726 -0.829877536028756 "3" 29 0.447771501316024 16
-0.291031982334868 0.114253388059495 "3" 29 0.447771501316024 16
1.7131471129886 -1.06978356855766 "3" 29 0.447771501316024 16
-0.798734671764608 -0.502221350120544 "2" 29 0.447771501316024 16
1.86614625962642 -0.73053330643249 "3" 29 0.447771501316024 16
0.48563957274219 1.29330512061754 "1" 29 0.447771501316024 16
-0.601921726404808 -0.127106790442595 "1" 29 0.447771501316024 16
-1.70977922000835 -0.297727973887682 "2" 29 0.447771501316024 16
0.431426821545658 0.712239588286842 "1" 29 0.447771501316024 16
0.401095284804474 -0.589745040121719 "3" 29 0.447771501316024 16
-1.36252024182149 -1.61246818065593 "2" 29 0.447771501316024 16
0.329347429119191 -0.350848295944163 "3" 29 0.447771501316024 16
-1.33235735809376 0.232863473719342 "2" 29 0.447771501316024 16
0.757520860569647 1.66326177856368 "1" 29 0.447771501316024 16
-1.60557429827371 -1.02705627179715 "3" 29 0.447771501316024 16
0.889527895329506 1.16961941889126 "2" 29 0.447771501316024 16
-2.74449943775514 -1.14801463524766 "2" 29 0.447771501316024 16
-0.00627433595803372 -1.1001630889573 "3" 29 0.447771501316024 16
-1.21786319238947 2.02415957941667 "1" 29 0.447771501316024 16
0.799645244677003 -0.376668676631803 "3" 29 0.447771501316024 16
1.2421240203592 0.296282996910855 "3" 29 0.447771501316024 16
-0.703099253716003 0.375968216463199 "1" 29 0.447771501316024 16
0.890778733181229 -0.827063339111915 "1" 29 0.447771501316024 16
0.168805749194305 -0.280407322335756 "2" 29 0.447771501316024 16
-0.831209033955929 0.283873000466895 "2" 29 0.447771501316024 16
1.17140044198183 1.2480757183368 "1" 29 0.447771501316024 16
-0.771502537092621 0.0314892207078422 "2" 29 0.447771501316024 16
0.0747287089196976 1.00701309593958 "3" 36 0.447842731843315 17
-0.0847109976276417 1.43887707685711 "1" 36 0.447842731843315 17
-0.0751352444952191 2.30927484297931 "1" 36 0.447842731843315 17
1.50051949506409 1.41877891736745 "1" 36 0.447842731843315 17
-0.279616271698907 1.0725779748811 "1" 36 0.447842731843315 17
-0.567602198624242 0.428396568435023 "2" 36 0.447842731843315 17
-0.506686600923313 -0.223499479324873 "1" 36 0.447842731843315 17
-0.62421724992729 0.358621546011634 "3" 36 0.447842731843315 17
-1.00554609110642 1.43018486754712 "2" 36 0.447842731843315 17
1.14303279233774 1.01584236126494 "1" 36 0.447842731843315 17
0.935292517851855 -0.558533147142893 "3" 36 0.447842731843315 17
0.612685237368964 -0.215916183748518 "1" 36 0.447842731843315 17
1.90926056081419 0.18543243720488 "3" 36 0.447842731843315 17
1.20746538775732 -2.04085086570431 "3" 36 0.447842731843315 17
0.285628671978241 -0.989478158957083 "3" 36 0.447842731843315 17
0.810713442609865 -0.149001523950821 "3" 36 0.447842731843315 17
-0.867075249722619 0.565379091341931 "2" 36 0.447842731843315 17
0.609461185604394 -1.51424728527633 "2" 36 0.447842731843315 17
-0.559487691506059 0.44000636672934 "1" 36 0.447842731843315 17
2.1641936605937 -1.29170518086513 "3" 36 0.447842731843315 17
-0.0519932672327982 -1.24520415508967 "3" 36 0.447842731843315 17
-0.50892979713698 0.827667825991771 "1" 36 0.447842731843315 17
-0.854474734266509 -0.482762292735972 "1" 36 0.447842731843315 17
-1.66212724858995 -1.1669803821029 "2" 36 0.447842731843315 17
-1.21201128698179 -1.01692841294944 "2" 36 0.447842731843315 17
-1.07175287064774 -1.95540870167173 "2" 36 0.447842731843315 17
-0.372131773454834 -0.109146639174834 "2" 36 0.447842731843315 17
0.594069625141245 0.672672230110677 "3" 36 0.447842731843315 17
-1.48812704907677 0.623623578496382 "2" 36 0.447842731843315 17
-0.0554256630222258 -0.83468637246376 "2" 36 0.447842731843315 17
-0.573279482563843 2.56964065413982 "1" 39 0.454809361467782 18
-0.634230240851582 1.41967542723772 "1" 39 0.454809361467782 18
-0.320802099125791 1.566600949894 "1" 39 0.454809361467782 18
-0.962503336357937 1.18934779520524 "1" 39 0.454809361467782 18
1.21275174422827 0.858617756688668 "3" 39 0.454809361467782 18
-1.66810786826119 -0.121224145283776 "1" 39 0.454809361467782 18
-0.417775381678034 -0.419386646322753 "2" 39 0.454809361467782 18
-1.25165676174688 -0.146044465426209 "2" 39 0.454809361467782 18
1.15669768829363 0.0356991991064304 "3" 39 0.454809361467782 18
-0.63968581196905 0.420455737646464 "3" 39 0.454809361467782 18
-1.2797630967685 -0.124772659326161 "3" 39 0.454809361467782 18
-0.127401593022374 -0.42289790802563 "3" 39 0.454809361467782 18
-0.850806381810037 -0.112167491855745 "2" 39 0.454809361467782 18
1.0473970065044 -2.40099877891071 "2" 39 0.454809361467782 18
-0.16918683275492 -1.59564926091658 "2" 39 0.454809361467782 18
-0.396294754980018 -1.15761234749803 "1" 39 0.454809361467782 18
-1.36859135015413 1.12879444172845 "1" 39 0.454809361467782 18
-0.092456727462386 -1.65274848279591 "2" 39 0.454809361467782 18
-1.07575532639164 -0.505486953899571 "2" 39 0.454809361467782 18
-0.332242501802638 -0.808113264126919 "2" 39 0.454809361467782 18
1.11227428795341 -0.831764758350958 "3" 39 0.454809361467782 18
1.74869440095687 1.29561908706892 "1" 39 0.454809361467782 18
-0.14371896564028 0.248758062780688 "1" 39 0.454809361467782 18
0.472103121456098 -0.4888343713767 "3" 39 0.454809361467782 18
0.569935326931544 0.582420678068483 "3" 39 0.454809361467782 18
-0.0276416496915573 -1.69447507853928 "2" 39 0.454809361467782 18
2.3905436078342 0.529254505471019 "3" 39 0.454809361467782 18
1.69774793808294 0.46940310352821 "3" 39 0.454809361467782 18
0.0320381786592087 0.318893629130162 "2" 39 0.454809361467782 18
0.891716862132213 -0.151004415039372 "1" 39 0.454809361467782 18
-0.375206796418411 -1.42768106915602 "1" 40 0.481129676667502 19
-0.114467495941529 -1.72815826353196 "2" 40 0.481129676667502 19
-1.06608646800178 -0.220152290593793 "3" 40 0.481129676667502 19
-0.141449682061137 -2.59844191246352 "1" 40 0.481129676667502 19
-1.01043541690228 -0.854292786584443 "3" 40 0.481129676667502 19
-1.40237530233709 -1.23038367830645 "1" 40 0.481129676667502 19
-1.70595694494336 -0.038935826366775 "3" 40 0.481129676667502 19
-0.0936306499562192 -1.24779673539834 "1" 40 0.481129676667502 19
-0.538910613768087 -1.1850890302711 "1" 40 0.481129676667502 19
0.431485504733869 -0.822161322959653 "3" 40 0.481129676667502 19
-0.680779504703638 1.72838654289971 "3" 40 0.481129676667502 19
0.692741582253385 0.388792478939567 "2" 40 0.481129676667502 19
0.475910338504663 -0.154330102652304 "1" 40 0.481129676667502 19
1.20934388714636 1.05503279990023 "2" 40 0.481129676667502 19
0.987055193194007 0.492184227121394 "1" 40 0.481129676667502 19
0.0258016257213716 1.24949001746539 "2" 40 0.481129676667502 19
0.40034433949741 1.14046196793096 "2" 40 0.481129676667502 19
0.509403286720526 1.84506282917477 "2" 40 0.481129676667502 19
0.474373078251777 1.02996169395734 "3" 40 0.481129676667502 19
1.47422918471074 0.765048552702044 "2" 40 0.481129676667502 19
0.539784124752291 -0.0164475726067911 "2" 40 0.481129676667502 19
0.372938269524283 0.589477605656459 "2" 40 0.481129676667502 19
-0.266489576081035 -0.0903695470387082 "3" 40 0.481129676667502 19
-0.127654106475994 0.355332317798397 "2" 40 0.481129676667502 19
0.360964745623435 0.482878704038177 "1" 40 0.481129676667502 19
-1.00339873715153 0.751105481738336 "3" 40 0.481129676667502 19
1.21199280495511 -0.697126959038675 "1" 40 0.481129676667502 19
0.123476299902212 0.173315994415121 "1" 40 0.481129676667502 19
-0.893984956615855 -0.0172365491952986 "3" 40 0.481129676667502 19
0.130981985866505 0.28207243242593 "3" 40 0.481129676667502 19
0.381986990662592 -0.621825197011034 "3" 48 0.493095850388157 20
-0.286337940756466 0.404081072025956 "2" 48 0.493095850388157 20
-1.40778596318497 -0.0994281663720602 "2" 48 0.493095850388157 20
1.99101253487339 0.637137226120441 "3" 48 0.493095850388157 20
-0.848634399474078 -1.11525997538248 "1" 48 0.493095850388157 20
1.68564942691724 -0.0543419681160653 "3" 48 0.493095850388157 20
2.0497519638738 -0.490736688188556 "3" 48 0.493095850388157 20
0.267250092521942 -0.37445372740138 "1" 48 0.493095850388157 20
0.475640352023352 -1.76758530040477 "3" 48 0.493095850388157 20
0.900960888501045 0.510602860303051 "1" 48 0.493095850388157 20
-0.155964602038228 -0.772930083958817 "2" 48 0.493095850388157 20
-0.670280136685917 -1.58987188241951 "3" 48 0.493095850388157 20
-0.00518311443263618 0.188459283420834 "1" 48 0.493095850388157 20
-1.16589754436945 -0.679613701362753 "2" 48 0.493095850388157 20
-0.447147660849768 -1.02125776743278 "2" 48 0.493095850388157 20
0.320489542653922 -1.06200940061012 "3" 48 0.493095850388157 20
-1.05942525326983 0.0788265474666612 "2" 48 0.493095850388157 20
-1.09221237054915 -0.444096121233712 "3" 48 0.493095850388157 20
-0.333800988970836 -0.370563757249336 "3" 48 0.493095850388157 20
0.459276238806815 0.703146684888886 "1" 48 0.493095850388157 20
-0.0759253232593811 1.51983810245771 "2" 48 0.493095850388157 20
-0.396875870096729 1.20168557285095 "2" 48 0.493095850388157 20
-0.143019602510631 0.715682093799613 "1" 48 0.493095850388157 20
0.249582610601353 0.469038626707393 "1" 48 0.493095850388157 20
0.00318125221578828 1.15136559569686 "1" 48 0.493095850388157 20
0.762511933878104 -0.76722014212252 "3" 48 0.493095850388157 20
-2.10659756848679 1.52379239126632 "2" 48 0.493095850388157 20
-0.394163890396714 1.90555899171633 "1" 48 0.493095850388157 20
0.925576964659353 0.160643962160794 "1" 48 0.493095850388157 20
0.116381437142887 0.0613348683841015 "2" 48 0.493095850388157 20
