"x" "cl" "nbases" ".sample"
-1.41003807787218 "1" 84 1
-1.26632963368815 "1" 84 1
-1.28350720944217 "1" 84 1
-1.3967923539911 "1" 84 1
-1.4019922369414 "1" 84 1
-1.49673767902558 "1" 84 1
-1.20999450621465 "1" 84 1
-1.33263056092028 "1" 84 1
-1.49571832358333 "1" 84 1
-1.32128015129797 "1" 84 1
-1.25293550708959 "1" 84 1
-1.62332095174698 "1" 84 1
-1.44661639622952 "1" 84 1
-1.10970913516124 "1" 84 1
-1.44254106980018 "1" 84 1
1.44716394015157 "2" 84 1
1.54786492905554 "2" 84 1
1.17110435802561 "2" 84 1
1.29772181260452 "2" 84 1
1.34964662616558 "2" 84 1
1.42521676379319 "2" 84 1
1.19734460997194 "2" 84 1
1.28341549585268 "2" 84 1
1.34449934858127 "2" 84 1
1.54867299621861 "2" 84 1
1.36510052688726 "2" 84 1
1.16328494905463 "2" 84 1
1.52465805881369 "2" 84 1
1.26752028515226 "2" 84 1
1.55692909267597 "2" 84 1
-1.22987916463456 "1" 91 2
-1.03649108150944 "1" 91 2
-1.19544299041265 "1" 91 2
-1.18352683741641 "1" 91 2
-1.10769303280798 "1" 91 2
-1.25610913961281 "1" 91 2
-1.05216640078459 "1" 91 2
-1.13278334907392 "1" 91 2
-1.27229869925031 "1" 91 2
-1.24730100577351 "1" 91 2
-1.21543686873488 "1" 91 2
-1.24135486888176 "1" 91 2
-1.06426236727778 "1" 91 2
-1.46409033871571 "1" 91 2
-1.23543708360919 "1" 91 2
1.27332950680629 "2" 91 2
0.945724321787366 "2" 91 2
1.18015944369138 "2" 91 2
1.09890533157131 "2" 91 2
1.33921520248575 "2" 91 2
1.24338391922522 "2" 91 2
1.15493192542134 "2" 91 2
1.38542445899309 "2" 91 2
1.15530386598262 "2" 91 2
1.32466764440437 "2" 91 2
1.31612833416322 "2" 91 2
1.1287642148752 "2" 91 2
1.09333635766653 "2" 91 2
1.05178883094268 "2" 91 2
1.24320987047913 "2" 91 2
-1.23593255865532 "1" 96 3
-1.38859819424528 "1" 96 3
-1.4675181104575 "1" 96 3
-1.41846186453745 "1" 96 3
-1.25516731677059 "1" 96 3
-1.35032421153949 "1" 96 3
-1.45459897099844 "1" 96 3
-1.51153824972873 "1" 96 3
-1.45035087814147 "1" 96 3
-1.61969083206806 "1" 96 3
-1.45023981200736 "1" 96 3
-1.37732961442677 "1" 96 3
-1.40614036263548 "1" 96 3
-1.49482351879394 "1" 96 3
-1.36899139242018 "1" 96 3
1.26357285706128 "2" 96 3
1.50241087389494 "2" 96 3
1.3670571534635 "2" 96 3
1.45021102777401 "2" 96 3
1.45350456680076 "2" 96 3
1.17556166429657 "2" 96 3
1.38591532131455 "2" 96 3
1.35594473419593 "2" 96 3
1.38857737069643 "2" 96 3
1.42115299764507 "2" 96 3
1.41421517012513 "2" 96 3
1.39709551033068 "2" 96 3
1.62257627093487 "2" 96 3
1.50602293424322 "2" 96 3
1.54588743464913 "2" 96 3
-1.82984170219198 "1" 75 4
-1.48469911926484 "1" 75 4
-1.56741211790698 "1" 75 4
-1.72027038328495 "1" 75 4
-1.65312999216292 "1" 75 4
-1.45751910099136 "1" 75 4
-1.37979207801259 "1" 75 4
-1.4179543726774 "1" 75 4
-1.53526613590095 "1" 75 4
-1.53046881349976 "1" 75 4
-1.39171321853553 "1" 75 4
-1.42930198980298 "1" 75 4
-1.39867978854583 "1" 75 4
-1.59742922697471 "1" 75 4
-1.70375027292158 "1" 75 4
1.41656919165831 "2" 75 4
1.88778134770182 "2" 75 4
1.42696452247358 "2" 75 4
1.70706465659382 "2" 75 4
1.4825789893344 "2" 75 4
1.5801332879671 "2" 75 4
1.38669996132444 "2" 75 4
1.66404264277747 "2" 75 4
1.36796332082053 "2" 75 4
1.74121317823237 "2" 75 4
1.51392399610033 "2" 75 4
1.3824344337929 "2" 75 4
1.30340500850478 "2" 75 4
1.51253396395853 "2" 75 4
1.72391981143398 "2" 75 4
1.84754388963893 "2" 89 5
1.60142072368159 "2" 89 5
1.71690379875131 "2" 89 5
1.59056543745803 "2" 89 5
1.67443294437749 "2" 89 5
1.843025735828 "2" 89 5
1.70863925328189 "2" 89 5
1.88460765277404 "2" 89 5
1.7168724365032 "2" 89 5
1.77358377443929 "2" 89 5
1.60403430520591 "2" 89 5
1.85588345082094 "2" 89 5
1.7732060801481 "2" 89 5
1.60620698414137 "2" 89 5
1.69984633082763 "2" 89 5
-1.69017318136162 "1" 89 5
-1.62577770251499 "1" 89 5
-1.68411307666805 "1" 89 5
-1.73261575863641 "1" 89 5
-1.71801835378037 "1" 89 5
-1.73499970210415 "1" 89 5
-1.80689858457634 "1" 89 5
-1.67426108987398 "1" 89 5
-1.85733703595947 "1" 89 5
-1.85305099567998 "1" 89 5
-1.61845157344346 "1" 89 5
-1.7210788648158 "1" 89 5
-1.85835318159669 "1" 89 5
-1.55277273888169 "1" 89 5
-1.76887095798474 "1" 89 5
1.69128368798209 "2" 74 6
1.78585984148663 "2" 74 6
1.42895230009871 "2" 74 6
1.67777921627857 "2" 74 6
1.5819118677307 "2" 74 6
1.54438568118588 "2" 74 6
1.5944559168358 "2" 74 6
1.46988897309619 "2" 74 6
1.52013704346872 "2" 74 6
1.46913705778329 "2" 74 6
1.50617857792899 "2" 74 6
1.74013950202938 "2" 74 6
1.85317352003694 "2" 74 6
1.53555607501019 "2" 74 6
1.56499520279911 "2" 74 6
-1.53709335329289 "1" 74 6
-1.46514982165519 "1" 74 6
-1.604187402254 "1" 74 6
-1.477632924238 "1" 74 6
-1.5171186682045 "1" 74 6
-1.5857552698601 "1" 74 6
-1.61751527934768 "1" 74 6
-1.65303740728522 "1" 74 6
-1.86130885108906 "1" 74 6
-1.74879567637164 "1" 74 6
-1.586902640973 "1" 74 6
-1.67193514845101 "1" 74 6
-1.61891113539498 "1" 74 6
-1.38004453447521 "1" 74 6
-1.63844635085871 "1" 74 6
1.4363785103763 "2" 82 7
1.39556413751725 "2" 82 7
1.47734409390738 "2" 82 7
1.4632094156015 "2" 82 7
1.36625566198637 "2" 82 7
1.58121971541663 "2" 82 7
1.59188067897274 "2" 82 7
1.46378000369202 "2" 82 7
1.51329634011372 "2" 82 7
1.3239619468832 "2" 82 7
1.42831750783907 "2" 82 7
1.42636773415739 "2" 82 7
1.29578291300663 "2" 82 7
1.52215840722488 "2" 82 7
1.30740558142046 "2" 82 7
-1.36448659767523 "1" 82 7
-1.44513894312352 "1" 82 7
-1.4562542971801 "1" 82 7
-1.45724058642798 "1" 82 7
-1.57098705775711 "1" 82 7
-1.25475620752373 "1" 82 7
-1.463547239863 "1" 82 7
-1.45288851595972 "1" 82 7
-1.66929372456593 "1" 82 7
-1.51201924198344 "1" 82 7
-1.4623195043111 "1" 82 7
-1.44556352486566 "1" 82 7
-1.36843547763336 "1" 82 7
-1.40187676115463 "1" 82 7
-1.26811496809102 "1" 82 7
1.65782501654266 "2" 92 8
1.71690848668801 "2" 92 8
1.27190416113053 "2" 92 8
1.23958689872809 "2" 92 8
1.31709160615253 "2" 92 8
1.45813298955489 "2" 92 8
1.28305871543068 "2" 92 8
1.25493930254459 "2" 92 8
1.40725955019113 "2" 92 8
1.26979344306406 "2" 92 8
1.26368549859517 "2" 92 8
1.45678309773101 "2" 92 8
1.20948589483898 "2" 92 8
1.3651448358165 "2" 92 8
1.39332611313856 "2" 92 8
-1.2096185506133 "1" 92 8
-1.28542717585181 "1" 92 8
-1.58244081536945 "1" 92 8
-1.42878526973035 "1" 92 8
-1.28504919857263 "1" 92 8
-1.47089527252645 "1" 92 8
-1.62515836426796 "1" 92 8
-1.2473910059925 "1" 92 8
-1.13058063122832 "1" 92 8
-1.40056848915759 "1" 92 8
-1.41177113296078 "1" 92 8
-1.43187537527988 "1" 92 8
-1.24801519812039 "1" 92 8
-1.38921946112326 "1" 92 8
-1.41812966935274 "1" 92 8
1.50742236581152 "2" 84 9
1.655059862195 "2" 84 9
1.54853568519302 "2" 84 9
1.61650116115948 "2" 84 9
1.37149393287494 "2" 84 9
1.35682068333482 "2" 84 9
1.27605707244891 "2" 84 9
1.65481854206746 "2" 84 9
1.44762922007904 "2" 84 9
1.49276091372856 "2" 84 9
1.48462670841393 "2" 84 9
1.37168363572314 "2" 84 9
1.34817906284714 "2" 84 9
1.47981502417014 "2" 84 9
1.4626755964747 "2" 84 9
-1.44983092897401 "1" 84 9
-1.52635788019596 "1" 84 9
-1.38398953415358 "1" 84 9
-1.34720779929857 "1" 84 9
-1.59860432451905 "1" 84 9
-1.49729428656496 "1" 84 9
-1.56270582090812 "1" 84 9
-1.47892892172315 "1" 84 9
-1.45872344678725 "1" 84 9
-1.53782853344829 "1" 84 9
-1.33113877362233 "1" 84 9
-1.55080418623074 "1" 84 9
-1.43729298183851 "1" 84 9
-1.44079530899481 "1" 84 9
-1.47257673926249 "1" 84 9
-1.18929098951693 "1" 88 10
-1.38344089918044 "1" 88 10
-1.25347068482476 "1" 88 10
-1.07928916225402 "1" 88 10
-1.35651363418895 "1" 88 10
-1.18353225612733 "1" 88 10
-1.54665718051085 "1" 88 10
-1.27645427623626 "1" 88 10
-1.40711061522724 "1" 88 10
-1.12258083509017 "1" 88 10
-1.20285221112221 "1" 88 10
-1.48462170235068 "1" 88 10
-1.51256421494403 "1" 88 10
-1.31345916369552 "1" 88 10
-1.35256816980264 "1" 88 10
1.47072832849853 "2" 88 10
1.17223464226434 "2" 88 10
1.20709100290374 "2" 88 10
1.47269578831691 "2" 88 10
1.45858714223711 "2" 88 10
1.14621074681686 "2" 88 10
1.36180064655704 "2" 88 10
1.42343340211291 "2" 88 10
1.17966064110696 "2" 88 10
1.3236829190329 "2" 88 10
1.22594870340222 "2" 88 10
1.41181212773811 "2" 88 10
1.16534523376848 "2" 88 10
1.31772268565107 "2" 88 10
1.32745198466486 "2" 88 10
1.38159170366513 "2" 85 11
1.52781011128448 "2" 85 11
1.10910218954626 "2" 85 11
1.62758275334597 "2" 85 11
1.38958136642137 "2" 85 11
1.2728066733009 "2" 85 11
1.32501668654984 "2" 85 11
1.23468634265112 "2" 85 11
1.12482694307945 "2" 85 11
1.15578711523555 "2" 85 11
1.17214336359306 "2" 85 11
1.38957751813193 "2" 85 11
1.42945890552238 "2" 85 11
1.19785210249641 "2" 85 11
1.53371310844519 "2" 85 11
-1.4579893790487 "1" 85 11
-1.32982721498642 "1" 85 11
-1.36304404397643 "1" 85 11
-1.33823190803403 "1" 85 11
-1.50593261891837 "1" 85 11
-1.1786793762231 "1" 85 11
-1.18285577129019 "1" 85 11
-1.44535521024679 "1" 85 11
-1.4372694538367 "1" 85 11
-1.2825620432949 "1" 85 11
-1.34303875855332 "1" 85 11
-1.16128831604046 "1" 85 11
-1.36060160975616 "1" 85 11
-1.13423809664883 "1" 85 11
-1.35062308241466 "1" 85 11
-1.33470726433395 "1" 85 12
-1.42047629423938 "1" 85 12
-1.35880795320207 "1" 85 12
-1.45609677007928 "1" 85 12
-1.4574537208098 "1" 85 12
-1.50644469165482 "1" 85 12
-1.4459060054706 "1" 85 12
-1.43667240719256 "1" 85 12
-1.19505414761031 "1" 85 12
-1.56769936756525 "1" 85 12
-1.30973833816979 "1" 85 12
-1.23366509687221 "1" 85 12
-1.12217883057169 "1" 85 12
-1.46390618633091 "1" 85 12
-1.34825221837521 "1" 85 12
1.37931741654112 "2" 85 12
1.23333154250976 "2" 85 12
1.19140593615178 "2" 85 12
1.25368741310337 "2" 85 12
1.39886247377198 "2" 85 12
1.43590886567546 "2" 85 12
1.41184752069149 "2" 85 12
1.47363247881761 "2" 85 12
1.63491984600122 "2" 85 12
1.18368191675956 "2" 85 12
1.19125117861065 "2" 85 12
1.45058336845125 "2" 85 12
1.50845186908544 "2" 85 12
1.47827235932354 "2" 85 12
1.43190510698359 "2" 85 12
-1.42601406138253 "1" 98 13
-1.46768675491338 "1" 98 13
-1.34334528453178 "1" 98 13
-1.46730035009782 "1" 98 13
-1.33903558073814 "1" 98 13
-1.41504268052223 "1" 98 13
-1.42106037826658 "1" 98 13
-1.3911383294757 "1" 98 13
-1.18059352477284 "1" 98 13
-1.26584297281535 "1" 98 13
-1.44394977559328 "1" 98 13
-1.31087055591471 "1" 98 13
-1.32938839188933 "1" 98 13
-1.30357519369663 "1" 98 13
-1.51739288265717 "1" 98 13
1.32193708184866 "2" 98 13
1.49328058493398 "2" 98 13
1.49704193485586 "2" 98 13
1.38030967304598 "2" 98 13
1.3088611276196 "2" 98 13
1.44464862616385 "2" 98 13
1.46294035307038 "2" 98 13
1.17946558121956 "2" 98 13
1.46830343070452 "2" 98 13
1.23543189089397 "2" 98 13
1.40017659025581 "2" 98 13
1.35657464048148 "2" 98 13
1.31911290436291 "2" 98 13
1.26632510827814 "2" 98 13
1.4878271895328 "2" 98 13
-1.47266735965494 "1" 77 14
-1.54069517951669 "1" 77 14
-1.6371266828067 "1" 77 14
-1.424481778692 "1" 77 14
-1.30502955706121 "1" 77 14
-1.60739225587084 "1" 77 14
-1.71543598911539 "1" 77 14
-1.59564718498711 "1" 77 14
-1.24582486822743 "1" 77 14
-1.30576158673639 "1" 77 14
-1.37000423350693 "1" 77 14
-1.36169641635187 "1" 77 14
-1.59142230875371 "1" 77 14
-1.3464569043186 "1" 77 14
-1.49204453158864 "1" 77 14
1.15130605006726 "2" 77 14
1.44364117343382 "2" 77 14
1.5969911289675 "2" 77 14
1.54361899944308 "2" 77 14
1.75327727785236 "2" 77 14
1.44551013282589 "2" 77 14
1.41744923781595 "2" 77 14
1.4701245035414 "2" 77 14
1.58330201095392 "2" 77 14
1.41602863864339 "2" 77 14
1.50874203901286 "2" 77 14
1.43114748443971 "2" 77 14
1.55469981748126 "2" 77 14
1.45337885191044 "2" 77 14
1.24246949079962 "2" 77 14
-1.47446398340195 "1" 86 15
-1.50199345639489 "1" 86 15
-1.54708914448771 "1" 86 15
-1.44870719185074 "1" 86 15
-1.62548614507681 "1" 86 15
-1.45801136400266 "1" 86 15
-1.55416210672448 "1" 86 15
-1.38395847529717 "1" 86 15
-1.37636856255218 "1" 86 15
-1.56644903020783 "1" 86 15
-1.41002140325495 "1" 86 15
-1.56484964315009 "1" 86 15
-1.40644792528654 "1" 86 15
-1.5246366838637 "1" 86 15
-1.53467848471582 "1" 86 15
1.59022638157948 "2" 86 15
1.16543695306992 "2" 86 15
1.57836981415001 "2" 86 15
1.65719795799778 "2" 86 15
1.46834919812774 "2" 86 15
1.50539133149332 "2" 86 15
1.58888698083732 "2" 86 15
1.65019206858561 "2" 86 15
1.5581074936229 "2" 86 15
1.36499628386548 "2" 86 15
1.40511608503696 "2" 86 15
1.34247687487587 "2" 86 15
1.27095381467975 "2" 86 15
1.68664941581768 "2" 86 15
1.54497294652772 "2" 86 15
1.52483428617331 "2" 72 16
1.69870262238787 "2" 72 16
1.62445584378926 "2" 72 16
1.34349747110418 "2" 72 16
1.37245413259389 "2" 72 16
1.55489393973619 "2" 72 16
1.49760875304322 "2" 72 16
1.64997720931844 "2" 72 16
1.75804238707064 "2" 72 16
1.46594156920818 "2" 72 16
1.51920664196568 "2" 72 16
1.47629222648864 "2" 72 16
1.49427985655979 "2" 72 16
1.65967656999827 "2" 72 16
1.53518141492957 "2" 72 16
-1.59907673379495 "1" 72 16
-1.40678173756911 "1" 72 16
-1.7715168937153 "1" 72 16
-1.50699847408324 "1" 72 16
-1.58837575963398 "1" 72 16
-1.66172105816131 "1" 72 16
-1.65565857193807 "1" 72 16
-1.53393590830524 "1" 72 16
-1.40251575539286 "1" 72 16
-1.65300456555173 "1" 72 16
-1.54630673945589 "1" 72 16
-1.54529785122977 "1" 72 16
-1.33617494154441 "1" 72 16
-1.50143510263266 "1" 72 16
-1.46624483135861 "1" 72 16
1.47811056586858 "2" 80 17
1.32271415704678 "2" 80 17
1.22899485758905 "2" 80 17
1.42351311967509 "2" 80 17
1.25837765588969 "2" 80 17
1.31879695399921 "2" 80 17
1.33844690787061 "2" 80 17
1.57067169001687 "2" 80 17
1.3683866901276 "2" 80 17
1.35984002751731 "2" 80 17
1.55833594301588 "2" 80 17
1.57983956501411 "2" 80 17
1.43992173327524 "2" 80 17
1.41679477303812 "2" 80 17
1.39883398642678 "2" 80 17
-1.41808570005839 "1" 80 17
-1.18564400683871 "1" 80 17
-1.59711012602992 "1" 80 17
-1.32126967433093 "1" 80 17
-1.30055041967373 "1" 80 17
-1.30037614477742 "1" 80 17
-1.40178023459216 "1" 80 17
-1.56212489177669 "1" 80 17
-1.29783315867905 "1" 80 17
-1.44189789638868 "1" 80 17
-1.41415839930294 "1" 80 17
-1.3994782395337 "1" 80 17
-1.47919753732638 "1" 80 17
-1.42890663698288 "1" 80 17
-1.51316556007933 "1" 80 17
-1.45296257293368 "1" 86 18
-1.33141153725436 "1" 86 18
-1.29163910742513 "1" 86 18
-1.26464105694594 "1" 86 18
-1.35899122999905 "1" 86 18
-1.42870449867136 "1" 86 18
-1.25808764939691 "1" 86 18
-1.20229291449774 "1" 86 18
-1.37095270869984 "1" 86 18
-1.15293390453422 "1" 86 18
-1.522422389019 "1" 86 18
-1.37034107158539 "1" 86 18
-1.20897568294358 "1" 86 18
-1.14737455525802 "1" 86 18
-1.28366141315924 "1" 86 18
1.47685143367757 "2" 86 18
1.53054683636776 "2" 86 18
1.15454183254355 "2" 86 18
1.35558359109513 "2" 86 18
1.44483010675385 "2" 86 18
1.32704146812753 "2" 86 18
1.08064815234728 "2" 86 18
1.38219519693901 "2" 86 18
1.30933953202163 "2" 86 18
1.19909929544981 "2" 86 18
1.54401282334046 "2" 86 18
1.19872044706171 "2" 86 18
1.37124637558739 "2" 86 18
1.19808215916324 "2" 86 18
1.07265304184755 "2" 86 18
1.4372127211664 "2" 85 19
1.17996693359315 "2" 85 19
1.29733686634628 "2" 85 19
1.35051177666328 "2" 85 19
1.51938260210207 "2" 85 19
1.59530468927984 "2" 85 19
1.46691795424579 "2" 85 19
1.34813443469266 "2" 85 19
1.32731350902183 "2" 85 19
1.24826825017545 "2" 85 19
1.32385092843155 "2" 85 19
1.40184203506344 "2" 85 19
1.22943253409519 "2" 85 19
1.39759333796163 "2" 85 19
1.28921749123693 "2" 85 19
-1.31796201478624 "1" 85 19
-1.48719503418783 "1" 85 19
-1.26607316915003 "1" 85 19
-1.46455111589171 "1" 85 19
-1.17621249136428 "1" 85 19
-1.42409920256579 "1" 85 19
-1.30349039588766 "1" 85 19
-1.50615026948508 "1" 85 19
-1.32697267111397 "1" 85 19
-1.31578517222956 "1" 85 19
-1.27655491905118 "1" 85 19
-1.29551159569495 "1" 85 19
-1.46264323745772 "1" 85 19
-1.46558106882158 "1" 85 19
-1.3235037063879 "1" 85 19
-1.37748522033739 "1" 98 20
-1.25140580589727 "1" 98 20
-1.35351977087055 "1" 98 20
-1.21165756380511 "1" 98 20
-1.34725235331079 "1" 98 20
-1.21747083973186 "1" 98 20
-1.3786535841849 "1" 98 20
-1.2248872182261 "1" 98 20
-1.16854733441298 "1" 98 20
-1.20166432837957 "1" 98 20
-1.2094152892386 "1" 98 20
-1.3556175234314 "1" 98 20
-1.19711586449817 "1" 98 20
-1.26217946145085 "1" 98 20
-1.3092077963421 "1" 98 20
1.45968224608366 "2" 98 20
1.3562650261169 "2" 98 20
1.07434446724586 "2" 98 20
1.17496083049711 "2" 98 20
1.17274736900118 "2" 98 20
1.45166093614719 "2" 98 20
1.12351941447945 "2" 98 20
1.4215059511242 "2" 98 20
1.40143541830185 "2" 98 20
1.16216187657075 "2" 98 20
1.34388742415656 "2" 98 20
1.24529222958644 "2" 98 20
1.15529095395953 "2" 98 20
1.13693953876066 "2" 98 20
1.3863862720863 "2" 98 20
