"X1" "X2" "cl" "nbases" "wilks.lambda" ".sample"
-0.486435686565097 -1.33634845311889 "3" 90 0.00476490367984128 1
-0.635573911480468 0.417802680871868 "2" 90 0.00476490367984128 1
0.984539357892766 0.862128581143718 "1" 90 0.00476490367984128 1
-0.435776706596888 0.569963965203983 "2" 90 0.00476490367984128 1
1.14392210216681 -0.259257762961776 "1" 90 0.00476490367984128 1
1.22013180592938 0.26921890526498 "1" 90 0.00476490367984128 1
1.64363904119789 0.213642610246739 "1" 90 0.00476490367984128 1
-0.87811205729562 -1.39917013429576 "3" 90 0.00476490367984128 1
-0.598044176793421 1.2812864818165 "2" 90 0.00476490367984128 1
1.20367386782206 0.160875092855201 "1" 90 0.00476490367984128 1
1.25259884361124 0.223645395285304 "1" 90 0.00476490367984128 1
-0.637059324037955 0.714798615919628 "2" 90 0.00476490367984128 1
-0.632345748316999 -1.01723546479723 "3" 90 0.00476490367984128 1
-0.310977716361443 -0.888746284729193 "3" 90 0.00476490367984128 1
-0.454649761847739 -0.558448776431199 "3" 90 0.00476490367984128 1
1.12178943632953 -0.11235870083237 "1" 90 0.00476490367984128 1
-0.694752555730622 0.779747339958291 "2" 90 0.00476490367984128 1
1.30921650160531 0.43844964282266 "1" 90 0.00476490367984128 1
-1.0043528366707 -0.624239821607776 "3" 90 0.00476490367984128 1
-0.840482997277013 1.21623087826002 "2" 90 0.00476490367984128 1
1.03884746575708 0.179103054257399 "1" 90 0.00476490367984128 1
-0.688210106933573 1.13345305748154 "2" 90 0.00476490367984128 1
-0.499855946060261 0.859000772222836 "2" 90 0.00476490367984128 1
-0.769017041265049 1.15765418497192 "2" 90 0.00476490367984128 1
1.34054524739245 -0.0679621996563446 "1" 90 0.00476490367984128 1
-0.255531889489837 -1.25431383728847 "3" 90 0.00476490367984128 1
-0.633069607496287 -1.55520341548164 "3" 90 0.00476490367984128 1
-0.690175772798815 -0.982282241131032 "3" 90 0.00476490367984128 1
-0.28995544215997 -1.37392050580198 "3" 90 0.00476490367984128 1
-0.824524384526753 0.952486339551081 "2" 90 0.00476490367984128 1
-0.201251127073967 -0.329046879624323 "3" 103 0.00477219482501243 2
-0.076039348611628 -1.25257566821692 "1" 103 0.00477219482501243 2
1.8850662560453 1.42191020329476 "2" 103 0.00477219482501243 2
0.870116694130842 1.07787491713707 "2" 103 0.00477219482501243 2
-0.549476266036747 0.393461804595272 "3" 103 0.00477219482501243 2
1.34214810903021 1.30395618930626 "2" 103 0.00477219482501243 2
-0.510925713851976 -1.21596239121131 "1" 103 0.00477219482501243 2
-1.71778937417605 0.1189572461819 "3" 103 0.00477219482501243 2
0.794793736325948 1.3694727028243 "2" 103 0.00477219482501243 2
-1.18047230412534 0.116778747480438 "3" 103 0.00477219482501243 2
0.3821521021878 1.54505155492943 "2" 103 0.00477219482501243 2
1.07701476047004 1.3013203191761 "2" 103 0.00477219482501243 2
0.0426936735965585 -1.55069946082065 "1" 103 0.00477219482501243 2
-1.47511844548523 -0.0455793254891113 "3" 103 0.00477219482501243 2
-0.159323972606867 -1.59477801797294 "1" 103 0.00477219482501243 2
-1.4393923629956 -0.0680639662557069 "3" 103 0.00477219482501243 2
-0.595436239471889 -0.167922861983843 "3" 103 0.00477219482501243 2
-1.2857623665127 0.00117009306585991 "3" 103 0.00477219482501243 2
0.0411701194254591 -1.21379765116729 "1" 103 0.00477219482501243 2
-1.22153621524772 -0.0520298045078363 "3" 103 0.00477219482501243 2
0.339845313768784 -1.3201111643246 "1" 103 0.00477219482501243 2
1.43458219549554 1.04753505647427 "2" 103 0.00477219482501243 2
-0.0368864150093635 -1.19377456474373 "1" 103 0.00477219482501243 2
0.216423138655481 -1.21362063125429 "1" 103 0.00477219482501243 2
0.393571885121787 -1.33602282200062 "1" 103 0.00477219482501243 2
0.685793267695412 1.47535488334707 "2" 103 0.00477219482501243 2
0.235564872836099 -1.40175916737336 "1" 103 0.00477219482501243 2
1.22093422715349 1.68878279584033 "2" 103 0.00477219482501243 2
0.683147937734221 1.20694225621598 "2" 103 0.00477219482501243 2
-1.19560813846791 -0.112824392922531 "3" 103 0.00477219482501243 2
-1.46525468532742 -0.251344282320446 "3" 91 0.00482220280345659 3
0.835804109991103 1.52422343229401 "1" 91 0.00482220280345659 3
1.07322008993659 1.39198174928828 "1" 91 0.00482220280345659 3
1.13011564948427 0.70705351234144 "1" 91 0.00482220280345659 3
0.96127119932701 -1.1134920272564 "2" 91 0.00482220280345659 3
-1.52512036661198 -0.366976358565576 "3" 91 0.00482220280345659 3
0.396795643493478 -0.474809758656451 "2" 91 0.00482220280345659 3
0.457599488142623 -1.61243886003656 "2" 91 0.00482220280345659 3
0.164078194722977 -1.26372880433728 "2" 91 0.00482220280345659 3
1.1753116098032 1.30474915581731 "1" 91 0.00482220280345659 3
-1.97028284779415 0.517848784015881 "3" 91 0.00482220280345659 3
0.921303432403078 1.365469721493 "1" 91 0.00482220280345659 3
0.690407881265396 -1.91218721283975 "2" 91 0.00482220280345659 3
-1.71810389705631 0.635877148080619 "3" 91 0.00482220280345659 3
1.30569622884311 1.62175256834309 "1" 91 0.00482220280345659 3
0.940070971531564 0.0897411973018071 "1" 91 0.00482220280345659 3
-1.55100368959109 0.513114712145595 "3" 91 0.00482220280345659 3
0.839248822269851 1.32972276773344 "1" 91 0.00482220280345659 3
0.561095854591607 -1.09919744298415 "2" 91 0.00482220280345659 3
-1.05737656478007 0.0915215974006509 "3" 91 0.00482220280345659 3
0.267274406358879 -1.48658691907907 "2" 91 0.00482220280345659 3
0.826778688919998 -1.15244439842672 "2" 91 0.00482220280345659 3
-1.61650455671481 -0.160192210529934 "3" 91 0.00482220280345659 3
0.429827401438467 -1.65294823640337 "2" 91 0.00482220280345659 3
1.18696165377177 1.51667443095363 "1" 91 0.00482220280345659 3
-1.46284326429017 0.582526293890183 "3" 91 0.00482220280345659 3
-1.4974614489385 0.139645010023552 "3" 91 0.00482220280345659 3
-1.50156221165045 -0.349539002047859 "3" 91 0.00482220280345659 3
0.184650923663284 -1.31886200204581 "2" 91 0.00482220280345659 3
1.0180012827967 0.882845434406875 "1" 91 0.00482220280345659 3
0.632869708926683 -0.351977903122823 "1" 81 0.0144624954857032 4
1.66347379320624 0.0445640664109605 "1" 81 0.0144624954857032 4
0.793958112396081 -1.56361012700114 "1" 81 0.0144624954857032 4
1.7782966407871 -0.14042147657025 "1" 81 0.0144624954857032 4
1.33748421209114 -0.193609500412499 "1" 81 0.0144624954857032 4
1.45971878655947 -0.882513774510967 "1" 81 0.0144624954857032 4
1.62548979505904 0.357510705691975 "1" 81 0.0144624954857032 4
1.61371626899256 -1.10774429388691 "1" 81 0.0144624954857032 4
0.915272438247116 -1.32524936788695 "1" 81 0.0144624954857032 4
1.33167817684708 0.0382388881256469 "1" 81 0.0144624954857032 4
0.0907144430619253 1.3066974079523 "2" 81 0.0144624954857032 4
-0.567204502647948 2.03938701761753 "2" 81 0.0144624954857032 4
-0.0852621143997363 1.97421625415403 "2" 81 0.0144624954857032 4
-0.705759178769894 1.3630169179666 "2" 81 0.0144624954857032 4
-0.0270772336208263 1.96099935967135 "2" 81 0.0144624954857032 4
-0.451028187398242 1.20521376843365 "2" 81 0.0144624954857032 4
-0.953003411521807 1.03323556703784 "2" 81 0.0144624954857032 4
-0.087301202666932 1.75389905281963 "2" 81 0.0144624954857032 4
-0.734095750216734 0.625420713695422 "2" 81 0.0144624954857032 4
-0.0229531038414843 2.16702452690179 "2" 81 0.0144624954857032 4
-1.38640930183066 -1.05005344354503 "3" 81 0.0144624954857032 4
-1.27522877646491 -1.41276086493157 "3" 81 0.0144624954857032 4
-0.791192927447833 -0.16469115430813 "3" 81 0.0144624954857032 4
-1.03726083305151 -1.07862275144069 "3" 81 0.0144624954857032 4
-0.924390441457606 -1.42873466527319 "3" 81 0.0144624954857032 4
-0.736115711954933 -0.329189341853712 "3" 81 0.0144624954857032 4
-1.18964787703681 -1.67095092082573 "3" 81 0.0144624954857032 4
-0.389105715568441 -1.05019346968689 "3" 81 0.0144624954857032 4
-0.858078061563525 -1.09927526322491 "3" 81 0.0144624954857032 4
-1.02155804471461 -1.01982592799733 "3" 81 0.0144624954857032 4
-0.494005358583267 0.487962313021505 "2" 68 0.00546206637297957 5
-1.45465065637737 1.11463500354513 "2" 68 0.00546206637297957 5
0.608546049751229 -1.96280813878228 "1" 68 0.00546206637297957 5
1.01354126966795 0.687878665251468 "3" 68 0.00546206637297957 5
1.56738557681631 0.345229986535909 "3" 68 0.00546206637297957 5
-0.192017030639544 -0.859535484299568 "1" 68 0.00546206637297957 5
-1.45002687513758 1.03053174697196 "2" 68 0.00546206637297957 5
0.807600755782304 0.913614872583295 "3" 68 0.00546206637297957 5
0.33990916397739 -1.65403715527174 "1" 68 0.00546206637297957 5
-1.07140885616028 0.986295242968587 "2" 68 0.00546206637297957 5
0.764716049753207 0.823192241909828 "3" 68 0.00546206637297957 5
0.227183679254473 -1.56730431359297 "1" 68 0.00546206637297957 5
1.25956840045118 0.76730907726986 "3" 68 0.00546206637297957 5
-0.92036777067669 1.08584418895602 "2" 68 0.00546206637297957 5
0.0115311040572459 -1.38867147305658 "1" 68 0.00546206637297957 5
-1.09494818515494 1.2301689604948 "2" 68 0.00546206637297957 5
-0.988662856321023 0.369086346737217 "2" 68 0.00546206637297957 5
-1.72614520862254 0.766771591612791 "2" 68 0.00546206637297957 5
-0.97981982333673 0.913805024658593 "2" 68 0.00546206637297957 5
-0.0981329084187453 -1.22385979208305 "1" 68 0.00546206637297957 5
1.53812834353539 0.0924304093745229 "3" 68 0.00546206637297957 5
-0.402991366474309 -1.24892505300306 "1" 68 0.00546206637297957 5
-0.734987176647917 -1.78835878032752 "1" 68 0.00546206637297957 5
1.33296152915568 0.660175390804798 "3" 68 0.00546206637297957 5
1.16035844917615 0.699553666566005 "3" 68 0.00546206637297957 5
1.4159977250323 0.230594987494281 "3" 68 0.00546206637297957 5
-0.249206487342086 -1.28397163284375 "1" 68 0.00546206637297957 5
-1.49206307638159 1.27512237531109 "2" 68 0.00546206637297957 5
1.39800733233951 0.281932767535305 "3" 68 0.00546206637297957 5
-0.0960017924757028 -1.78466303634245 "1" 68 0.00546206637297957 5
-0.154513953293881 0.354546640603009 "3" 90 0.00753102945099189 6
-0.924282668194384 -0.638130717805007 "3" 90 0.00753102945099189 6
1.03524057628485 -0.789047729049818 "1" 90 0.00753102945099189 6
0.200555244087996 1.81662242686405 "2" 90 0.00753102945099189 6
-0.0735571147288623 1.27350126100534 "2" 90 0.00753102945099189 6
1.27844102430096 -1.23986204863523 "1" 90 0.00753102945099189 6
1.74789255483818 -0.712706500093357 "1" 90 0.00753102945099189 6
1.05184334171745 -1.1809470483487 "1" 90 0.00753102945099189 6
-0.451745020959342 0.221512776804576 "3" 90 0.00753102945099189 6
1.17736800277877 -0.4813478358908 "1" 90 0.00753102945099189 6
-0.431406183000028 1.50001982441961 "2" 90 0.00753102945099189 6
-1.03784707146269 -0.387877915022533 "3" 90 0.00753102945099189 6
-0.281439155898564 1.58026676330713 "2" 90 0.00753102945099189 6
-0.79419699927536 -0.369575797890587 "3" 90 0.00753102945099189 6
-1.27671408093658 -0.742075195280358 "3" 90 0.00753102945099189 6
-1.08703291206457 -1.04827002722099 "3" 90 0.00753102945099189 6
-1.02375245678028 -0.682317564188367 "3" 90 0.00753102945099189 6
0.819509058491404 -1.10725114603143 "1" 90 0.00753102945099189 6
-0.0119650586132467 1.5846206742065 "2" 90 0.00753102945099189 6
-0.439183347030845 1.08965020776964 "2" 90 0.00753102945099189 6
-1.41668368908872 -0.23067838810146 "3" 90 0.00753102945099189 6
-0.90197699388821 -1.21322743720557 "3" 90 0.00753102945099189 6
0.748675448124536 -1.06327792206845 "1" 90 0.00753102945099189 6
0.972560146983209 -0.968306465239511 "1" 90 0.00753102945099189 6
1.0415302370664 -1.13864415912621 "1" 90 0.00753102945099189 6
-0.286522999188449 1.29679394138467 "2" 90 0.00753102945099189 6
-0.176208982182473 1.12504470419966 "2" 90 0.00753102945099189 6
-0.616587517770571 1.21242538020408 "2" 90 0.00753102945099189 6
1.42134364882018 -0.676911721082545 "1" 90 0.00753102945099189 6
-0.109343079136878 1.61545101751265 "2" 90 0.00753102945099189 6
-0.0102844666484766 0.354056323952548 "3" 123 0.00790831254186355 7
0.148691824438743 1.38651449232751 "3" 123 0.00790831254186355 7
0.612502256356184 -1.31491284762871 "1" 123 0.00790831254186355 7
-0.739613373782638 -0.0859953365984785 "2" 123 0.00790831254186355 7
0.146525419466839 1.19863573726631 "3" 123 0.00790831254186355 7
-1.06332438263273 -1.06106899447554 "2" 123 0.00790831254186355 7
0.624877463142643 -0.923071270529127 "1" 123 0.00790831254186355 7
-1.42152484114378 -0.449865811320976 "2" 123 0.00790831254186355 7
0.786376271409567 -1.19068695930885 "1" 123 0.00790831254186355 7
1.27764311673083 -0.655093878720832 "1" 123 0.00790831254186355 7
1.33801367437106 -0.52958000997102 "1" 123 0.00790831254186355 7
0.500954220234037 1.5140998372709 "3" 123 0.00790831254186355 7
0.39613928842527 1.95338678043611 "3" 123 0.00790831254186355 7
-0.122299872034069 0.826392774747369 "3" 123 0.00790831254186355 7
-0.0805121204292766 1.51143003923451 "3" 123 0.00790831254186355 7
-1.162451963666 -0.783117505390068 "2" 123 0.00790831254186355 7
-1.83092103883051 -0.928886352335253 "2" 123 0.00790831254186355 7
1.17973578721098 -0.389513895420662 "1" 123 0.00790831254186355 7
-0.219672446657878 1.23243784862525 "3" 123 0.00790831254186355 7
1.62627964582533 -0.0389768533247031 "1" 123 0.00790831254186355 7
-0.193393842581734 1.77776370332838 "3" 123 0.00790831254186355 7
-1.49766886715381 -0.710832755530828 "2" 123 0.00790831254186355 7
-0.958644631934159 -0.183837429108032 "2" 123 0.00790831254186355 7
-1.13632675597432 -1.04014661243439 "2" 123 0.00790831254186355 7
1.34898085809743 -0.56844728178515 "1" 123 0.00790831254186355 7
-1.33366089861956 -0.898317853881438 "2" 123 0.00790831254186355 7
1.55770819213474 -0.406398775489539 "1" 123 0.00790831254186355 7
-1.35554351167832 -0.704203288992948 "2" 123 0.00790831254186355 7
1.08475020411597 -0.583139718781207 "1" 123 0.00790831254186355 7
0.496664791807641 1.69137589383887 "3" 123 0.00790831254186355 7
0.346909639086087 -0.247827860855737 "3" 98 0.00829306768682415 8
-1.42119803777758 -0.291096096933443 "1" 98 0.00829306768682415 8
0.268072112965836 1.21162080047383 "2" 98 0.00829306768682415 8
-1.35846996150237 -0.0366678488688163 "1" 98 0.00829306768682415 8
-1.00633691680989 -0.371467267248316 "1" 98 0.00829306768682415 8
-0.00923039248562567 0.94483979012251 "2" 98 0.00829306768682415 8
0.221256354478929 1.44937033410022 "2" 98 0.00829306768682415 8
-1.29793110601413 -0.53459384925243 "1" 98 0.00829306768682415 8
0.779099985388886 -0.559942308653148 "3" 98 0.00829306768682415 8
-1.44140821543642 -0.438994976346285 "1" 98 0.00829306768682415 8
0.327628342217754 1.52679249400276 "2" 98 0.00829306768682415 8
1.38924226658768 -0.253719238297818 "3" 98 0.00829306768682415 8
0.249627801538506 1.09872212017713 "2" 98 0.00829306768682415 8
-0.060835695853458 1.26473490186861 "2" 98 0.00829306768682415 8
0.665431121269333 -1.4184936323675 "3" 98 0.00829306768682415 8
1.07082048281079 -0.471389938268976 "3" 98 0.00829306768682415 8
1.28106078449858 -0.462333459008615 "3" 98 0.00829306768682415 8
-1.35213256539751 -0.901226809616701 "1" 98 0.00829306768682415 8
-1.38801240323218 -0.848534309252856 "1" 98 0.00829306768682415 8
0.433394294416598 1.39849186241326 "2" 98 0.00829306768682415 8
0.976951702234407 -0.711558532652653 "3" 98 0.00829306768682415 8
1.05321293623402 -1.35843474225841 "3" 98 0.00829306768682415 8
-0.744000817087377 -0.0214333699108831 "1" 98 0.00829306768682415 8
1.40270954443189 -1.31901619764938 "3" 98 0.00829306768682415 8
1.34345240819525 -1.12898223498466 "3" 98 0.00829306768682415 8
0.535898464108629 1.02490338879284 "2" 98 0.00829306768682415 8
-1.14250541422115 -0.52144884473591 "1" 98 0.00829306768682415 8
0.357597164362816 1.15646622071133 "2" 98 0.00829306768682415 8
-1.31393922109318 -0.251932578957016 "1" 98 0.00829306768682415 8
-0.166364657915136 1.07315218345705 "2" 98 0.00829306768682415 8
0.382144296900262 -1.69542065034591 "1" 98 0.00905245267946023 9
1.45926101009126 0.852071967422753 "3" 98 0.00905245267946023 9
-1.90330133981615 0.0295954023973226 "2" 98 0.00905245267946023 9
-0.749250304224619 1.02720487606634 "2" 98 0.00905245267946023 9
0.0499288866573347 0.794849141768462 "3" 98 0.00905245267946023 9
-1.03340725908011 0.297525849818878 "2" 98 0.00905245267946023 9
-0.0150124053373169 -1.18482778130197 "1" 98 0.00905245267946023 9
0.507681465801424 -1.66866352462912 "1" 98 0.00905245267946023 9
-1.20273796238745 0.429526043331902 "2" 98 0.00905245267946023 9
0.351581433833815 -1.63168307538283 "1" 98 0.00905245267946023 9
0.322793810177575 -1.27849789286066 "1" 98 0.00905245267946023 9
-1.24399125095768 0.364564162272687 "2" 98 0.00905245267946023 9
0.372372077642658 -1.92327978602506 "1" 98 0.00905245267946023 9
0.875550570900877 1.05976440452618 "3" 98 0.00905245267946023 9
-1.23425838412659 1.23253150409279 "2" 98 0.00905245267946023 9
-0.858740298573284 0.184415480007112 "2" 98 0.00905245267946023 9
0.417065787801811 0.757049906992839 "3" 98 0.00905245267946023 9
1.07009634138942 1.18909727515207 "3" 98 0.00905245267946023 9
1.03406605539446 0.758203625027353 "3" 98 0.00905245267946023 9
0.571842789788633 1.36883810780779 "3" 98 0.00905245267946023 9
1.33431867368144 1.49260293040304 "3" 98 0.00905245267946023 9
-0.336552082658405 -1.16520890930849 "1" 98 0.00905245267946023 9
-0.69533638325521 0.749594166642777 "2" 98 0.00905245267946023 9
-1.29359699066301 0.317304905536049 "2" 98 0.00905245267946023 9
0.111689431103985 -2.12167722203698 "1" 98 0.00905245267946023 9
-1.23508290868064 0.488099779049878 "2" 98 0.00905245267946023 9
0.398502091621478 -1.60555678673974 "1" 98 0.00905245267946023 9
1.28792719347806 1.41174520179769 "3" 98 0.00905245267946023 9
0.143647987737593 -1.46966249558585 "1" 98 0.00905245267946023 9
1.11079766575839 0.939893394102693 "3" 98 0.00905245267946023 9
-0.169202961569301 0.578624764793382 "1" 102 0.0101125442498616 10
-0.60283949901705 -1.4982139159841 "2" 102 0.0101125442498616 10
0.62625482587059 0.199649941589869 "3" 102 0.0101125442498616 10
2.051509606596 0.0997305331075473 "3" 102 0.0101125442498616 10
-0.337382958841778 0.770114416455378 "1" 102 0.0101125442498616 10
-0.680383499184962 -1.08364947753135 "2" 102 0.0101125442498616 10
-0.81240157167157 1.17922787345047 "1" 102 0.0101125442498616 10
-1.56770895792852 -1.1734996264349 "2" 102 0.0101125442498616 10
1.04605195263111 0.294089722095233 "3" 102 0.0101125442498616 10
-0.462479056348541 -1.8336148796563 "2" 102 0.0101125442498616 10
0.733474590155643 0.474483267628456 "3" 102 0.0101125442498616 10
-0.569691263812007 1.22164296517215 "1" 102 0.0101125442498616 10
-1.18985249531022 1.86747580228577 "1" 102 0.0101125442498616 10
1.32809759228264 -0.00992658603712357 "3" 102 0.0101125442498616 10
-1.25263859932065 -1.77091006122557 "2" 102 0.0101125442498616 10
-0.639222222028073 1.45956339638783 "1" 102 0.0101125442498616 10
-1.85478253243884 -1.4823349789751 "2" 102 0.0101125442498616 10
1.05553330203612 0.416322960160319 "3" 102 0.0101125442498616 10
0.769020052896317 0.29306129477576 "3" 102 0.0101125442498616 10
0.158733050626835 1.28620544626632 "1" 102 0.0101125442498616 10
1.61024606719924 0.163881755122279 "3" 102 0.0101125442498616 10
-0.454008365921911 1.12584152122144 "1" 102 0.0101125442498616 10
-0.299803869994299 -1.43365724904803 "2" 102 0.0101125442498616 10
1.63874472066497 0.565116993853477 "3" 102 0.0101125442498616 10
-0.921174724782952 -1.37992013223736 "2" 102 0.0101125442498616 10
-0.584857805298584 -1.46811092576726 "2" 102 0.0101125442498616 10
1.87387470435142 -0.0632050990379694 "3" 102 0.0101125442498616 10
0.177621453686166 1.26819099456791 "1" 102 0.0101125442498616 10
-0.313992687314618 1.30293218758909 "1" 102 0.0101125442498616 10
-0.356738848213175 -1.36911290458762 "2" 102 0.0101125442498616 10
-0.578566980183005 0.0146413196124856 "3" 88 0.0112556155230566 11
-0.395361651204937 1.12350149391158 "3" 88 0.0112556155230566 11
1.05638149594969 0.397303662222401 "2" 88 0.0112556155230566 11
-0.716378190732909 1.10302018679667 "3" 88 0.0112556155230566 11
-0.559050054220473 -0.864019247638657 "1" 88 0.0112556155230566 11
-0.79024056618046 -1.30885920493926 "1" 88 0.0112556155230566 11
-0.924857406402268 1.27641205942134 "3" 88 0.0112556155230566 11
-0.677136111585176 -1.3371852071527 "1" 88 0.0112556155230566 11
-0.301912549054308 0.266538169545608 "3" 88 0.0112556155230566 11
0.947369988141087 0.721794391084849 "2" 88 0.0112556155230566 11
-0.494816743415441 -1.03276983071415 "1" 88 0.0112556155230566 11
2.3907593431947 -0.175407053954974 "2" 88 0.0112556155230566 11
1.11695811691336 0.698708256138115 "2" 88 0.0112556155230566 11
-0.316946063341282 -1.72034971000105 "1" 88 0.0112556155230566 11
1.40038716061707 0.688353658824214 "2" 88 0.0112556155230566 11
-1.10191028044241 0.928432039203974 "3" 88 0.0112556155230566 11
-0.584845357934152 0.678081548146454 "3" 88 0.0112556155230566 11
1.49793391009517 0.189874503149309 "2" 88 0.0112556155230566 11
-1.16763496168823 1.01356938658503 "3" 88 0.0112556155230566 11
0.978625607529117 0.930095510396303 "2" 88 0.0112556155230566 11
0.158469961774547 -2.06371635020874 "1" 88 0.0112556155230566 11
-0.700641214346984 -1.0805290830183 "1" 88 0.0112556155230566 11
-0.72342429604557 -1.19669876991036 "1" 88 0.0112556155230566 11
-1.61118776450622 1.83192962412909 "3" 88 0.0112556155230566 11
-0.464525279781874 -1.54943804624203 "1" 88 0.0112556155230566 11
-0.350104451243577 -1.55486322190415 "1" 88 0.0112556155230566 11
1.45746834397623 0.816184070926093 "2" 88 0.0112556155230566 11
0.466292905158327 0.596774842703546 "2" 88 0.0112556155230566 11
-0.737996830050532 0.476934636256997 "3" 88 0.0112556155230566 11
1.7268899190105 0.131686366630331 "2" 88 0.0112556155230566 11
1.3577934824672 0.375701283888498 "1" 140 0.0117380739942848 12
-0.348876341247805 -1.13660198606397 "3" 140 0.0117380739942848 12
-0.596246439880093 1.26438555468209 "2" 140 0.0117380739942848 12
1.07239708531728 -0.303863870914542 "1" 140 0.0117380739942848 12
-0.428577074823367 0.107527707331228 "2" 140 0.0117380739942848 12
-0.905702742098099 -0.287540270615495 "3" 140 0.0117380739942848 12
1.36472074373862 0.330355930228016 "1" 140 0.0117380739942848 12
1.25010556208404 0.481569304193895 "1" 140 0.0117380739942848 12
-0.149500770783339 -0.867199458612056 "3" 140 0.0117380739942848 12
1.68457797691232 -0.24201274476174 "1" 140 0.0117380739942848 12
1.20693299674376 0.93469774410098 "1" 140 0.0117380739942848 12
-1.21708645441669 1.07461951683701 "2" 140 0.0117380739942848 12
-0.185732986360248 -1.20480873467742 "3" 140 0.0117380739942848 12
-0.119263918570499 -1.36321178516351 "3" 140 0.0117380739942848 12
-0.624378503591363 -0.594709501903389 "3" 140 0.0117380739942848 12
-0.576136682883544 -0.590820585122326 "3" 140 0.0117380739942848 12
-0.555261693790064 0.123540837664486 "2" 140 0.0117380739942848 12
-1.11932553190599 0.555890338651374 "2" 140 0.0117380739942848 12
-0.182034289437845 -0.847051089230729 "3" 140 0.0117380739942848 12
-1.12030333607796 0.428263342018822 "2" 140 0.0117380739942848 12
-0.529135088205634 -1.73451158307589 "3" 140 0.0117380739942848 12
-1.26700724062267 0.373244317080803 "2" 140 0.0117380739942848 12
-0.975385961166929 0.69877312910788 "2" 140 0.0117380739942848 12
1.30284650594286 0.66935541771424 "1" 140 0.0117380739942848 12
1.41666384077415 0.520413634293214 "1" 140 0.0117380739942848 12
-0.803287560510044 0.596432249394886 "2" 140 0.0117380739942848 12
1.21134418922305 0.29762139250247 "1" 140 0.0117380739942848 12
-0.396366214528991 -1.18675410304799 "3" 140 0.0117380739942848 12
-0.905379551050042 0.835862598587805 "2" 140 0.0117380739942848 12
1.13760599874795 0.690831414911355 "1" 140 0.0117380739942848 12
0.556235917181986 1.09086044026155 "2" 91 0.011837570154118 13
1.32894453843994 1.10276396832651 "2" 91 0.011837570154118 13
0.695542036753388 -0.794535062138013 "1" 91 0.011837570154118 13
0.366033411908669 0.894599957287474 "2" 91 0.011837570154118 13
-1.76998292696448 0.569838980617415 "3" 91 0.011837570154118 13
0.608555153959559 0.7728492851431 "2" 91 0.011837570154118 13
-0.64278917886814 0.623375834704861 "3" 91 0.011837570154118 13
0.294261972242806 -1.65305175419464 "1" 91 0.011837570154118 13
-0.848515239148623 0.454299606265778 "3" 91 0.011837570154118 13
-0.00954933629260136 -1.26174599900352 "1" 91 0.011837570154118 13
-1.59686002346603 0.548650828221525 "3" 91 0.011837570154118 13
0.318973275565289 -1.96097379700899 "1" 91 0.011837570154118 13
1.09585153169683 1.43774678693325 "2" 91 0.011837570154118 13
1.10596970004743 -1.18450542015094 "1" 91 0.011837570154118 13
-1.24639009643399 0.586187851589638 "3" 91 0.011837570154118 13
-0.182281795012276 0.657219967363072 "2" 91 0.011837570154118 13
-1.15381041955328 0.460325638365745 "3" 91 0.011837570154118 13
1.11232426743622 1.17675502589721 "2" 91 0.011837570154118 13
-0.723317829361864 0.639407967095967 "3" 91 0.011837570154118 13
0.659064451715615 1.5081570735201 "2" 91 0.011837570154118 13
0.819730114227153 -1.75797281684814 "1" 91 0.011837570154118 13
1.08742137153115 -1.21354472755002 "1" 91 0.011837570154118 13
0.42951570364413 1.41894949283032 "2" 91 0.011837570154118 13
0.827928602930599 1.55513828681855 "2" 91 0.011837570154118 13
0.339127805679672 -1.8541213689001 "1" 91 0.011837570154118 13
-1.17974172167227 -0.0581882664820733 "3" 91 0.011837570154118 13
0.518414966724456 -1.66504076873173 "1" 91 0.011837570154118 13
0.268306845270895 -1.58176766078845 "1" 91 0.011837570154118 13
-1.09537260189706 -0.139303263520416 "3" 91 0.011837570154118 13
-1.98359049828518 -0.372376085925046 "3" 91 0.011837570154118 13
0.506814419741921 -0.830744769442518 "2" 149 0.0119292084215944 14
-1.02102618483956 0.77534260122023 "3" 149 0.0119292084215944 14
-0.796393515779039 -0.827824241557145 "2" 149 0.0119292084215944 14
-0.196387790875188 -1.29765587716508 "2" 149 0.0119292084215944 14
1.16806201346377 0.113344617260429 "1" 149 0.0119292084215944 14
1.06213692160093 0.117506085054613 "1" 149 0.0119292084215944 14
-0.406560790707745 0.495832482138059 "3" 149 0.0119292084215944 14
0.952471807088937 0.386708885213997 "1" 149 0.0119292084215944 14
1.8621748525754 0.627875579095568 "1" 149 0.0119292084215944 14
-0.68788457755406 0.986779782540162 "3" 149 0.0119292084215944 14
-0.614033678019673 -1.45217001525312 "2" 149 0.0119292084215944 14
-1.14628168120896 0.98853321754583 "3" 149 0.0119292084215944 14
-0.617651267188893 -1.35980641123641 "2" 149 0.0119292084215944 14
-0.235055435201222 -1.11836553553439 "2" 149 0.0119292084215944 14
-0.967050300915606 0.827109503968588 "3" 149 0.0119292084215944 14
-0.966215285876178 -1.2250643636941 "2" 149 0.0119292084215944 14
-0.429947891744513 -0.496841298104858 "2" 149 0.0119292084215944 14
1.47352511986395 0.825665723589514 "1" 149 0.0119292084215944 14
0.760611252701999 0.411926384111512 "1" 149 0.0119292084215944 14
1.14986714825075 -0.0539167804317085 "1" 149 0.0119292084215944 14
-0.423128171633327 1.11359597709085 "3" 149 0.0119292084215944 14
-0.67247204335717 0.676188247375443 "3" 149 0.0119292084215944 14
1.56913571649923 0.328302469689045 "1" 149 0.0119292084215944 14
-1.13344065686287 0.686945260272194 "3" 149 0.0119292084215944 14
-1.64903786745393 0.786525616717817 "3" 149 0.0119292084215944 14
-0.0670681551384881 -1.51885291241127 "2" 149 0.0119292084215944 14
0.918733572917701 0.0462642350832072 "1" 149 0.0119292084215944 14
1.48568102229383 0.0971881669786029 "1" 149 0.0119292084215944 14
0.0506653651888599 -1.08073875273749 "2" 149 0.0119292084215944 14
-0.930243917830855 0.970346122622427 "3" 149 0.0119292084215944 14
-0.580621397219187 0.450361076876586 "2" 121 0.0119295151750332 15
-0.88871847929297 2.07735067666097 "2" 121 0.0119295151750332 15
1.30326981015899 -0.110986754568618 "1" 121 0.0119295151750332 15
-0.479637884911431 1.4230616108643 "2" 121 0.0119295151750332 15
-0.955730849982279 1.27920402741273 "2" 121 0.0119295151750332 15
-0.188035359488958 -0.962771847321437 "3" 121 0.0119295151750332 15
0.976365570184579 -0.289034428684142 "1" 121 0.0119295151750332 15
-0.204566466938321 -1.08260419680835 "3" 121 0.0119295151750332 15
-0.627439705712184 -1.21490361763323 "3" 121 0.0119295151750332 15
-1.40771557451203 0.928049992956214 "2" 121 0.0119295151750332 15
-0.963184812171911 1.81070782849742 "2" 121 0.0119295151750332 15
-0.0891321249839514 -1.3572415610131 "3" 121 0.0119295151750332 15
-0.640762859209483 -1.51923829509474 "3" 121 0.0119295151750332 15
-0.100232520701033 -1.53152179518473 "3" 121 0.0119295151750332 15
-1.80224234819467 1.67486826209763 "2" 121 0.0119295151750332 15
0.148827001613845 -0.960438678667512 "3" 121 0.0119295151750332 15
-0.675749977246657 0.940168839313939 "2" 121 0.0119295151750332 15
-1.26148770929875 1.36038194496355 "2" 121 0.0119295151750332 15
0.658586191125139 0.0129866645812986 "1" 121 0.0119295151750332 15
1.27619215816975 0.118389412100009 "1" 121 0.0119295151750332 15
1.51527813586408 -0.258808159868021 "1" 121 0.0119295151750332 15
-0.475778988921597 -2.02492648546395 "3" 121 0.0119295151750332 15
-0.638433940808694 -1.36623637960417 "3" 121 0.0119295151750332 15
1.77311626836645 0.0424906424440504 "1" 121 0.0119295151750332 15
-0.7901964244743 -1.62342359133471 "3" 121 0.0119295151750332 15
0.780495774727801 -0.170983431561918 "1" 121 0.0119295151750332 15
1.91789247324082 0.546014764580102 "1" 121 0.0119295151750332 15
1.31952427350378 0.283370743134181 "1" 121 0.0119295151750332 15
1.5949174855641 -0.143740733209449 "1" 121 0.0119295151750332 15
-0.494797718450937 1.66945346953509 "2" 121 0.0119295151750332 15
0.332916047890407 0.216677771834602 "2" 175 0.0127776041030259 16
0.946166497833556 0.0993966914291052 "3" 175 0.0127776041030259 16
0.153024956328476 0.277744119586982 "2" 175 0.0127776041030259 16
-1.09443809657254 -0.0575334585426975 "1" 175 0.0127776041030259 16
0.435966603082183 -0.245009269149135 "3" 175 0.0127776041030259 16
-1.66694555408921 -0.482912822675814 "1" 175 0.0127776041030259 16
1.70905126381159 -0.833611654745485 "3" 175 0.0127776041030259 16
1.60967505470829 -0.758838339091858 "3" 175 0.0127776041030259 16
-1.24611630469199 -0.737737973557375 "1" 175 0.0127776041030259 16
0.0873763419165578 1.09430609778326 "2" 175 0.0127776041030259 16
-1.36228960594314 -0.556218840034448 "1" 175 0.0127776041030259 16
1.13466694165133 -0.388047924350226 "3" 175 0.0127776041030259 16
-1.13499471298608 -0.941039762135648 "1" 175 0.0127776041030259 16
0.318914759296085 0.916950869087706 "2" 175 0.0127776041030259 16
0.342623212086521 0.627036775845456 "2" 175 0.0127776041030259 16
1.02776131838877 -0.512783158983782 "3" 175 0.0127776041030259 16
-1.15114595008565 -0.717600697126116 "1" 175 0.0127776041030259 16
0.160019923586253 1.34161686329583 "2" 175 0.0127776041030259 16
-0.305609784475621 1.09533398663168 "2" 175 0.0127776041030259 16
1.19389039747189 -0.457033065962431 "3" 175 0.0127776041030259 16
-1.03816989966722 -1.0317868521565 "1" 175 0.0127776041030259 16
-1.22093981357432 -0.690318485412165 "1" 175 0.0127776041030259 16
-1.66755393666162 0.127977513553251 "1" 175 0.0127776041030259 16
1.4288686312101 -0.747291161268966 "3" 175 0.0127776041030259 16
1.0544676223672 -0.0794855104025624 "3" 175 0.0127776041030259 16
-0.867442857886112 -0.732940277018428 "1" 175 0.0127776041030259 16
1.0023941217818 0.0398465760590445 "3" 175 0.0127776041030259 16
-0.341335568555034 1.13076713108697 "2" 175 0.0127776041030259 16
0.407381817714484 1.32684292248028 "2" 175 0.0127776041030259 16
-0.248183425936935 1.67569193393947 "2" 175 0.0127776041030259 16
1.17155926139303 0.0282809266773875 "3" 63 0.0132588222712535 17
-0.653691983612025 1.59480555385474 "2" 63 0.0132588222712535 17
-0.226291173139164 -1.43131298983913 "1" 63 0.0132588222712535 17
-1.41488669056826 -0.36903443173992 "1" 63 0.0132588222712535 17
-0.929903752140022 1.09845544758741 "2" 63 0.0132588222712535 17
-0.621369415348255 0.865998385202481 "2" 63 0.0132588222712535 17
1.39817185495708 0.223303731844448 "3" 63 0.0132588222712535 17
1.82867689525941 -0.739901133147455 "3" 63 0.0132588222712535 17
-0.57452750478942 -0.379078497933653 "1" 63 0.0132588222712535 17
-1.05202074407472 1.80407230378911 "2" 63 0.0132588222712535 17
-0.382987807208921 1.23338361324213 "2" 63 0.0132588222712535 17
-0.95398614447202 -0.947421034355259 "1" 63 0.0132588222712535 17
-0.362504282079935 1.14941290120766 "2" 63 0.0132588222712535 17
-0.178697797152959 1.71997566107615 "2" 63 0.0132588222712535 17
-1.10740409943679 -1.23050687022033 "1" 63 0.0132588222712535 17
-0.115249473194788 1.01131238088101 "2" 63 0.0132588222712535 17
-0.724609392949312 -0.580434310543615 "1" 63 0.0132588222712535 17
-0.533867179077846 1.87954175779054 "2" 63 0.0132588222712535 17
0.0169707123837722 -0.769452768843401 "1" 63 0.0132588222712535 17
1.10363617363385 -0.630200356730062 "3" 63 0.0132588222712535 17
1.29553034245309 -0.297972268661957 "3" 63 0.0132588222712535 17
1.06423168423809 -0.354383770542973 "3" 63 0.0132588222712535 17
1.71886419922928 -0.956617947979984 "3" 63 0.0132588222712535 17
1.40718062917401 -0.788651170386498 "3" 63 0.0132588222712535 17
1.59502423331283 -0.801938179967551 "3" 63 0.0132588222712535 17
-1.19831052643492 -0.676229816978758 "1" 63 0.0132588222712535 17
-1.04762524783126 -1.50138035691025 "1" 63 0.0132588222712535 17
-0.682196502079518 1.1871142266234 "2" 63 0.0132588222712535 17
-1.13831876953696 -0.505825100299051 "1" 63 0.0132588222712535 17
1.29860249909267 -0.835315884696624 "3" 63 0.0132588222712535 17
0.229961650868929 -0.764413443448253 "1" 78 0.0145059852228373 18
0.358330742131697 1.27269241511838 "3" 78 0.0145059852228373 18
0.61782662374577 -0.733100040813303 "1" 78 0.0145059852228373 18
0.715320359430052 1.09149557451823 "3" 78 0.0145059852228373 18
-0.122958912717721 -0.704339676616288 "1" 78 0.0145059852228373 18
-1.25481785340861 -0.556062343719562 "2" 78 0.0145059852228373 18
1.15564067453047 -1.11670059038141 "1" 78 0.0145059852228373 18
1.11346807997892 -1.44281118799556 "1" 78 0.0145059852228373 18
0.492701306022056 1.06351972132462 "3" 78 0.0145059852228373 18
0.741622761750297 -0.487189466767004 "1" 78 0.0145059852228373 18
-1.11686774382252 -0.0725114433904031 "2" 78 0.0145059852228373 18
0.258531793272343 1.23122407461068 "3" 78 0.0145059852228373 18
-0.984101023096254 0.0664892650698904 "2" 78 0.0145059852228373 18
0.645947809026639 -1.0018947326692 "1" 78 0.0145059852228373 18
-1.01069228241956 0.233332216709677 "2" 78 0.0145059852228373 18
0.884867157923893 -1.95750705041424 "1" 78 0.0145059852228373 18
-0.311640319978732 1.31339110615799 "3" 78 0.0145059852228373 18
-1.12096962584943 -0.250844123693396 "2" 78 0.0145059852228373 18
0.175287203491113 1.34844579049959 "3" 78 0.0145059852228373 18
0.11095870743126 1.45939504012363 "3" 78 0.0145059852228373 18
-1.26364173429833 0.199440650379125 "2" 78 0.0145059852228373 18
0.615946477075193 -0.917053358485806 "1" 78 0.0145059852228373 18
-1.23454749335008 -0.0430037848206703 "2" 78 0.0145059852228373 18
-1.21492375468635 -0.0973167203010887 "2" 78 0.0145059852228373 18
1.38270471296267 -2.25002613701875 "1" 78 0.0145059852228373 18
-1.00277212902679 -0.262703667038678 "2" 78 0.0145059852228373 18
0.286969646183602 1.20654916073351 "3" 78 0.0145059852228373 18
1.08831888473171 1.64167526466845 "3" 78 0.0145059852228373 18
-1.0757972937253 -0.597768250204204 "2" 78 0.0145059852228373 18
0.839325575823059 1.12759573786403 "3" 78 0.0145059852228373 18
0.513382649108272 0.0349979880362519 "3" 108 0.0145075699811829 19
-1.17879599176587 -0.368673315337843 "2" 108 0.0145075699811829 19
0.803942333912597 -1.26119107703837 "3" 108 0.0145075699811829 19
0.233552993938426 1.64026875899443 "1" 108 0.0145075699811829 19
-1.02718743154587 0.0236641409180172 "2" 108 0.0145075699811829 19
-1.07115533174538 -1.43465766528733 "2" 108 0.0145075699811829 19
0.523962823537069 -0.741611934789326 "3" 108 0.0145075699811829 19
-1.39618976716724 -0.916915825685892 "2" 108 0.0145075699811829 19
0.397653651641583 -0.507826992225508 "3" 108 0.0145075699811829 19
-1.50389706626961 0.151236633952588 "2" 108 0.0145075699811829 19
0.568435839525218 0.37510984226449 "1" 108 0.0145075699811829 19
1.32954699642488 -1.3408421979041 "3" 108 0.0145075699811829 19
0.701099611482553 1.72739945378633 "1" 108 0.0145075699811829 19
-1.62016809591051 -0.0996625553785208 "2" 108 0.0145075699811829 19
0.697810688814294 0.909981155744729 "1" 108 0.0145075699811829 19
0.682206035423238 1.22281452807141 "1" 108 0.0145075699811829 19
0.382024689881617 -0.375520052049033 "3" 108 0.0145075699811829 19
0.665871935617004 -0.792750138098609 "3" 108 0.0145075699811829 19
-0.129156485096746 1.72796008177492 "1" 108 0.0145075699811829 19
0.573327498954526 1.26688197009573 "1" 108 0.0145075699811829 19
0.550479451557262 -0.714303868963393 "3" 108 0.0145075699811829 19
0.497049609992895 0.857069828503972 "1" 108 0.0145075699811829 19
-0.921139477832475 -0.347200917549509 "2" 108 0.0145075699811829 19
0.818834514994444 1.45363640886449 "1" 108 0.0145075699811829 19
0.641524755114789 1.58327813731557 "1" 108 0.0145075699811829 19
0.632844018574314 -0.746660343737267 "3" 108 0.0145075699811829 19
1.26726556105527 -2.17902094359291 "3" 108 0.0145075699811829 19
-0.994971327290835 -1.00586231066195 "2" 108 0.0145075699811829 19
-1.59702892018214 0.307680615520712 "2" 108 0.0145075699811829 19
-1.04112576474357 -0.449279405544093 "2" 108 0.0145075699811829 19
-1.52475940369774 -0.189035399685541 "1" 96 0.0145501915533927 20
-1.48655406961302 -0.434515270847555 "1" 96 0.0145501915533927 20
-0.242066695279982 -1.38375158554283 "3" 96 0.0145501915533927 20
-0.713867799461084 0.129556460720252 "1" 96 0.0145501915533927 20
-0.2383264044788 0.900927729826074 "2" 96 0.0145501915533927 20
0.476643673851739 -1.13051999431553 "3" 96 0.0145501915533927 20
0.987467822287602 0.856883766495269 "2" 96 0.0145501915533927 20
0.835930363032874 -1.18027987172479 "3" 96 0.0145501915533927 20
-0.972381809491815 0.253395723263327 "1" 96 0.0145501915533927 20
0.316881603579941 1.08640147117624 "2" 96 0.0145501915533927 20
-1.78659587929655 -0.18234581540958 "1" 96 0.0145501915533927 20
-0.965597158954767 -0.0285025864068888 "1" 96 0.0145501915533927 20
0.538633071065497 1.691661066898 "2" 96 0.0145501915533927 20
0.553732484295031 -1.4657391216307 "3" 96 0.0145501915533927 20
0.718372314053196 0.948288771004 "2" 96 0.0145501915533927 20
1.59157445440971 -0.506014370898804 "3" 96 0.0145501915533927 20
0.807343501192545 -0.540347877855685 "3" 96 0.0145501915533927 20
-1.52456604157895 0.302468932164314 "1" 96 0.0145501915533927 20
0.324628396161661 1.72222266923185 "2" 96 0.0145501915533927 20
0.728559872413654 -1.3286829153106 "3" 96 0.0145501915533927 20
0.802192216628914 -1.42229259793874 "3" 96 0.0145501915533927 20
0.358162187192182 0.873560839295316 "2" 96 0.0145501915533927 20
1.13095235894753 1.22076597239196 "2" 96 0.0145501915533927 20
0.569371328666008 1.21489441754728 "2" 96 0.0145501915533927 20
1.21574090522066 -1.03786681268537 "3" 96 0.0145501915533927 20
0.41455449327623 -1.49382188060633 "3" 96 0.0145501915533927 20
-1.46430626850957 0.111135488703836 "1" 96 0.0145501915533927 20
-1.88617180004481 -0.634512605456939 "1" 96 0.0145501915533927 20
-0.595735819510897 -0.122246766300012 "1" 96 0.0145501915533927 20
1.03018810364301 1.76831216389818 "2" 96 0.0145501915533927 20
