"X1" "X2" "cl" "nbases" "wilks.lambda" ".sample"
-0.0697951221278074 -1.26954832295411 "1" 94 0.00030568672544216 1
-1.07324097747856 1.51659185672197 "3" 94 0.00030568672544216 1
-0.482331041882882 -1.48192634668657 "1" 94 0.00030568672544216 1
-0.525310950873091 -1.61037014262421 "1" 94 0.00030568672544216 1
1.70315451537246 0.379662352348703 "2" 94 0.00030568672544216 1
1.82375007603348 0.303823182846061 "2" 94 0.00030568672544216 1
-1.30385676976624 1.19790882207747 "3" 94 0.00030568672544216 1
1.82990781453684 0.0723958505729196 "2" 94 0.00030568672544216 1
1.47885084942218 0.122440132873251 "2" 94 0.00030568672544216 1
1.55213575726987 -0.194127905432975 "2" 94 0.00030568672544216 1
1.57910516881794 0.0898631066726052 "2" 94 0.00030568672544216 1
-0.299206911334033 -1.48939469798087 "1" 94 0.00030568672544216 1
1.80338478041311 0.161671773544891 "2" 94 0.00030568672544216 1
-1.0182361527155 1.64225320856981 "3" 94 0.00030568672544216 1
-0.671235024516624 -1.67881569591614 "1" 94 0.00030568672544216 1
-0.308823724746378 -1.335558763534 "1" 94 0.00030568672544216 1
1.59364308397647 0.273122749954439 "2" 94 0.00030568672544216 1
-1.37107941510388 1.05109520787018 "3" 94 0.00030568672544216 1
-1.22670126990577 1.06519364218552 "3" 94 0.00030568672544216 1
-1.16680581252093 1.73366417231773 "3" 94 0.00030568672544216 1
-1.36934545449947 1.35162964460613 "3" 94 0.00030568672544216 1
-1.12585795915561 1.40374718991314 "3" 94 0.00030568672544216 1
1.79456697471679 -0.112138603821234 "2" 94 0.00030568672544216 1
-0.591179592880878 -1.72117503289954 "1" 94 0.00030568672544216 1
-0.609721124063145 -1.3238420740498 "1" 94 0.00030568672544216 1
-0.634518363974768 -1.55912383897528 "1" 94 0.00030568672544216 1
-0.500927213304735 -1.42844103086552 "1" 94 0.00030568672544216 1
-1.40613669502138 1.42180458697505 "3" 94 0.00030568672544216 1
-1.09792686748973 1.66914813796145 "3" 94 0.00030568672544216 1
1.69373742280227 -0.251553162271068 "2" 94 0.00030568672544216 1
1.22275319768983 -0.940171277272392 "3" 158 0.00059317602697437 2
1.08421634621849 -1.11441428877482 "3" 158 0.00059317602697437 2
0.0692277392230745 0.826599697830214 "1" 158 0.00059317602697437 2
-1.47398785784777 -0.268128297596409 "2" 158 0.00059317602697437 2
-0.0415214366420958 1.5468637594742 "1" 158 0.00059317602697437 2
-1.02856213528901 -0.473563265878224 "2" 158 0.00059317602697437 2
1.31125118202753 -0.889368858106547 "3" 158 0.00059317602697437 2
1.19505269201492 -0.748842696053106 "3" 158 0.00059317602697437 2
0.367973342812888 1.14555299356025 "1" 158 0.00059317602697437 2
1.23333388058659 -1.34063589317216 "3" 158 0.00059317602697437 2
-1.44251928032283 -0.337760368339829 "2" 158 0.00059317602697437 2
-1.37372446816247 -0.3883816773926 "2" 158 0.00059317602697437 2
1.23728756653935 -0.664049010866418 "3" 158 0.00059317602697437 2
-1.10225708656175 -0.226363733654468 "2" 158 0.00059317602697437 2
1.41180508990943 -1.10687001833207 "3" 158 0.00059317602697437 2
-1.39769717894671 -0.193608434147362 "2" 158 0.00059317602697437 2
-0.0393123278568038 1.16651972508017 "1" 158 0.00059317602697437 2
-1.45823906840045 -0.232498431933952 "2" 158 0.00059317602697437 2
0.0630360214470952 1.34761127373291 "1" 158 0.00059317602697437 2
-0.0813215351354196 1.31041364253257 "1" 158 0.00059317602697437 2
-1.1517187742606 -0.302969209239982 "2" 158 0.00059317602697437 2
1.40976026462799 -1.1033728121099 "3" 158 0.00059317602697437 2
0.0832180458772297 1.17207653410905 "1" 158 0.00059317602697437 2
-0.0179174085628196 1.4257506745106 "1" 158 0.00059317602697437 2
-0.164962350147146 1.33501424386075 "1" 158 0.00059317602697437 2
-0.984607730031637 -0.487937078141248 "2" 158 0.00059317602697437 2
1.17020498094452 -0.86398722047571 "3" 158 0.00059317602697437 2
-1.2894705172278 -0.0143900049577119 "2" 158 0.00059317602697437 2
0.0404320873602778 1.28367283973437 "1" 158 0.00059317602697437 2
1.1482667181161 -0.862762807980167 "3" 158 0.00059317602697437 2
-1.8570132789965 -0.0820692326447732 "1" 104 0.000748256869607798 3
1.65410260477485 -0.821960092926502 "2" 104 0.000748256869607798 3
0.860769325303561 1.1260590804534 "3" 104 0.000748256869607798 3
0.429648786195037 1.36711746390721 "3" 104 0.000748256869607798 3
-2.09180861649966 -0.148196166741561 "1" 104 0.000748256869607798 3
1.35427933587013 -1.33240552795322 "2" 104 0.000748256869607798 3
1.51403192130158 -1.2005633474289 "2" 104 0.000748256869607798 3
0.522444672454714 1.4339294426382 "3" 104 0.000748256869607798 3
-2.13798292233812 -0.112859577684691 "1" 104 0.000748256869607798 3
-2.06287228502062 -0.816675691609243 "1" 104 0.000748256869607798 3
0.42380545875221 1.94032014176995 "3" 104 0.000748256869607798 3
0.671810337939132 1.0282757091679 "3" 104 0.000748256869607798 3
-1.54345690519272 -0.421103479794723 "1" 104 0.000748256869607798 3
0.458720026296254 1.51915104981254 "3" 104 0.000748256869607798 3
1.26263460578405 -0.899422662194893 "2" 104 0.000748256869607798 3
0.565780824020902 1.31724365043894 "3" 104 0.000748256869607798 3
0.735132146079104 1.46934576315639 "3" 104 0.000748256869607798 3
1.33575185880889 -0.912566971399925 "2" 104 0.000748256869607798 3
0.536664352724379 1.23680884266848 "3" 104 0.000748256869607798 3
-1.78116894459242 -0.492646551465001 "1" 104 0.000748256869607798 3
1.25191364486143 -0.896608334916187 "2" 104 0.000748256869607798 3
1.34473532263889 -1.5288577809792 "2" 104 0.000748256869607798 3
1.07736452352296 -0.698718735283875 "2" 104 0.000748256869607798 3
-2.1105861647775 -0.0348254715804253 "1" 104 0.000748256869607798 3
1.3410080786824 -0.96502986159908 "2" 104 0.000748256869607798 3
1.02273230721506 -1.25793072416469 "2" 104 0.000748256869607798 3
-1.9005046237289 -0.547026602948624 "1" 104 0.000748256869607798 3
-1.9245096334194 -0.0752517740054269 "1" 104 0.000748256869607798 3
0.792302920976047 1.2581618767681 "3" 104 0.000748256869607798 3
-1.74572967963575 -0.451694433460179 "1" 104 0.000748256869607798 3
-0.251359006143363 1.57449497291683 "2" 151 0.000788423977657417 4
-1.17326212363831 -0.809829564357116 "1" 151 0.000788423977657417 4
1.26384222299964 0.0481206937620825 "3" 151 0.000788423977657417 4
-1.09450044763944 -1.17526183173929 "1" 151 0.000788423977657417 4
1.34995991881563 -0.490747492096067 "3" 151 0.000788423977657417 4
1.03416310636893 -0.833467831290089 "3" 151 0.000788423977657417 4
-0.419206663631996 1.70402246643885 "2" 151 0.000788423977657417 4
-0.914888634752499 -1.53017988285735 "1" 151 0.000788423977657417 4
1.63373386497819 -0.457392738417819 "3" 151 0.000788423977657417 4
1.78829888412455 -0.463127117266981 "3" 151 0.000788423977657417 4
1.44509470173191 -0.683485511653571 "3" 151 0.000788423977657417 4
-0.479503321358848 1.66528869519798 "2" 151 0.000788423977657417 4
1.58211137442398 -0.498373180946019 "3" 151 0.000788423977657417 4
1.48925024933447 -0.768019422196906 "3" 151 0.000788423977657417 4
-0.40310418336834 1.62781260059947 "2" 151 0.000788423977657417 4
0.00110332860511784 1.29311641322588 "2" 151 0.000788423977657417 4
-1.50844814984236 -0.877840449175022 "1" 151 0.000788423977657417 4
-0.112850586412939 1.43520448833857 "2" 151 0.000788423977657417 4
-1.08070593821329 -0.979559758729755 "1" 151 0.000788423977657417 4
-0.967288425454648 -0.876813585024533 "1" 151 0.000788423977657417 4
-0.311180222740318 1.74558838447581 "2" 151 0.000788423977657417 4
-1.17346733731385 -1.09773043684173 "1" 151 0.000788423977657417 4
-1.1542893497167 -0.976681435391172 "1" 151 0.000788423977657417 4
1.33555144693357 -0.525950194285933 "3" 151 0.000788423977657417 4
-1.39472273457616 -0.665419755084229 "1" 151 0.000788423977657417 4
-0.374133106167568 1.4317454261849 "2" 151 0.000788423977657417 4
-0.0598244961287162 1.29282301383056 "2" 151 0.000788423977657417 4
-0.336612592676644 1.56903413701864 "2" 151 0.000788423977657417 4
1.37085144033138 -0.678957442094975 "3" 151 0.000788423977657417 4
-1.08461321887137 -0.998413662541014 "1" 151 0.000788423977657417 4
1.06040598242029 1.07277838594251 "3" 113 0.000888059633839933 5
-1.2304948235123 0.7194060989205 "2" 113 0.000888059633839933 5
1.52695535277992 1.13123993811323 "3" 113 0.000888059633839933 5
1.10400244454454 0.991400043554805 "3" 113 0.000888059633839933 5
-0.903603016402735 0.419416159581207 "2" 113 0.000888059633839933 5
0.372964001535989 -1.89766817346846 "1" 113 0.000888059633839933 5
1.07765330071632 1.30324012555977 "3" 113 0.000888059633839933 5
1.41782170609009 0.790833175514053 "3" 113 0.000888059633839933 5
-1.74069532053178 0.926976469040007 "2" 113 0.000888059633839933 5
0.457929883890712 -1.82066384454303 "1" 113 0.000888059633839933 5
-1.59680215616293 1.06862416787374 "2" 113 0.000888059633839933 5
-0.102863377326035 -1.94047245727081 "1" 113 0.000888059633839933 5
1.09013145725885 1.4908213151941 "3" 113 0.000888059633839933 5
1.21959859585914 1.24104812063522 "3" 113 0.000888059633839933 5
-1.38262238241242 0.724718056659027 "2" 113 0.000888059633839933 5
-1.11523835435914 0.185582551172866 "2" 113 0.000888059633839933 5
-0.250035069830584 -1.65232726711909 "1" 113 0.000888059633839933 5
-0.0163201301903128 -1.52985850550353 "1" 113 0.000888059633839933 5
-1.98050471540531 0.817346850507143 "2" 113 0.000888059633839933 5
1.62780433886299 0.844801400703475 "3" 113 0.000888059633839933 5
-1.12124886517147 0.471991372826528 "2" 113 0.000888059633839933 5
0.101563518748873 -1.8503695290018 "1" 113 0.000888059633839933 5
0.546290611128295 -2.0684528060639 "1" 113 0.000888059633839933 5
-0.332621693152492 -1.49774665091651 "1" 113 0.000888059633839933 5
0.141575966502856 -1.72166111018807 "1" 113 0.000888059633839933 5
1.50070035119695 0.979758757124487 "3" 113 0.000888059633839933 5
1.4116400969583 0.951882613700405 "3" 113 0.000888059633839933 5
-1.4690969645666 1.03002599028132 "2" 113 0.000888059633839933 5
-1.3351824312416 0.70063807650094 "2" 113 0.000888059633839933 5
-0.0797083082284119 -1.88330932533012 "1" 113 0.000888059633839933 5
1.03188179692522 -1.00753988608394 "1" 98 0.00108598456751333 6
-0.205759954096992 1.61305920164966 "2" 98 0.00108598456751333 6
-1.27136846045977 -0.700458946938019 "3" 98 0.00108598456751333 6
-0.00958483315121657 1.62081122188818 "2" 98 0.00108598456751333 6
0.0998329108897121 1.20403907537929 "2" 98 0.00108598456751333 6
-1.4760807133965 -0.51638580954576 "3" 98 0.00108598456751333 6
0.947747988334691 -0.632028847017818 "1" 98 0.00108598456751333 6
0.177470058528439 1.41364908182569 "2" 98 0.00108598456751333 6
-0.991127320220278 -0.550459528656877 "3" 98 0.00108598456751333 6
0.377601688747617 1.56188546792505 "2" 98 0.00108598456751333 6
0.40812460934323 1.50734054213189 "2" 98 0.00108598456751333 6
-1.36102992971332 -0.231701623924211 "3" 98 0.00108598456751333 6
0.816477526362695 -0.891462941820519 "1" 98 0.00108598456751333 6
-1.33907623138262 -0.719150463021804 "3" 98 0.00108598456751333 6
1.71459020533602 -1.20709283270374 "1" 98 0.00108598456751333 6
0.0398442277676555 1.6374542956757 "2" 98 0.00108598456751333 6
0.226179264123642 1.67772665433437 "2" 98 0.00108598456751333 6
0.0904127216021598 1.77208033369743 "2" 98 0.00108598456751333 6
1.37602396220317 -0.87139040996374 "1" 98 0.00108598456751333 6
-1.58482379788605 -0.845675775013552 "3" 98 0.00108598456751333 6
-1.49062601505607 -0.850877382535267 "3" 98 0.00108598456751333 6
1.18498890821639 -1.04286637654071 "1" 98 0.00108598456751333 6
1.36156116647335 -1.107087600829 "1" 98 0.00108598456751333 6
1.0449882858692 -0.753151172360528 "1" 98 0.00108598456751333 6
0.245857520230386 1.44625117097433 "2" 98 0.00108598456751333 6
-1.00162779014191 -0.368450515932199 "3" 98 0.00108598456751333 6
1.1206310113888 -1.04828552472691 "1" 98 0.00108598456751333 6
-1.29993510884604 -0.616085201775422 "3" 98 0.00108598456751333 6
1.62167280493347 -0.822990260395344 "1" 98 0.00108598456751333 6
-1.8548465029251 -0.67115594569625 "3" 98 0.00108598456751333 6
1.01701802897679 -1.19835488436201 "3" 87 0.00116762804108228 7
0.568192429913933 -1.11616395879699 "3" 87 0.00116762804108228 7
0.569507907855753 -1.59381153228641 "3" 87 0.00116762804108228 7
-1.46045666627119 -0.3894079481866 "1" 87 0.00116762804108228 7
0.338681087506865 1.8844086587224 "2" 87 0.00116762804108228 7
0.547023733443211 1.86150623816046 "2" 87 0.00116762804108228 7
0.592334083044795 1.7684439038752 "2" 87 0.00116762804108228 7
-1.66644058177656 -0.113942091521855 "1" 87 0.00116762804108228 7
1.01327477965849 0.987397904857552 "2" 87 0.00116762804108228 7
-1.65698315878343 -0.0877129600784003 "1" 87 0.00116762804108228 7
1.01959496856927 -1.37554595353322 "3" 87 0.00116762804108228 7
-1.33402666209632 -0.369741275626928 "1" 87 0.00116762804108228 7
-1.68571433579285 0.0366952273431659 "1" 87 0.00116762804108228 7
-1.41897275648138 -0.301818253679508 "1" 87 0.00116762804108228 7
1.01034256025709 -1.1831379005147 "3" 87 0.00116762804108228 7
0.631760450878641 1.28348878054847 "2" 87 0.00116762804108228 7
0.71520316715166 1.65600681168084 "2" 87 0.00116762804108228 7
0.987180992154164 -1.15224349895536 "3" 87 0.00116762804108228 7
0.979221895148761 1.40138452666358 "2" 87 0.00116762804108228 7
0.667286774782972 1.45594163896739 "2" 87 0.00116762804108228 7
0.79165514977545 -1.48319667634453 "3" 87 0.00116762804108228 7
-1.2377625127012 -0.656111296082669 "1" 87 0.00116762804108228 7
0.0974962388366278 1.72948298044659 "2" 87 0.00116762804108228 7
0.6339452399499 -1.08562748864731 "3" 87 0.00116762804108228 7
0.432357214242283 -1.09832472522299 "3" 87 0.00116762804108228 7
-1.02643163542551 -0.473779288186659 "1" 87 0.00116762804108228 7
0.708166590679161 1.53438488691062 "2" 87 0.00116762804108228 7
0.943242306557686 -1.56948485910962 "3" 87 0.00116762804108228 7
-1.46116250829398 -0.342467382780462 "1" 87 0.00116762804108228 7
-1.31553478176109 -0.00826958426004297 "1" 87 0.00116762804108228 7
1.88705233931617 -0.464808572569375 "3" 88 0.00134313084918404 8
-1.62725122913078 -0.893201284207425 "2" 88 0.00134313084918404 8
1.60205286341333 -0.858014951036943 "3" 88 0.00134313084918404 8
-1.36218385184264 -0.923122441700793 "2" 88 0.00134313084918404 8
-1.22415693535343 -0.34646426727317 "2" 88 0.00134313084918404 8
1.47552828964194 -0.795487113967784 "3" 88 0.00134313084918404 8
0.341003984315425 1.86493110012108 "1" 88 0.00134313084918404 8
-0.248112575319619 1.69914648194015 "1" 88 0.00134313084918404 8
0.0113206780264351 1.36689557745677 "1" 88 0.00134313084918404 8
1.44599058971287 -1.36918449041622 "3" 88 0.00134313084918404 8
0.295902066032535 1.72350927477901 "1" 88 0.00134313084918404 8
-1.71774462148432 -0.651476726270439 "2" 88 0.00134313084918404 8
-0.877038423231605 -0.139759834107956 "2" 88 0.00134313084918404 8
1.68489175493597 -0.397804798023753 "3" 88 0.00134313084918404 8
1.69169618020677 -0.977350032338312 "3" 88 0.00134313084918404 8
-0.0445725754528003 1.31362876138632 "1" 88 0.00134313084918404 8
-1.91438889794303 -0.745162834298839 "2" 88 0.00134313084918404 8
-1.66262237990914 -0.698053776727757 "2" 88 0.00134313084918404 8
1.33583033395113 -1.05645084280424 "3" 88 0.00134313084918404 8
-0.234812571659829 1.70861364944374 "1" 88 0.00134313084918404 8
-1.79231291082952 -0.799441069909304 "2" 88 0.00134313084918404 8
-1.26253743643643 -0.654605069213321 "2" 88 0.00134313084918404 8
0.119762318414912 1.39320616468657 "1" 88 0.00134313084918404 8
1.80343820023433 -0.457379728723464 "3" 88 0.00134313084918404 8
-1.77211724022361 -0.894187275981525 "2" 88 0.00134313084918404 8
1.05669916943085 -1.01736039355638 "3" 88 0.00134313084918404 8
1.50123056438532 -1.09167588039018 "3" 88 0.00134313084918404 8
-0.0142314471527335 1.50612737883871 "1" 88 0.00134313084918404 8
-0.502599617053749 1.26982438537777 "1" 88 0.00134313084918404 8
0.00428338100525993 1.38510860948703 "1" 88 0.00134313084918404 8
0.117881899798724 -1.71732527893293 "1" 76 0.00136429882895045 9
-1.42886881035516 1.31729526568333 "3" 76 0.00136429882895045 9
1.51772802793732 0.323571082178464 "2" 76 0.00136429882895045 9
1.51207912794982 0.418126657836338 "2" 76 0.00136429882895045 9
-0.113330918702097 -0.885835259678026 "1" 76 0.00136429882895045 9
1.64783418418607 0.31895938762181 "2" 76 0.00136429882895045 9
-1.48404309943133 0.483922940532363 "3" 76 0.00136429882895045 9
0.235704458273997 -1.29007514541165 "1" 76 0.00136429882895045 9
1.3211055267905 0.737085545394664 "2" 76 0.00136429882895045 9
0.242056598806488 -2.09105913129536 "1" 76 0.00136429882895045 9
-1.6013189782494 1.08572454417525 "3" 76 0.00136429882895045 9
1.53414898854786 0.597498402082363 "2" 76 0.00136429882895045 9
1.32415840448158 0.403546455812839 "2" 76 0.00136429882895045 9
-1.80142509685972 0.899688214208879 "3" 76 0.00136429882895045 9
1.471510561165 0.873953667142913 "2" 76 0.00136429882895045 9
0.00343998203497556 -0.928908927982087 "1" 76 0.00136429882895045 9
-1.38038598118147 0.736390915988141 "3" 76 0.00136429882895045 9
1.21936716207249 0.297036751435917 "2" 76 0.00136429882895045 9
-1.33821402947069 0.778366325111186 "3" 76 0.00136429882895045 9
0.173758573141617 -1.37759988593103 "1" 76 0.00136429882895045 9
1.68464902873723 0.98649743524288 "2" 76 0.00136429882895045 9
-0.0713001649733684 -1.22253672611452 "1" 76 0.00136429882895045 9
0.321328566848157 -1.47517435644086 "1" 76 0.00136429882895045 9
-0.207286371876919 -1.94870992651528 "1" 76 0.00136429882895045 9
-1.51389825353062 1.10178540765475 "3" 76 0.00136429882895045 9
-0.14940289533221 -1.29123604053195 "1" 76 0.00136429882895045 9
-1.50096098032467 1.21081975582859 "3" 76 0.00136429882895045 9
-1.73673175469806 0.982969466808408 "3" 76 0.00136429882895045 9
-1.58643818687438 0.812524694573479 "3" 76 0.00136429882895045 9
1.58685443108827 -0.137302236478883 "2" 76 0.00136429882895045 9
-1.42485468535654 -0.571917479134265 "1" 122 0.00137590078489261 10
0.631064885707448 1.87364908244585 "2" 122 0.00137590078489261 10
1.36595090715328 -1.0556941891015 "3" 122 0.00137590078489261 10
1.03015628098148 1.63625999761871 "2" 122 0.00137590078489261 10
0.999524633773619 -1.11303302623298 "3" 122 0.00137590078489261 10
0.392583290231167 1.86238851842236 "2" 122 0.00137590078489261 10
1.42975913315102 -0.908713330030347 "3" 122 0.00137590078489261 10
0.338636487287788 1.81824947097857 "2" 122 0.00137590078489261 10
-0.547542223252513 1.83481855729816 "2" 122 0.00137590078489261 10
1.53961113134425 -1.48571373924145 "3" 122 0.00137590078489261 10
-2.15874283320686 -0.205706873877637 "1" 122 0.00137590078489261 10
-1.62511331280923 -0.612672791924089 "1" 122 0.00137590078489261 10
0.448683704205175 1.8913120067854 "2" 122 0.00137590078489261 10
-1.74405509723001 -0.579471171898819 "1" 122 0.00137590078489261 10
0.967802799525871 -1.00804953790947 "3" 122 0.00137590078489261 10
-0.870212226150922 -0.877812435790948 "1" 122 0.00137590078489261 10
-2.24085800307579 -0.555347373282597 "1" 122 0.00137590078489261 10
1.29728207579959 -0.912358317699287 "3" 122 0.00137590078489261 10
0.513074021212744 1.39042805599265 "2" 122 0.00137590078489261 10
0.609560811351197 1.57072284545828 "2" 122 0.00137590078489261 10
0.188754759759561 1.79941219394044 "2" 122 0.00137590078489261 10
1.40111452267858 -1.20669016261644 "3" 122 0.00137590078489261 10
-1.96451006499282 -0.812925944869889 "1" 122 0.00137590078489261 10
1.04712945063612 -1.17416098676722 "3" 122 0.00137590078489261 10
1.34934199207846 -1.18956247710409 "3" 122 0.00137590078489261 10
0.678770564420946 -1.02419146978174 "3" 122 0.00137590078489261 10
-1.03266379951855 -0.989954199328855 "1" 122 0.00137590078489261 10
-1.69615354531991 -0.313823044726331 "1" 122 0.00137590078489261 10
0.58343135940267 1.63756656035776 "2" 122 0.00137590078489261 10
-1.50752701978781 -0.717008737980237 "1" 122 0.00137590078489261 10
-1.02998156580313 -1.03693408196907 "2" 110 0.00138585855447216 11
-1.28285681659897 -1.3067249161248 "2" 110 0.00138585855447216 11
-0.529625517308414 0.951186855876558 "3" 110 0.00138585855447216 11
-0.763726317180126 -0.420406186430955 "2" 110 0.00138585855447216 11
-1.20301363203339 0.585130812147697 "3" 110 0.00138585855447216 11
1.80479947251374 -0.68955232203952 "1" 110 0.00138585855447216 11
-1.14266528310321 -0.470260845412947 "2" 110 0.00138585855447216 11
-0.896008533206266 1.20234158933343 "3" 110 0.00138585855447216 11
-0.98236841657584 -0.751012074068591 "2" 110 0.00138585855447216 11
2.01926229853718 -0.00425001309222911 "1" 110 0.00138585855447216 11
1.90408114687186 -0.277862153903432 "1" 110 0.00138585855447216 11
-0.901958871206722 -1.36611728059267 "2" 110 0.00138585855447216 11
-0.874154479203107 1.32856957771157 "3" 110 0.00138585855447216 11
-0.71592267115231 1.44071213857603 "3" 110 0.00138585855447216 11
1.81357692736371 -0.517931978002286 "1" 110 0.00138585855447216 11
1.54242417523848 -0.756024160457785 "1" 110 0.00138585855447216 11
-0.744667992462724 1.25160305667939 "3" 110 0.00138585855447216 11
-1.16972800068438 -1.12468879268472 "2" 110 0.00138585855447216 11
-0.846136818488703 -1.03343752358332 "2" 110 0.00138585855447216 11
-0.787677090641 1.40385512935516 "3" 110 0.00138585855447216 11
1.65527405314229 -0.288368070031747 "1" 110 0.00138585855447216 11
2.05514284398252 0.0751869265807971 "1" 110 0.00138585855447216 11
1.92912410070942 0.0629382522074758 "1" 110 0.00138585855447216 11
2.05047840263285 -0.776222122919276 "1" 110 0.00138585855447216 11
-0.916215665785321 1.15157742356493 "3" 110 0.00138585855447216 11
-1.12750957518565 -0.699394783372999 "2" 110 0.00138585855447216 11
-1.06406826592148 -1.20832529642559 "2" 110 0.00138585855447216 11
-0.898109311874924 1.70742690160448 "3" 110 0.00138585855447216 11
-0.7511420769386 1.44370409322027 "3" 110 0.00138585855447216 11
1.85337348036222 0.123279844254165 "1" 110 0.00138585855447216 11
-0.228428397766553 1.91095375656824 "1" 87 0.000542930498855199 12
-0.236076533527236 1.95499853820211 "1" 87 0.000542930498855199 12
-0.0710984926664712 1.62323644871621 "1" 87 0.000542930498855199 12
-0.462738636884697 1.73860973473166 "1" 87 0.000542930498855199 12
-0.0785407981562021 1.74406693036437 "1" 87 0.000542930498855199 12
-0.418885959734345 2.33273328641231 "1" 87 0.000542930498855199 12
-0.513462036681374 2.24336115686679 "1" 87 0.000542930498855199 12
-0.470190718370286 2.28883005072403 "1" 87 0.000542930498855199 12
-0.175835713293738 1.96450229591041 "1" 87 0.000542930498855199 12
-0.340189644617808 2.1531326459532 "1" 87 0.000542930498855199 12
1.79108160349299 -0.885565800983207 "2" 87 0.000542930498855199 12
1.00701495241144 -0.533390486560394 "2" 87 0.000542930498855199 12
1.14162597428307 -0.745087879699566 "2" 87 0.000542930498855199 12
1.59831574554829 -0.587149269099785 "2" 87 0.000542930498855199 12
1.4990311050132 -0.447064124840178 "2" 87 0.000542930498855199 12
1.47698115705154 -0.449508740975924 "2" 87 0.000542930498855199 12
1.57393537152892 -0.691307043449956 "2" 87 0.000542930498855199 12
1.41001177951407 -0.338050955427123 "2" 87 0.000542930498855199 12
1.72134292139949 -0.643904160226312 "2" 87 0.000542930498855199 12
1.45709802580501 -0.594176393450528 "2" 87 0.000542930498855199 12
-1.19061138371065 -1.70615110672314 "3" 87 0.000542930498855199 12
-1.8012171952238 -1.00478521946875 "3" 87 0.000542930498855199 12
-0.954469859452086 -1.76772237381674 "3" 87 0.000542930498855199 12
-1.42901847427731 -1.00335037881759 "3" 87 0.000542930498855199 12
-0.838603843767432 -1.55690037147437 "3" 87 0.000542930498855199 12
-0.940606090657226 -1.49927189029829 "3" 87 0.000542930498855199 12
-1.21855386528842 -1.32228909092546 "3" 87 0.000542930498855199 12
-1.28919888818195 -1.32409573171917 "3" 87 0.000542930498855199 12
-0.967205020129175 -1.51121116450315 "3" 87 0.000542930498855199 12
-1.05150708366126 -1.34344266198969 "3" 87 0.000542930498855199 12
-0.13194714273059 1.58543401714033 "3" 128 0.00142327420493044 13
-0.0930128876915642 1.54171247527818 "3" 128 0.00142327420493044 13
1.5689125554377 -1.34044471869508 "2" 128 0.00142327420493044 13
-1.78229182723707 -0.48590227749796 "1" 128 0.00142327420493044 13
-1.67476418032198 -0.466670870159951 "1" 128 0.00142327420493044 13
-1.3637959442155 -0.0901919810592263 "1" 128 0.00142327420493044 13
0.0913587868897751 1.70044883218826 "3" 128 0.00142327420493044 13
-0.0756829506483228 1.57303985644215 "3" 128 0.00142327420493044 13
-1.00014999085104 -0.0712072917039711 "1" 128 0.00142327420493044 13
1.71963072457619 -1.52114954998555 "2" 128 0.00142327420493044 13
-1.59866462348782 -0.397436121774649 "1" 128 0.00142327420493044 13
1.81568737650892 -0.823164885128589 "2" 128 0.00142327420493044 13
-0.147022233179553 1.6731432389474 "3" 128 0.00142327420493044 13
1.36946719323162 -1.23853680116664 "2" 128 0.00142327420493044 13
0.40889018273792 1.77034378485682 "3" 128 0.00142327420493044 13
-1.43676597237832 -0.42126993305341 "1" 128 0.00142327420493044 13
-0.042216028247603 1.80494044779677 "3" 128 0.00142327420493044 13
1.18120995041983 -1.60071472033835 "2" 128 0.00142327420493044 13
-2.16123243410869 -0.384702404132044 "1" 128 0.00142327420493044 13
0.247726778160966 1.76309968292347 "3" 128 0.00142327420493044 13
1.90342186785376 -1.16801065815417 "2" 128 0.00142327420493044 13
1.78061074178162 -1.26075119092791 "2" 128 0.00142327420493044 13
0.298715531665116 1.76749875905189 "3" 128 0.00142327420493044 13
0.713524611439456 -2.01480136804105 "2" 128 0.00142327420493044 13
0.799115860146241 -1.87178235097517 "2" 128 0.00142327420493044 13
-0.530561670081147 0.592897680853632 "1" 128 0.00142327420493044 13
1.45016027626835 -1.78300111977077 "2" 128 0.00142327420493044 13
-1.57928990658735 -0.455245371035385 "1" 128 0.00142327420493044 13
-1.38947349661509 0.0261420139135564 "1" 128 0.00142327420493044 13
-0.341561148735828 1.59628282420741 "3" 128 0.00142327420493044 13
-1.1936917648879 1.08360254229415 "2" 101 0.00155967631049786 14
0.0268627984720767 -1.83452249218403 "3" 101 0.00155967631049786 14
0.0688298835272508 -1.87466363239426 "3" 101 0.00155967631049786 14
-0.117565557378115 -1.75142796140583 "3" 101 0.00155967631049786 14
1.49853253364686 0.748505076364708 "1" 101 0.00155967631049786 14
1.44853092155155 0.792330657432313 "1" 101 0.00155967631049786 14
2.26486196442887 0.830937075375024 "1" 101 0.00155967631049786 14
0.527886835365371 0.821432186578465 "1" 101 0.00155967631049786 14
-1.06798785457914 0.807549957392749 "2" 101 0.00155967631049786 14
0.119000313854363 -1.67371072742965 "3" 101 0.00155967631049786 14
-0.289621854486741 -1.63193256048691 "3" 101 0.00155967631049786 14
-1.14288242479379 0.621911662994003 "2" 101 0.00155967631049786 14
-1.18589666761834 1.21912688279585 "2" 101 0.00155967631049786 14
-1.74891964525839 1.18395044133633 "2" 101 0.00155967631049786 14
1.04886236036636 0.890465454430539 "1" 101 0.00155967631049786 14
1.23271700460592 0.607686873983603 "1" 101 0.00155967631049786 14
1.34938020482059 0.828480209382776 "1" 101 0.00155967631049786 14
-0.252978956265489 -1.67586382344939 "3" 101 0.00155967631049786 14
1.70530835971646 0.448825891256415 "1" 101 0.00155967631049786 14
-0.404732385870042 -1.96988808878171 "3" 101 0.00155967631049786 14
-0.437200904329417 -1.9188380655143 "3" 101 0.00155967631049786 14
-1.39604420007484 0.809431206540855 "2" 101 0.00155967631049786 14
-0.903306681973818 1.21895774466393 "2" 101 0.00155967631049786 14
-0.317431911653418 -1.74587832868237 "3" 101 0.00155967631049786 14
-1.03860798260197 1.09446381021959 "2" 101 0.00155967631049786 14
1.58704131874905 0.240454014242569 "1" 101 0.00155967631049786 14
1.30773464302858 0.834934335428798 "1" 101 0.00155967631049786 14
-0.218851080593172 -1.60301253639485 "3" 101 0.00155967631049786 14
-1.19718868750065 1.14142947946937 "2" 101 0.00155967631049786 14
-1.27264058226805 1.45526271454126 "2" 101 0.00155967631049786 14
-0.380373191209308 1.29840236508374 "1" 86 0.00166126382508331 15
1.52613498933693 -0.965061033816407 "3" 86 0.00166126382508331 15
-0.887124134495382 -0.981012709938683 "2" 86 0.00166126382508331 15
-1.5332726106136 -1.01561985307832 "2" 86 0.00166126382508331 15
-1.01654082056228 -1.27768186968228 "2" 86 0.00166126382508331 15
-1.16966331358224 -0.988051766124406 "2" 86 0.00166126382508331 15
-0.320661395673103 1.58236645035652 "1" 86 0.00166126382508331 15
-0.0500187359267704 1.58044143492661 "1" 86 0.00166126382508331 15
0.945579770632707 0.0459286622802978 "3" 86 0.00166126382508331 15
1.21555154125707 -0.190595283430255 "3" 86 0.00166126382508331 15
1.35158064712064 -0.151727176714549 "3" 86 0.00166126382508331 15
-0.153704103431941 1.43684606671909 "1" 86 0.00166126382508331 15
-0.0629004284004372 1.05138511861091 "1" 86 0.00166126382508331 15
1.73256600109311 -0.736816112758371 "3" 86 0.00166126382508331 15
-0.283672574559661 1.78183841071031 "1" 86 0.00166126382508331 15
0.1305598078392 1.49431372326087 "1" 86 0.00166126382508331 15
-1.430442933873 -0.983259243459637 "2" 86 0.00166126382508331 15
1.4760587576195 -0.603986517679333 "3" 86 0.00166126382508331 15
-0.289373106012185 1.56981430942513 "1" 86 0.00166126382508331 15
1.5874424359243 -0.501948594488503 "3" 86 0.00166126382508331 15
-1.39337159332329 -1.32345695807883 "2" 86 0.00166126382508331 15
-0.386329281474897 1.42343466299709 "1" 86 0.00166126382508331 15
1.27852732591331 -0.242067644397904 "3" 86 0.00166126382508331 15
1.65807069437128 -0.791120702076696 "3" 86 0.00166126382508331 15
-0.298745475275834 1.78235169220457 "1" 86 0.00166126382508331 15
1.06118301787479 -0.419237421004037 "3" 86 0.00166126382508331 15
-1.14445583609961 -1.25555025624049 "2" 86 0.00166126382508331 15
-1.21060726047735 -0.818116183219829 "2" 86 0.00166126382508331 15
-0.891890077541069 -0.566045414807328 "2" 86 0.00166126382508331 15
-1.06010811645087 -1.23576815557929 "2" 86 0.00166126382508331 15
1.33424551132094 0.338807913398985 "2" 145 0.00173841179402369 16
-1.35093316490577 -1.34520642652691 "3" 145 0.00173841179402369 16
-0.375442101979084 1.33958570448013 "1" 145 0.00173841179402369 16
-0.897945076236575 -1.4642452263867 "3" 145 0.00173841179402369 16
-0.888815453549498 -1.31187402386448 "3" 145 0.00173841179402369 16
-0.404696190581058 1.32998978876606 "1" 145 0.00173841179402369 16
1.55379004811952 -0.319808454761242 "2" 145 0.00173841179402369 16
1.55346441212823 0.806103388442287 "2" 145 0.00173841179402369 16
-0.38626476337933 1.20272420359415 "1" 145 0.00173841179402369 16
-0.522173600742092 1.3647010908418 "1" 145 0.00173841179402369 16
-0.558118798075655 1.2389516933296 "1" 145 0.00173841179402369 16
-0.606018360635411 0.98755570361261 "1" 145 0.00173841179402369 16
-1.114277777755 0.997128352697807 "1" 145 0.00173841179402369 16
-0.781897141339816 1.29213209373354 "1" 145 0.00173841179402369 16
-0.805990399078972 -1.02555072089937 "3" 145 0.00173841179402369 16
1.27422110966599 0.346698731280372 "2" 145 0.00173841179402369 16
1.62536029367281 -0.0506789341451509 "2" 145 0.00173841179402369 16
-0.816612090884595 -1.76470023194125 "3" 145 0.00173841179402369 16
1.55051583931997 -0.421492048946676 "2" 145 0.00173841179402369 16
-0.959474504193223 -1.01883580020063 "3" 145 0.00173841179402369 16
1.72145105358482 0.282005067137132 "2" 145 0.00173841179402369 16
1.65623897531692 0.148961212267389 "2" 145 0.00173841179402369 16
1.67469386191282 0.225229266609805 "2" 145 0.00173841179402369 16
1.12721285687791 -0.120149543850782 "2" 145 0.00173841179402369 16
-1.11859748488329 -1.41982963190169 "3" 145 0.00173841179402369 16
-0.657895372780554 -1.60577065826458 "3" 145 0.00173841179402369 16
-0.934004908786864 -1.19148902309011 "3" 145 0.00173841179402369 16
-0.618928595567643 1.21288214768894 "1" 145 0.00173841179402369 16
-0.735090186909807 -1.47017343645904 "3" 145 0.00173841179402369 16
-0.538017989655706 1.416347803358 "1" 145 0.00173841179402369 16
-0.118837979047233 1.54965182028392 "2" 100 0.00174171025639302 17
-0.632545026219002 -1.11649652108473 "3" 100 0.00174171025639302 17
1.39518808102002 -0.201186696402763 "1" 100 0.00174171025639302 17
-0.557641212569363 1.41620510215463 "2" 100 0.00174171025639302 17
-1.34215396615821 -0.84661806573169 "3" 100 0.00174171025639302 17
0.100665564442926 1.84570972589634 "2" 100 0.00174171025639302 17
-1.61182610398798 -1.05244035625111 "3" 100 0.00174171025639302 17
-1.20677867517598 -1.17971831907962 "3" 100 0.00174171025639302 17
0.772380576234543 -0.680644207895327 "1" 100 0.00174171025639302 17
-1.41387071182914 -1.20099768600128 "3" 100 0.00174171025639302 17
1.60841447156978 -0.302142937931626 "1" 100 0.00174171025639302 17
1.2035462041823 -0.715114975309412 "1" 100 0.00174171025639302 17
-0.973510351722248 -1.08887880199127 "3" 100 0.00174171025639302 17
1.29427284649207 -0.304811694328763 "1" 100 0.00174171025639302 17
1.60527551745815 -0.0821520344156069 "1" 100 0.00174171025639302 17
0.149409504909354 1.33171614992161 "2" 100 0.00174171025639302 17
1.37048742856744 -0.219346855694583 "1" 100 0.00174171025639302 17
-0.275041243824949 1.50956257414601 "2" 100 0.00174171025639302 17
-0.076927729817953 1.40622292003151 "2" 100 0.00174171025639302 17
1.36696796212671 -0.462373365472508 "1" 100 0.00174171025639302 17
-0.656905136048958 -1.07554830354358 "3" 100 0.00174171025639302 17
1.39879859462767 -0.750551745214635 "1" 100 0.00174171025639302 17
-0.150988363645518 1.51189038618243 "2" 100 0.00174171025639302 17
-1.25631447409791 -1.02935999826346 "3" 100 0.00174171025639302 17
-0.0468224137479829 1.91990871941212 "2" 100 0.00174171025639302 17
-0.847976707998866 1.30802462547605 "2" 100 0.00174171025639302 17
-0.34281020374514 1.52300492322333 "2" 100 0.00174171025639302 17
-1.26900981679629 -1.44364372830042 "3" 100 0.00174171025639302 17
-1.40321743084054 -1.28722320632936 "3" 100 0.00174171025639302 17
1.91777079564229 -0.282647447486214 "1" 100 0.00174171025639302 17
-1.28160200571887 0.444965856765539 "1" 85 0.00191366967058576 18
1.5354467448253 0.528975725022721 "3" 85 0.00191366967058576 18
1.34357278973566 0.524921620384716 "3" 85 0.00191366967058576 18
-1.48000154053641 0.643740306583836 "1" 85 0.00191366967058576 18
-1.70778225091771 0.473747305584518 "1" 85 0.00191366967058576 18
0.473810597529136 -1.6453865879344 "2" 85 0.00191366967058576 18
-1.37545775570724 0.370048177018511 "1" 85 0.00191366967058576 18
1.1079092634952 1.4563665235309 "3" 85 0.00191366967058576 18
0.824933488417138 1.45382878007209 "3" 85 0.00191366967058576 18
1.30615915317948 0.93733636729804 "3" 85 0.00191366967058576 18
0.215926499266504 -1.68509255671999 "2" 85 0.00191366967058576 18
-1.29997005977755 0.689438173397438 "1" 85 0.00191366967058576 18
-1.10302948573027 0.332185408082095 "1" 85 0.00191366967058576 18
1.39849590334237 1.18683135188756 "3" 85 0.00191366967058576 18
0.0570201534776075 -1.39595956995433 "2" 85 0.00191366967058576 18
1.46790061575911 0.783492820746011 "3" 85 0.00191366967058576 18
1.07125857474515 1.47308162417196 "3" 85 0.00191366967058576 18
0.438526728921236 -1.21572913855432 "2" 85 0.00191366967058576 18
0.0238322502209594 -2.09814851610516 "2" 85 0.00191366967058576 18
-0.237258510252471 -1.58897559586369 "2" 85 0.00191366967058576 18
-1.47620909414392 0.467492134819432 "1" 85 0.00191366967058576 18
0.300248399604139 -1.21501643941232 "2" 85 0.00191366967058576 18
1.27263588074869 0.651574281474358 "3" 85 0.00191366967058576 18
0.453679809766074 -1.33735108287406 "2" 85 0.00191366967058576 18
1.16818499050952 1.0196072421997 "3" 85 0.00191366967058576 18
-0.0244531061328689 -1.16346871958751 "2" 85 0.00191366967058576 18
0.312268569054427 -1.5920940168788 "2" 85 0.00191366967058576 18
-1.54714305848414 0.563272263872522 "1" 85 0.00191366967058576 18
-1.80162787622292 0.793814845404847 "1" 85 0.00191366967058576 18
-1.43727566897332 0.142501415567779 "1" 85 0.00191366967058576 18
0.805011982411387 1.55984139892518 "2" 109 0.00193466696402756 19
-1.56557092440659 0.168346766300631 "1" 109 0.00193466696402756 19
0.64450419329898 -1.00104643758573 "3" 109 0.00193466696402756 19
1.05197936481705 -1.11008461427351 "3" 109 0.00193466696402756 19
-1.53247808795121 -0.307473807542355 "1" 109 0.00193466696402756 19
0.781483782682306 1.12609508291658 "2" 109 0.00193466696402756 19
0.484991501026293 -1.13001539107142 "3" 109 0.00193466696402756 19
-1.14006730184589 -0.279634534842367 "1" 109 0.00193466696402756 19
0.464608816351131 1.49596090225064 "2" 109 0.00193466696402756 19
-1.67195494420026 -0.360721163006732 "1" 109 0.00193466696402756 19
0.869475951248993 1.42833560836879 "2" 109 0.00193466696402756 19
0.556774707142553 1.37160533610644 "2" 109 0.00193466696402756 19
0.44188234596876 -1.4377526694037 "3" 109 0.00193466696402756 19
0.801427254156144 1.56042065736602 "2" 109 0.00193466696402756 19
0.98657700146433 1.2684641950749 "2" 109 0.00193466696402756 19
-1.27350271550191 0.146147688433097 "1" 109 0.00193466696402756 19
0.5351302922863 -1.20658722803047 "3" 109 0.00193466696402756 19
0.460024232746845 1.30436224461097 "2" 109 0.00193466696402756 19
0.934262567719966 -0.996550922757383 "3" 109 0.00193466696402756 19
1.14951007675928 -1.43425595982751 "3" 109 0.00193466696402756 19
1.29686118664252 -1.29946841850955 "3" 109 0.00193466696402756 19
-1.74556488286499 -0.340504874875929 "1" 109 0.00193466696402756 19
1.01659771243228 -1.05508849561605 "3" 109 0.00193466696402756 19
0.477500155782192 1.76805121945126 "2" 109 0.00193466696402756 19
-1.45639320521914 -0.445167523653138 "1" 109 0.00193466696402756 19
-1.65600635726219 -1.07465553749531 "1" 109 0.00193466696402756 19
0.951162073313663 -1.08338773478852 "3" 109 0.00193466696402756 19
-1.67361372652837 -0.315167693392312 "1" 109 0.00193466696402756 19
0.854483699572148 1.69576972048877 "2" 109 0.00193466696402756 19
-1.84909675204256 -0.0158378136212957 "1" 109 0.00193466696402756 19
2.1195922097324 0.197789798971366 "1" 87 0.00194551461818284 20
-0.166855744317798 1.61610003175724 "3" 87 0.00194551461818284 20
-0.261574334531904 1.37513683407314 "3" 87 0.00194551461818284 20
-0.945949129137825 1.41291200190884 "3" 87 0.00194551461818284 20
-1.07173329221076 1.18900133836067 "3" 87 0.00194551461818284 20
1.41645131210369 0.164358809463452 "1" 87 0.00194551461818284 20
-0.724473206734508 1.6593294745756 "3" 87 0.00194551461818284 20
-1.29214782991806 -1.51912680666943 "2" 87 0.00194551461818284 20
-1.95318088846318 1.41966681259659 "3" 87 0.00194551461818284 20
2.2420375932639 0.237215784721375 "1" 87 0.00194551461818284 20
1.58690078975234 -0.103270764738221 "1" 87 0.00194551461818284 20
-0.965592931078324 -1.69967348830893 "2" 87 0.00194551461818284 20
-0.174564544530715 -1.54381104510076 "2" 87 0.00194551461818284 20
-1.31869460291996 1.47082047410165 "3" 87 0.00194551461818284 20
1.52225417600337 -0.139892293034747 "1" 87 0.00194551461818284 20
-0.49848551297098 1.40878454949501 "3" 87 0.00194551461818284 20
1.6444404265088 -0.158611382687644 "1" 87 0.00194551461818284 20
-0.980847820896619 -1.29544955427692 "2" 87 0.00194551461818284 20
-0.561340860297322 -1.20830873064399 "2" 87 0.00194551461818284 20
-0.745944524868835 -1.43459105086214 "2" 87 0.00194551461818284 20
1.91977300489013 -0.0232253628666628 "1" 87 0.00194551461818284 20
1.95025565413767 -0.170671516425416 "1" 87 0.00194551461818284 20
-0.625419863052586 -1.48574668981877 "2" 87 0.00194551461818284 20
-0.944282936771192 1.68468952866978 "3" 87 0.00194551461818284 20
-1.15016133060467 -1.56232567987492 "2" 87 0.00194551461818284 20
0.570275929206562 -0.116140991395354 "1" 87 0.00194551461818284 20
-0.263759274643274 1.70542876242175 "3" 87 0.00194551461818284 20
1.72459691393593 -0.291551682737843 "1" 87 0.00194551461818284 20
-1.31818138649136 -1.569905129863 "2" 87 0.00194551461818284 20
-0.733387995094932 -1.2189320318117 "2" 87 0.00194551461818284 20
