"X1" "X2" "cl" "nbases" "wilks.lambda" ".sample"
-0.577128910222374 1.42443319531449 "3" 134 0.00376775297305609 1
-0.37496682502816 1.40715334085425 "3" 134 0.00376775297305609 1
-0.96764223277034 -1.45402633206778 "1" 134 0.00376775297305609 1
0.913017123741378 -0.600716251385954 "2" 134 0.00376775297305609 1
-0.314409773203203 1.7051701455786 "3" 134 0.00376775297305609 1
-0.623053512841533 1.44008322456621 "3" 134 0.00376775297305609 1
1.25980916784134 -0.325814355773467 "2" 134 0.00376775297305609 1
-0.940862213734842 -0.933490147650873 "1" 134 0.00376775297305609 1
-0.300395595634657 1.41980542753065 "3" 134 0.00376775297305609 1
0.935571018940613 -0.583552558004178 "2" 134 0.00376775297305609 1
-0.216603853699677 1.5207356033439 "3" 134 0.00376775297305609 1
-1.30966138432086 -1.49962803656348 "1" 134 0.00376775297305609 1
-0.785406048343623 -1.08587713194434 "1" 134 0.00376775297305609 1
-0.80819111030801 -0.698853167255914 "1" 134 0.00376775297305609 1
1.35804883658554 -0.2265617964731 "2" 134 0.00376775297305609 1
-0.253070880589459 1.28749721612541 "3" 134 0.00376775297305609 1
1.82564584508794 -0.296596827437897 "2" 134 0.00376775297305609 1
-0.301869025590209 1.2279374530022 "3" 134 0.00376775297305609 1
1.19078116294077 -0.521540430068325 "2" 134 0.00376775297305609 1
1.88120331442856 0.584262874715058 "2" 134 0.00376775297305609 1
-0.433057192824514 -0.792426406373022 "1" 134 0.00376775297305609 1
1.35122551000854 -0.659577452595826 "2" 134 0.00376775297305609 1
-1.09349102077338 -0.486398005631257 "1" 134 0.00376775297305609 1
0.79495418555529 -0.47459548165822 "2" 134 0.00376775297305609 1
-0.96278100058222 -0.907001469094694 "1" 134 0.00376775297305609 1
-0.265888495903049 1.204298665383 "3" 134 0.00376775297305609 1
-0.591491362506473 -0.934225091444094 "1" 134 0.00376775297305609 1
1.03252119761629 -0.773148690095411 "2" 134 0.00376775297305609 1
-0.402691859468854 1.23645475199677 "3" 134 0.00376775297305609 1
-1.02011506440083 -1.20380226689272 "1" 134 0.00376775297305609 1
-0.685606491821889 1.30861766402044 "1" 134 0.00387432111892679 2
-0.976672514584872 1.18534891009009 "1" 134 0.00387432111892679 2
-0.895843035800836 -1.2875474623305 "2" 134 0.00387432111892679 2
1.60197284102474 0.499296512552611 "3" 134 0.00387432111892679 2
1.08846272746635 0.119442164383918 "3" 134 0.00387432111892679 2
1.17486833133964 -0.1203409522903 "3" 134 0.00387432111892679 2
1.15144563365235 0.0453249830856778 "3" 134 0.00387432111892679 2
1.44904943826353 0.0166351286570166 "3" 134 0.00387432111892679 2
-0.718134122321809 -0.683092265153783 "2" 134 0.00387432111892679 2
-0.658320111432482 -1.01511401342928 "2" 134 0.00387432111892679 2
1.38375478782769 -0.639235776479599 "3" 134 0.00387432111892679 2
1.2750164452957 0.0128102150331438 "3" 134 0.00387432111892679 2
-0.753284300513555 -1.30841506754277 "2" 134 0.00387432111892679 2
-0.907571616941846 1.04194151560638 "1" 134 0.00387432111892679 2
-0.720024213063151 -0.953611466928927 "2" 134 0.00387432111892679 2
-0.506665056694752 1.12652134365412 "1" 134 0.00387432111892679 2
1.41241470551964 0.277387980663657 "3" 134 0.00387432111892679 2
-0.246037702849886 1.06278671470783 "1" 134 0.00387432111892679 2
1.63668042820657 -0.281703551832482 "3" 134 0.00387432111892679 2
-0.687125715444987 0.630200010766657 "1" 134 0.00387432111892679 2
-0.821422695489857 -1.61018927748476 "2" 134 0.00387432111892679 2
-0.56123515094997 1.35878280727966 "1" 134 0.00387432111892679 2
-0.645289984727697 -1.62216306595944 "2" 134 0.00387432111892679 2
-1.02013684798245 -0.98632517194357 "2" 134 0.00387432111892679 2
-0.535529133099475 1.59766670100715 "1" 134 0.00387432111892679 2
-0.691827143310679 -1.02114863546922 "2" 134 0.00387432111892679 2
-0.128561596699737 1.00890345704196 "1" 134 0.00387432111892679 2
1.03782725277132 0.171641559355354 "3" 134 0.00387432111892679 2
-0.889532813750328 -0.922367540232986 "2" 134 0.00387432111892679 2
-0.162672343887278 0.987946579171951 "1" 134 0.00387432111892679 2
-0.903054747516758 0.767418770308068 "2" 111 0.00511554320746889 3
-1.16129469750354 1.04885396879749 "2" 111 0.00511554320746889 3
-0.174222767376099 -1.05324109137496 "1" 111 0.00511554320746889 3
0.860740453586938 -0.0479689977001963 "3" 111 0.00511554320746889 3
-0.898013385895969 0.531317151289931 "2" 111 0.00511554320746889 3
1.21690993782392 0.285289471399978 "3" 111 0.00511554320746889 3
0.995441740077025 -0.267070098999938 "3" 111 0.00511554320746889 3
0.10991971209325 -1.01923368270719 "1" 111 0.00511554320746889 3
0.0342389823571075 -1.3761969331355 "1" 111 0.00511554320746889 3
-0.464211513600958 -1.67985059989565 "1" 111 0.00511554320746889 3
-0.801626315994164 1.12683754040512 "2" 111 0.00511554320746889 3
-0.739324913295919 0.844842524267591 "2" 111 0.00511554320746889 3
-0.202384628851885 -1.20530071874284 "1" 111 0.00511554320746889 3
-1.30315822821884 0.992038337296087 "2" 111 0.00511554320746889 3
1.54678402997726 0.0580885400532989 "3" 111 0.00511554320746889 3
0.916826873488291 0.107395202238678 "3" 111 0.00511554320746889 3
-0.128972701841578 -1.12286068834794 "1" 111 0.00511554320746889 3
-0.36087794567121 -1.07379884536436 "1" 111 0.00511554320746889 3
1.16708108151119 0.715263455136806 "3" 111 0.00511554320746889 3
-0.528260027644811 -1.52226470669745 "1" 111 0.00511554320746889 3
1.25489536646982 0.143268230755571 "3" 111 0.00511554320746889 3
1.36051846386804 0.582538279713185 "3" 111 0.00511554320746889 3
0.905217115116653 0.179658850519058 "3" 111 0.00511554320746889 3
-1.48946128547398 0.416682044023868 "2" 111 0.00511554320746889 3
-0.663328989764403 1.36915629708656 "2" 111 0.00511554320746889 3
-0.641607784094266 1.47097719379344 "2" 111 0.00511554320746889 3
-0.157498669255323 -1.07124396659883 "1" 111 0.00511554320746889 3
1.36103179998942 0.0573450644347488 "3" 111 0.00511554320746889 3
-0.821992165521185 1.8104652634349 "2" 111 0.00511554320746889 3
-0.290314788838021 -1.06840585538951 "1" 111 0.00511554320746889 3
-0.561691446861806 0.912618260347741 "3" 87 0.00688452839284509 4
-0.674233923889818 -1.52268963974461 "1" 87 0.00688452839284509 4
1.34305023168479 0.944126037994475 "2" 87 0.00688452839284509 4
1.28154666877671 0.395609370476216 "2" 87 0.00688452839284509 4
1.17490251074742 0.0482557425481346 "2" 87 0.00688452839284509 4
-0.44730066061874 -1.76426395031118 "1" 87 0.00688452839284509 4
-0.592934993961742 -1.85180328043084 "1" 87 0.00688452839284509 4
-0.235402906839162 -0.906768269538631 "1" 87 0.00688452839284509 4
-0.178748771994752 1.02634261210692 "3" 87 0.00688452839284509 4
-0.73774363599495 -1.84106311413074 "1" 87 0.00688452839284509 4
-0.575404949842026 1.25561421727329 "3" 87 0.00688452839284509 4
-1.46274844679915 1.25409257533629 "3" 87 0.00688452839284509 4
1.21287740781402 0.306406705321129 "2" 87 0.00688452839284509 4
1.3263249464964 0.606496083053205 "2" 87 0.00688452839284509 4
1.14958393205479 -0.105427075938659 "2" 87 0.00688452839284509 4
0.779282077944098 0.508680527257432 "2" 87 0.00688452839284509 4
-0.917619229262572 -1.66479746684161 "1" 87 0.00688452839284509 4
-0.441810092336753 -1.50043498062097 "1" 87 0.00688452839284509 4
-0.751634694905249 1.80145881218591 "3" 87 0.00688452839284509 4
0.0820874230166359 -1.42956171086998 "1" 87 0.00688452839284509 4
-0.508670970125427 1.26830706378383 "3" 87 0.00688452839284509 4
-0.269318140394947 -1.71559650078333 "1" 87 0.00688452839284509 4
1.40600944377684 0.0857696950618839 "2" 87 0.00688452839284509 4
-1.59680316847069 1.12435192488351 "3" 87 0.00688452839284509 4
0.0062935618755522 -1.48385919576742 "1" 87 0.00688452839284509 4
2.04392725907571 0.0901767404780859 "2" 87 0.00688452839284509 4
-1.40215946348462 0.859753285451079 "3" 87 0.00688452839284509 4
-0.82537974038005 1.38911662581725 "3" 87 0.00688452839284509 4
1.43113375361571 0.78360881318166 "2" 87 0.00688452839284509 4
-1.05741398071621 1.12548009241992 "3" 87 0.00688452839284509 4
-1.36005714658535 0.157249578371108 "2" 108 0.00697926425140668 5
0.344648543010885 -1.52194739265712 "1" 108 0.00697926425140668 5
0.173598889027894 -1.08378197308782 "1" 108 0.00697926425140668 5
0.686051147664811 -1.48627446466102 "1" 108 0.00697926425140668 5
-0.888714280400118 0.668261646920939 "2" 108 0.00697926425140668 5
-0.911648163233806 0.993815688771411 "2" 108 0.00697926425140668 5
1.33588696374002 1.30428435472045 "3" 108 0.00697926425140668 5
0.451961824063769 0.72355793219173 "3" 108 0.00697926425140668 5
0.171254898785609 -0.359570032086996 "3" 108 0.00697926425140668 5
1.19482967441189 1.36788502305292 "3" 108 0.00697926425140668 5
0.341446357289679 -1.46599861291151 "1" 108 0.00697926425140668 5
-1.2319401208557 0.0434600728420939 "2" 108 0.00697926425140668 5
0.629958838410203 -1.0511252350254 "1" 108 0.00697926425140668 5
-1.1329928023889 0.351299536642115 "2" 108 0.00697926425140668 5
1.07607336670723 1.20003492983149 "3" 108 0.00697926425140668 5
-1.49063523852639 0.989463676620013 "2" 108 0.00697926425140668 5
1.06953864313636 1.14214474919644 "3" 108 0.00697926425140668 5
0.914478822983033 1.47782114407886 "3" 108 0.00697926425140668 5
-1.41390820060962 0.293695798997503 "2" 108 0.00697926425140668 5
0.435798243232882 -1.0204386448545 "1" 108 0.00697926425140668 5
0.671764092224096 0.833513913529577 "3" 108 0.00697926425140668 5
-1.60145729713105 -0.238837684309855 "2" 108 0.00697926425140668 5
-1.15504129121501 0.826936146138777 "2" 108 0.00697926425140668 5
0.716248973329674 -1.52694735524698 "1" 108 0.00697926425140668 5
0.477042603560175 0.690719749266532 "3" 108 0.00697926425140668 5
0.682809731571471 0.588892629800498 "3" 108 0.00697926425140668 5
0.528227195930938 -1.25334126769923 "1" 108 0.00697926425140668 5
-1.13424267430877 0.398292936576424 "2" 108 0.00697926425140668 5
0.00780169464070887 -1.63705665633257 "1" 108 0.00697926425140668 5
0.411216711533384 -1.40601018867591 "1" 108 0.00697926425140668 5
-0.743524780671738 -0.572784088432116 "3" 142 0.00718279037962367 6
-0.269595771050822 1.30332474570564 "2" 142 0.00718279037962367 6
-1.16639824896281 -1.02981920302602 "3" 142 0.00718279037962367 6
0.41149371749953 1.34532929442243 "2" 142 0.00718279037962367 6
-0.0989166049103433 1.11330566107186 "2" 142 0.00718279037962367 6
-0.835156773170992 -0.85333723742075 "3" 142 0.00718279037962367 6
-0.246750649096549 0.858310336168552 "2" 142 0.00718279037962367 6
0.0429957695299625 1.6658436757271 "2" 142 0.00718279037962367 6
0.899413301143783 -0.340808359296905 "1" 142 0.00718279037962367 6
-0.666515586810332 -0.911344881458861 "3" 142 0.00718279037962367 6
1.25915470157647 -0.555932615378018 "1" 142 0.00718279037962367 6
-0.361825810389133 1.18897040078007 "2" 142 0.00718279037962367 6
0.974276915845543 -0.588064962369135 "1" 142 0.00718279037962367 6
-0.119937827761751 1.32266136637907 "2" 142 0.00718279037962367 6
1.19003867462661 -0.299885746043083 "1" 142 0.00718279037962367 6
0.836513710545723 -0.584990352741696 "1" 142 0.00718279037962367 6
0.886203676353162 -0.42558375526765 "1" 142 0.00718279037962367 6
1.05235008980114 -0.458290675034512 "1" 142 0.00718279037962367 6
0.71653951890416 1.5820308728449 "2" 142 0.00718279037962367 6
-0.486463035866784 -1.26244017380939 "3" 142 0.00718279037962367 6
0.613721362003521 -0.98400215241281 "1" 142 0.00718279037962367 6
-1.42336577032463 -0.771718130219426 "3" 142 0.00718279037962367 6
-1.1409564483696 -0.782793256224268 "3" 142 0.00718279037962367 6
1.41147425387586 -0.717692647098902 "1" 142 0.00718279037962367 6
-0.0519036811977332 1.48040350668079 "2" 142 0.00718279037962367 6
-1.3642935839777 -0.612217517415236 "3" 142 0.00718279037962367 6
1.31132508131314 0.23198424878094 "1" 142 0.00718279037962367 6
0.162827076054907 1.14407721932557 "2" 142 0.00718279037962367 6
-1.46064709422778 -0.947674195687979 "3" 142 0.00718279037962367 6
-1.33207618228482 -0.536861378550173 "3" 142 0.00718279037962367 6
-0.924074883810283 0.836706591735971 "2" 104 0.00805679517782022 7
0.0665144138755204 -1.84828461019953 "1" 104 0.00805679517782022 7
-1.39271550784723 0.645785588004804 "2" 104 0.00805679517782022 7
0.636307303341591 0.384428659825924 "3" 104 0.00805679517782022 7
0.482429228985148 0.49611549798892 "3" 104 0.00805679517782022 7
0.371048135118596 -1.8405329036626 "1" 104 0.00805679517782022 7
0.32612967232752 -1.70259018183399 "1" 104 0.00805679517782022 7
-0.675389820343876 0.658990783011193 "2" 104 0.00805679517782022 7
1.55685473939411 0.619097839764551 "3" 104 0.00805679517782022 7
0.676775179297031 0.672479198668247 "3" 104 0.00805679517782022 7
0.826811518259695 -1.06616411406615 "1" 104 0.00805679517782022 7
0.918112282096266 0.621288656762195 "3" 104 0.00805679517782022 7
1.02657570297426 1.31807638587508 "3" 104 0.00805679517782022 7
1.51321376889217 1.89935367711134 "3" 104 0.00805679517782022 7
-1.36948210996601 0.857723000251108 "2" 104 0.00805679517782022 7
0.549333495969443 1.17660797337651 "3" 104 0.00805679517782022 7
0.114409480864939 -1.59922073703459 "1" 104 0.00805679517782022 7
0.3561844453577 -1.75284188711738 "1" 104 0.00805679517782022 7
0.974142822830476 1.27657431191638 "3" 104 0.00805679517782022 7
-0.99387871730692 1.40193893939063 "2" 104 0.00805679517782022 7
-1.04666102827954 0.829352725741393 "2" 104 0.00805679517782022 7
-1.59734179740938 0.406655799300038 "2" 104 0.00805679517782022 7
0.0755879722184407 -1.82944643600117 "1" 104 0.00805679517782022 7
0.653585856191391 0.499446855729955 "3" 104 0.00805679517782022 7
0.806733001699787 -1.88681070043965 "1" 104 0.00805679517782022 7
-1.48564560763626 0.331473181065959 "2" 104 0.00805679517782022 7
-0.185521956569952 -1.28046316000554 "1" 104 0.00805679517782022 7
-1.17966692265899 0.80600394207308 "2" 104 0.00805679517782022 7
-1.55730460470082 0.599236495594125 "2" 104 0.00805679517782022 7
0.476933936835171 -1.53098137282679 "1" 104 0.00805679517782022 7
1.24084390713677 1.25622652878506 "3" 81 0.00855521121890251 8
0.882748738901952 1.1354071458872 "3" 81 0.00855521121890251 8
-1.56897369707104 -0.315953295953347 "2" 81 0.00855521121890251 8
-1.41966136170676 -0.0156880372025196 "2" 81 0.00855521121890251 8
-1.1300714627974 0.410404686757009 "2" 81 0.00855521121890251 8
-0.977859876394805 -0.123720084272514 "2" 81 0.00855521121890251 8
1.05846423702707 -1.21345063498338 "1" 81 0.00855521121890251 8
0.569301641747951 0.429683800198978 "3" 81 0.00855521121890251 8
0.184081920608279 -1.42246031734788 "1" 81 0.00855521121890251 8
0.51262074429607 1.56905892352754 "3" 81 0.00855521121890251 8
-1.32641945068922 -0.296567011083242 "2" 81 0.00855521121890251 8
0.973916194615417 1.22010676976767 "3" 81 0.00855521121890251 8
0.868262671886596 -1.0611311344212 "1" 81 0.00855521121890251 8
0.421579433580419 0.996240209995758 "3" 81 0.00855521121890251 8
-1.3431797256957 -0.663470294927037 "2" 81 0.00855521121890251 8
0.731343147048605 -0.880329062036419 "1" 81 0.00855521121890251 8
0.254556660299171 1.29988958826417 "3" 81 0.00855521121890251 8
0.178106143901491 1.73815406103935 "3" 81 0.00855521121890251 8
0.448475004060815 -1.27789783730051 "1" 81 0.00855521121890251 8
-0.771307599065584 0.0492527961615162 "2" 81 0.00855521121890251 8
-1.24559549289377 0.320271555675031 "2" 81 0.00855521121890251 8
-0.124754053510262 -1.16929108964275 "1" 81 0.00855521121890251 8
0.740060681017603 1.27790351312064 "3" 81 0.00855521121890251 8
0.987193887603206 -1.14587286979022 "1" 81 0.00855521121890251 8
1.13692954044256 -1.206910148876 "1" 81 0.00855521121890251 8
-1.61492400451026 0.146000942812761 "2" 81 0.00855521121890251 8
0.633373899432149 -0.943953803906804 "1" 81 0.00855521121890251 8
-1.30843909763008 -0.0452387919403358 "2" 81 0.00855521121890251 8
0.273571512316485 1.43198763931527 "3" 81 0.00855521121890251 8
0.735755856042288 -1.49865374762379 "1" 81 0.00855521121890251 8
-0.350239944220755 -1.71670453788517 "3" 98 0.00869294528355139 9
-0.508666706938773 -1.54168610855496 "3" 98 0.00869294528355139 9
1.34126632890268 0.799874939984098 "2" 98 0.00869294528355139 9
0.865387572955365 -0.0543382264379391 "2" 98 0.00869294528355139 9
-1.07741735785059 0.390777818573567 "1" 98 0.00869294528355139 9
-1.02669614024784 0.928708341673532 "1" 98 0.00869294528355139 9
1.26072947832233 0.732501536467167 "2" 98 0.00869294528355139 9
-1.40526936126558 1.2004173181746 "1" 98 0.00869294528355139 9
0.376776393855071 -0.900038823098509 "3" 98 0.00869294528355139 9
-0.902521115949703 1.21494261988593 "1" 98 0.00869294528355139 9
-1.11146703232001 1.06709007068032 "1" 98 0.00869294528355139 9
1.59256748276773 0.337957311187368 "2" 98 0.00869294528355139 9
-1.28330727335962 0.558777867516317 "1" 98 0.00869294528355139 9
-0.592147892043213 -1.60870013652596 "3" 98 0.00869294528355139 9
1.20799829668993 0.419253487205291 "2" 98 0.00869294528355139 9
0.628590356206775 -0.137796492701953 "2" 98 0.00869294528355139 9
-0.254081564165485 -1.43984347060923 "3" 98 0.00869294528355139 9
-0.298256359804975 -1.00076848739833 "3" 98 0.00869294528355139 9
0.203762273548601 -0.940703772031961 "3" 98 0.00869294528355139 9
1.6633959257106 0.221982675715291 "2" 98 0.00869294528355139 9
-1.01340417637638 1.04718040723602 "1" 98 0.00869294528355139 9
1.46906622336744 1.13283510005799 "2" 98 0.00869294528355139 9
0.918700239205904 0.0491240396639886 "2" 98 0.00869294528355139 9
-1.97422103988321 0.288030993048037 "1" 98 0.00869294528355139 9
0.367548235365894 -1.27726184287214 "3" 98 0.00869294528355139 9
-0.768241089575023 1.11294224090963 "1" 98 0.00869294528355139 9
-0.78029873889587 0.569332249165044 "1" 98 0.00869294528355139 9
-0.0823208874432611 -1.22587073587881 "3" 98 0.00869294528355139 9
0.250177197677051 -0.878587359412744 "3" 98 0.00869294528355139 9
1.28259067576492 0.650570976263511 "2" 98 0.00869294528355139 9
0.823526207661679 -1.41970859933076 "2" 79 0.00884189208972392 10
-1.32828802639427 -0.0196891813499108 "3" 79 0.00884189208972392 10
-1.9081009530378 0.365640331744822 "3" 79 0.00884189208972392 10
0.982772014041507 -0.666725738143452 "2" 79 0.00884189208972392 10
-0.0731352411534064 -1.22740437901881 "2" 79 0.00884189208972392 10
-1.60268572182878 0.117810737333252 "3" 79 0.00884189208972392 10
0.330950103975304 -1.02490026424796 "2" 79 0.00884189208972392 10
1.56270997852358 0.963619630028803 "1" 79 0.00884189208972392 10
-1.33667419269924 0.117279778131959 "3" 79 0.00884189208972392 10
-1.36708223838867 0.499067397285229 "3" 79 0.00884189208972392 10
-1.36473341296562 -0.495578499066217 "3" 79 0.00884189208972392 10
-1.47198699614033 -0.0896080473072216 "3" 79 0.00884189208972392 10
0.944093925192219 1.12309255942725 "1" 79 0.00884189208972392 10
-1.64995375420927 -0.237677216251081 "3" 79 0.00884189208972392 10
-1.21684600337367 -0.220504842373793 "3" 79 0.00884189208972392 10
0.394720906468968 -1.26443345977881 "2" 79 0.00884189208972392 10
1.47875611806673 0.902022392238267 "1" 79 0.00884189208972392 10
0.454056539064035 -1.13255287008254 "2" 79 0.00884189208972392 10
0.952957112021725 -1.32224525820032 "2" 79 0.00884189208972392 10
0.511425104776231 0.772841151508663 "1" 79 0.00884189208972392 10
0.429408172517381 1.12760609808479 "1" 79 0.00884189208972392 10
0.355718369017768 -0.864023731324984 "2" 79 0.00884189208972392 10
0.572861822297409 -1.39357979219025 "2" 79 0.00884189208972392 10
0.684167635795543 2.35765181523766 "1" 79 0.00884189208972392 10
0.308302874180654 -1.74316080551594 "2" 79 0.00884189208972392 10
1.117297006754 0.88102532826572 "1" 79 0.00884189208972392 10
0.736227737562397 0.845609860490571 "1" 79 0.00884189208972392 10
1.04869294575442 1.72490797639769 "1" 79 0.00884189208972392 10
-1.368479848445 0.245327434917374 "3" 79 0.00884189208972392 10
0.999321814964503 1.07829019309001 "1" 79 0.00884189208972392 10
1.28064834433765 -0.48689128011146 "2" 121 0.0100777130024804 11
1.7344699217481 -0.281272497450711 "2" 121 0.0100777130024804 11
-0.678619185937405 1.88922229817847 "1" 121 0.0100777130024804 11
-0.391166822453971 -1.39353418273691 "3" 121 0.0100777130024804 11
-0.0834805798505164 -0.528984239678763 "3" 121 0.0100777130024804 11
-1.21868332812247 1.31727194857285 "1" 121 0.0100777130024804 11
1.40111112451879 0.170588123947167 "2" 121 0.0100777130024804 11
1.640833732917 -0.424827097595138 "2" 121 0.0100777130024804 11
-0.763025937903001 0.926294446672198 "1" 121 0.0100777130024804 11
-1.16418817093887 1.3164265269849 "1" 121 0.0100777130024804 11
-1.38479308769348 1.00101395682538 "1" 121 0.0100777130024804 11
-0.647499613871214 1.02671018351244 "1" 121 0.0100777130024804 11
-0.360770569736775 -1.00381245413673 "3" 121 0.0100777130024804 11
0.872167857712215 0.13695979576865 "2" 121 0.0100777130024804 11
-0.949705636083592 0.575521232712336 "1" 121 0.0100777130024804 11
-0.613449170374986 1.59446608607867 "1" 121 0.0100777130024804 11
-0.685365105133716 0.644784370222312 "1" 121 0.0100777130024804 11
-0.277068734449062 -0.538509059337832 "3" 121 0.0100777130024804 11
1.2536443238576 -0.198670679713473 "2" 121 0.0100777130024804 11
-1.17724547265467 -1.11413018521733 "3" 121 0.0100777130024804 11
-0.736894975102287 -1.07292173271438 "3" 121 0.0100777130024804 11
-0.26566312634179 -0.983424203098318 "3" 121 0.0100777130024804 11
1.23702205818359 0.0167158021993048 "2" 121 0.0100777130024804 11
-0.210480520725123 -0.738843801375673 "3" 121 0.0100777130024804 11
-0.989336836115406 1.74484797363736 "1" 121 0.0100777130024804 11
1.6191101524757 -0.829908731476597 "2" 121 0.0100777130024804 11
1.45498062149233 -0.181120008122383 "2" 121 0.0100777130024804 11
1.58802497540818 0.333285557103296 "2" 121 0.0100777130024804 11
-0.658316331279897 -1.30698404198496 "3" 121 0.0100777130024804 11
-0.826259907882947 -1.61027410766469 "3" 121 0.0100777130024804 11
-0.272957605711603 -0.891753326894152 "1" 103 0.00686269880500529 12
-1.53970904804364 -0.549480509190701 "1" 103 0.00686269880500529 12
-1.14465686996144 -0.845992986429575 "1" 103 0.00686269880500529 12
-0.728469269589388 -0.651425976074315 "1" 103 0.00686269880500529 12
-0.988934403908379 -1.08976580823961 "1" 103 0.00686269880500529 12
-1.3487358767638 -0.722136948654409 "1" 103 0.00686269880500529 12
-1.14390476198241 -0.794009837631562 "1" 103 0.00686269880500529 12
-0.883605050866192 -0.59758575874775 "1" 103 0.00686269880500529 12
-0.415597906002519 -1.46192777980033 "1" 103 0.00686269880500529 12
-1.07029737764936 -1.21089989767407 "1" 103 0.00686269880500529 12
1.21075643645454 -0.470785535192128 "2" 103 0.00686269880500529 12
1.49318619349801 -0.351390372900872 "2" 103 0.00686269880500529 12
1.30075215083798 -0.745772498340583 "2" 103 0.00686269880500529 12
1.20272178720336 -0.457264513207154 "2" 103 0.00686269880500529 12
1.46440380277347 -0.467365167374359 "2" 103 0.00686269880500529 12
1.00811439173308 -0.580952310705393 "2" 103 0.00686269880500529 12
1.03206001743517 -0.520630152214108 "2" 103 0.00686269880500529 12
1.76008937455027 -0.99641786581028 "2" 103 0.00686269880500529 12
1.52033032923268 -0.911490140609932 "2" 103 0.00686269880500529 12
0.935254761974977 -0.507306769420085 "2" 103 0.00686269880500529 12
-0.245222740130899 1.10128524645399 "3" 103 0.00686269880500529 12
0.103622738439543 1.32824272935597 "3" 103 0.00686269880500529 12
-0.833367841316634 1.84219586331761 "3" 103 0.00686269880500529 12
0.467113954151641 1.8037391872759 "3" 103 0.00686269880500529 12
-0.138697978941105 1.25349334544875 "3" 103 0.00686269880500529 12
-0.111098255370377 1.49921575276212 "3" 103 0.00686269880500529 12
-1.1541701552868 1.15017770093331 "3" 103 0.00686269880500529 12
-0.254090568131605 1.78675274074682 "3" 103 0.00686269880500529 12
-0.361406921291391 1.52674708166529 "3" 103 0.00686269880500529 12
-0.86348330733718 1.53250450715159 "3" 103 0.00686269880500529 12
0.456156292454626 0.665387281809992 "1" 107 0.010480062400931 13
1.41261965612668 -1.16942678513261 "3" 107 0.010480062400931 13
-1.53040904460043 0.333524217338334 "2" 107 0.010480062400931 13
0.866847684585078 1.58141323890155 "1" 107 0.010480062400931 13
0.881809767665768 -1.05329318935583 "3" 107 0.010480062400931 13
0.705329371931154 -1.23073325477745 "3" 107 0.010480062400931 13
-1.27970929603674 -0.0273511374178135 "2" 107 0.010480062400931 13
0.607462275885443 -1.20325759988363 "3" 107 0.010480062400931 13
0.219692724542205 1.04229047392151 "1" 107 0.010480062400931 13
-1.95604206035993 0.4329845392956 "2" 107 0.010480062400931 13
-1.4489721517155 -0.0382973902663484 "2" 107 0.010480062400931 13
-1.53283582897568 0.61906294390469 "2" 107 0.010480062400931 13
-1.59239033463071 0.433350138741274 "2" 107 0.010480062400931 13
-1.4293380270798 0.0532652675144274 "2" 107 0.010480062400931 13
-0.0144786455981252 -1.47575826524583 "3" 107 0.010480062400931 13
-1.03104544244662 0.397624759106315 "2" 107 0.010480062400931 13
0.993099583705522 -0.767478731213821 "3" 107 0.010480062400931 13
0.443254833621336 1.27101219768604 "1" 107 0.010480062400931 13
0.683897146989741 -1.18043851973389 "3" 107 0.010480062400931 13
-0.87864875968869 -0.210787762184307 "2" 107 0.010480062400931 13
1.33416679715295 0.405657868246593 "1" 107 0.010480062400931 13
-0.26905385731443 -1.29704238038428 "3" 107 0.010480062400931 13
0.923672162166957 0.884170422939853 "1" 107 0.010480062400931 13
0.437886157170225 -1.51407828535539 "3" 107 0.010480062400931 13
0.999950493020199 0.749871117648839 "1" 107 0.010480062400931 13
-1.84524610562863 0.203030021343673 "2" 107 0.010480062400931 13
1.32250067779308 0.759669220097073 "1" 107 0.010480062400931 13
1.22542606959359 1.21004061069809 "1" 107 0.010480062400931 13
0.564150223814019 -0.824030455915378 "3" 107 0.010480062400931 13
0.730247635856723 0.949619437672717 "1" 107 0.010480062400931 13
0.315932909880237 -1.04574377151839 "2" 83 0.0107511874466945 14
0.993946518401314 -1.62658928432251 "3" 83 0.0107511874466945 14
-1.38972410373788 1.58650705158788 "1" 83 0.0107511874466945 14
0.462452626996873 -4.13161964208935 "3" 83 0.0107511874466945 14
0.631747268938233 1.21195972010026 "2" 83 0.0107511874466945 14
0.328705202340016 0.644466502898973 "2" 83 0.0107511874466945 14
0.306370942388341 1.11319225876042 "2" 83 0.0107511874466945 14
-1.60991098094251 0.243243506702276 "1" 83 0.0107511874466945 14
-1.53793902967423 1.37572202091908 "1" 83 0.0107511874466945 14
-1.66832096134036 0.174993337026997 "1" 83 0.0107511874466945 14
0.619143234923054 0.542192821694973 "2" 83 0.0107511874466945 14
0.495102079330489 1.31884558549272 "2" 83 0.0107511874466945 14
-1.89324583039832 -1.67120657185933 "1" 83 0.0107511874466945 14
0.675786906555908 -2.19718194619362 "3" 83 0.0107511874466945 14
0.955686377138263 1.77759088431802 "2" 83 0.0107511874466945 14
-1.5763288226804 1.38870284006236 "1" 83 0.0107511874466945 14
1.07863980604164 -0.98773461487776 "3" 83 0.0107511874466945 14
1.3536256699394 0.0520027666433557 "3" 83 0.0107511874466945 14
1.29299248548959 0.274898614226059 "3" 83 0.0107511874466945 14
0.585953627540651 0.333194545260343 "2" 83 0.0107511874466945 14
1.06363504818296 -0.665799244149351 "3" 83 0.0107511874466945 14
1.03318297128642 -0.509480074280231 "3" 83 0.0107511874466945 14
0.905006586523169 2.54967654241036 "2" 83 0.0107511874466945 14
0.52309209653998 0.249533479084365 "2" 83 0.0107511874466945 14
-1.71836058357135 -0.296216869780462 "1" 83 0.0107511874466945 14
1.56639655846179 -0.735983921058823 "3" 83 0.0107511874466945 14
-1.43450366721919 -0.0340451394377339 "1" 83 0.0107511874466945 14
-2.11537524056825 -0.856897945520177 "1" 83 0.0107511874466945 14
1.3817583623439 0.462152196305532 "3" 83 0.0107511874466945 14
-1.62544805910972 -0.540375648406224 "1" 83 0.0107511874466945 14
0.836667888370761 -0.205536487295751 "3" 101 0.0117235867803552 15
1.14252910249599 -1.70769472466409 "3" 101 0.0117235867803552 15
0.660856505291214 0.787685814645171 "2" 101 0.0117235867803552 15
0.559111772087873 -1.00451485023423 "3" 101 0.0117235867803552 15
1.36625757157973 -0.674887579398854 "3" 101 0.0117235867803552 15
-1.45581323704098 -0.540111611460248 "1" 101 0.0117235867803552 15
-0.953774578525625 -0.991817214344187 "1" 101 0.0117235867803552 15
0.907300238427099 -0.750266113213527 "3" 101 0.0117235867803552 15
0.780126131282785 -0.419749607729398 "3" 101 0.0117235867803552 15
0.516075164107436 -0.994395477741528 "3" 101 0.0117235867803552 15
-1.46821114533652 -0.238626598315618 "1" 101 0.0117235867803552 15
-1.5186390280592 0.31539296647965 "1" 101 0.0117235867803552 15
-1.33593550719416 -0.406233793129357 "1" 101 0.0117235867803552 15
-1.23141590249459 -0.578220359801007 "1" 101 0.0117235867803552 15
0.857940419324079 -0.170396701742103 "3" 101 0.0117235867803552 15
0.883860381943889 0.958094927204894 "2" 101 0.0117235867803552 15
-1.13681311758309 -0.209162569125435 "1" 101 0.0117235867803552 15
-1.22155977655004 -1.20035480876677 "1" 101 0.0117235867803552 15
0.0888682659808495 0.949876705448442 "2" 101 0.0117235867803552 15
0.470448128961919 0.687745492058889 "2" 101 0.0117235867803552 15
0.418644791237637 1.1331379350512 "2" 101 0.0117235867803552 15
0.265415228578783 1.58962010301567 "2" 101 0.0117235867803552 15
0.466057083283321 1.50774141791151 "2" 101 0.0117235867803552 15
-1.63314086650935 -0.0798568042050437 "1" 101 0.0117235867803552 15
0.759756358225993 -1.01137719011236 "3" 101 0.0117235867803552 15
-2.00506803041993 0.341365158831733 "1" 101 0.0117235867803552 15
0.792886150490586 -1.12567986330147 "3" 101 0.0117235867803552 15
1.14683732364855 1.20283194415722 "2" 101 0.0117235867803552 15
0.571239231165462 1.17387991785599 "2" 101 0.0117235867803552 15
0.469493453229526 1.66150997192062 "2" 101 0.0117235867803552 15
1.07987856457439 -0.962392790608654 "3" 110 0.0118277883348342 16
0.893624422657817 -1.19486645112476 "3" 110 0.0118277883348342 16
0.523236478411122 -1.20956565158994 "3" 110 0.0118277883348342 16
0.372213389329095 -1.33398814935908 "3" 110 0.0118277883348342 16
-0.200355103408709 1.22386881708495 "1" 110 0.0118277883348342 16
0.886950505216486 -0.657612465804248 "3" 110 0.0118277883348342 16
-0.123873231886279 -1.28856389793786 "3" 110 0.0118277883348342 16
0.638935773473909 1.15696396202413 "1" 110 0.0118277883348342 16
-0.239252499838487 -0.106131819728514 "2" 110 0.0118277883348342 16
-1.27083289253771 -0.0528434960094703 "2" 110 0.0118277883348342 16
-1.46878727184917 -0.332001052335175 "2" 110 0.0118277883348342 16
0.521067380056248 1.29370333368812 "1" 110 0.0118277883348342 16
1.11766332250908 -1.14115820437004 "3" 110 0.0118277883348342 16
0.312732240608349 1.28856906523289 "1" 110 0.0118277883348342 16
-0.876888873337448 -0.388400744427334 "2" 110 0.0118277883348342 16
0.094407205704313 1.14526382316299 "1" 110 0.0118277883348342 16
-0.73714977355174 -0.421200230366786 "2" 110 0.0118277883348342 16
0.0985222806009128 1.21275697827573 "1" 110 0.0118277883348342 16
1.17077804809562 -0.52449544366316 "3" 110 0.0118277883348342 16
0.0174370051757176 1.72048440936974 "1" 110 0.0118277883348342 16
-1.73503111807206 -0.437263113059699 "2" 110 0.0118277883348342 16
0.54956247543815 1.08452555952105 "1" 110 0.0118277883348342 16
0.266762553200904 1.11973594145622 "1" 110 0.0118277883348342 16
-0.408110648466862 0.905470659129782 "1" 110 0.0118277883348342 16
1.47997849864013 -0.854999705221314 "3" 110 0.0118277883348342 16
-0.279546251620916 0.18819706186181 "2" 110 0.0118277883348342 16
-0.581700748486077 0.0385858110681677 "2" 110 0.0118277883348342 16
0.586287445552517 -0.8455735487605 "3" 110 0.0118277883348342 16
-1.48410692922323 -0.100838041219604 "2" 110 0.0118277883348342 16
-1.20440224696607 -0.526230616289475 "2" 110 0.0118277883348342 16
-1.05575795656113 -0.603043255383312 "3" 136 0.012073069800289 17
0.68895769428875 -1.29304095529937 "1" 136 0.012073069800289 17
-0.0419198621854655 -1.09082997199258 "1" 136 0.012073069800289 17
0.578535427714342 -1.39099237683864 "1" 136 0.012073069800289 17
0.0152126413737929 -0.777171373654014 "1" 136 0.012073069800289 17
0.871052429635398 -0.820119583004912 "1" 136 0.012073069800289 17
0.209249500121825 1.68995612016674 "2" 136 0.012073069800289 17
0.644268009219923 1.03066579613868 "2" 136 0.012073069800289 17
0.8656474993072 1.26039884074067 "2" 136 0.012073069800289 17
-0.95139097288431 -0.109441846225388 "3" 136 0.012073069800289 17
-1.21866612057685 -0.631222913530036 "3" 136 0.012073069800289 17
0.255509391675047 1.55103939689555 "2" 136 0.012073069800289 17
0.473194861541657 -0.913684009737141 "1" 136 0.012073069800289 17
-0.732489740779785 -0.212846391415029 "3" 136 0.012073069800289 17
-1.16032760616083 -0.228902429335356 "3" 136 0.012073069800289 17
0.0461796702798425 1.36447564772004 "2" 136 0.012073069800289 17
0.370151562265691 -1.15251046922816 "1" 136 0.012073069800289 17
-0.16340099196424 1.51130878868835 "2" 136 0.012073069800289 17
-1.01307076570735 0.295346918564825 "3" 136 0.012073069800289 17
1.5873367923036 1.41869998666652 "2" 136 0.012073069800289 17
-0.982798540121057 -0.744518994488191 "3" 136 0.012073069800289 17
0.270686017549654 -1.40431746602978 "1" 136 0.012073069800289 17
-0.692703909576528 -0.395505366713286 "3" 136 0.012073069800289 17
0.00957415941692686 1.38265982921008 "2" 136 0.012073069800289 17
-0.930172156098256 -0.343686696460339 "3" 136 0.012073069800289 17
1.15042963748133 1.38018900978077 "2" 136 0.012073069800289 17
-0.46786760028314 -0.127842677692268 "3" 136 0.012073069800289 17
0.491875632097314 -1.24444656927855 "1" 136 0.012073069800289 17
0.315829771280362 -0.822188404755676 "1" 136 0.012073069800289 17
0.566875525346295 1.4215714164898 "2" 136 0.012073069800289 17
0.569421791231297 -0.144652339749523 "1" 83 0.0125690761803737 18
-1.44138393767089 -0.739498973274711 "3" 83 0.0125690761803737 18
-1.39546165154772 -1.00469122065577 "3" 83 0.0125690761803737 18
0.820022573055774 -0.583362068138171 "1" 83 0.0125690761803737 18
0.635002605233737 -0.0299064440548299 "1" 83 0.0125690761803737 18
0.137436640385019 1.27563939259629 "2" 83 0.0125690761803737 18
0.910275874209056 -0.513873445929488 "1" 83 0.0125690761803737 18
1.37787405062922 -0.376926638943097 "1" 83 0.0125690761803737 18
1.63157422282555 -0.41227023891458 "1" 83 0.0125690761803737 18
-1.81601389867354 -1.36281568964733 "3" 83 0.0125690761803737 18
-1.55607599006602 -0.64803868866375 "3" 83 0.0125690761803737 18
1.29522259428776 -0.33742003065348 "1" 83 0.0125690761803737 18
-1.57190690417826 -0.709817748900179 "3" 83 0.0125690761803737 18
0.111387673333261 1.57282296873967 "2" 83 0.0125690761803737 18
-1.56477011663024 -0.311993547408044 "3" 83 0.0125690761803737 18
0.71865538188544 0.859010191141257 "2" 83 0.0125690761803737 18
-1.00877022759909 -0.862372368465946 "3" 83 0.0125690761803737 18
0.487169348695508 1.11674139951412 "2" 83 0.0125690761803737 18
0.764542153134958 0.355330671821117 "2" 83 0.0125690761803737 18
1.28461702462775 -0.964489826332983 "1" 83 0.0125690761803737 18
-1.53760116334594 -0.053094497826888 "3" 83 0.0125690761803737 18
-1.73312315435785 -0.568413109636125 "3" 83 0.0125690761803737 18
0.080121234722158 1.5316414934673 "2" 83 0.0125690761803737 18
0.689594726434259 -0.20902602471167 "1" 83 0.0125690761803737 18
-1.55948374336393 0.10135468080954 "3" 83 0.0125690761803737 18
0.567879873534262 1.55219158937006 "2" 83 0.0125690761803737 18
1.00971350033741 0.058988592225535 "2" 83 0.0125690761803737 18
1.03904655871108 -0.790192316298038 "1" 83 0.0125690761803737 18
0.810860540663046 0.827863275838498 "2" 83 0.0125690761803737 18
0.244172419496925 1.37127096268121 "2" 83 0.0125690761803737 18
1.10247184754529 -0.0655964611188826 "2" 89 0.0134080160590979 19
1.56140281296401 0.0584598686267259 "2" 89 0.0134080160590979 19
1.18484060131925 0.000480631537013906 "2" 89 0.0134080160590979 19
-1.3400610421934 1.10807216198357 "1" 89 0.0134080160590979 19
-0.196992874987568 1.15750821714148 "1" 89 0.0134080160590979 19
-0.254431647824519 1.01479773819658 "1" 89 0.0134080160590979 19
1.65105163460735 -0.0657161627815161 "2" 89 0.0134080160590979 19
0.536370505661566 0.344217063554885 "2" 89 0.0134080160590979 19
-0.973467357668586 -1.39591368197077 "3" 89 0.0134080160590979 19
-0.345078561865491 0.625736821665532 "1" 89 0.0134080160590979 19
-1.13671177436888 -0.779550608226085 "3" 89 0.0134080160590979 19
-0.613731916980908 -1.1210916965718 "3" 89 0.0134080160590979 19
-0.496528848103924 -1.24094254796153 "3" 89 0.0134080160590979 19
-1.01406030099321 -0.863317976376293 "3" 89 0.0134080160590979 19
1.31309286849393 0.199249471198891 "2" 89 0.0134080160590979 19
-0.721564090085696 -0.780194221771892 "3" 89 0.0134080160590979 19
-0.571268063906473 -0.703878712377923 "3" 89 0.0134080160590979 19
1.04546554838606 -0.362657482383379 "2" 89 0.0134080160590979 19
-0.0934864344055637 0.477590848882359 "1" 89 0.0134080160590979 19
-0.749988434802902 -1.14975261374445 "3" 89 0.0134080160590979 19
-0.724689000752487 1.62705445622048 "1" 89 0.0134080160590979 19
1.32184291078825 -0.222903082908638 "2" 89 0.0134080160590979 19
1.54737201564561 0.366668626145723 "2" 89 0.0134080160590979 19
-1.44187366552891 -1.21740938364657 "3" 89 0.0134080160590979 19
1.91161720524241 -0.316989324875366 "2" 89 0.0134080160590979 19
-0.0935088025189908 1.12399424673244 "1" 89 0.0134080160590979 19
0.141568108452097 -1.46218209157586 "3" 89 0.0134080160590979 19
-0.651313747628704 0.89968676195581 "1" 89 0.0134080160590979 19
-0.789013081844203 0.947116665544048 "1" 89 0.0134080160590979 19
-1.10932641264541 1.79746246890542 "1" 89 0.0134080160590979 19
-0.775901514746028 0.944986067201535 "2" 109 0.0139091932608019 20
-0.681015726056199 -0.982095138799418 "3" 109 0.0139091932608019 20
-0.899828028157425 -0.704936889118603 "3" 109 0.0139091932608019 20
1.38808532457632 0.310326380339484 "1" 109 0.0139091932608019 20
-0.830173708162664 0.092052479129401 "2" 109 0.0139091932608019 20
1.71714600939571 -0.0683650868628012 "1" 109 0.0139091932608019 20
-0.904755562388858 -1.02451761612703 "3" 109 0.0139091932608019 20
-0.819114470892175 -0.246530743573651 "3" 109 0.0139091932608019 20
0.848484649434986 -0.366778951259817 "1" 109 0.0139091932608019 20
-1.32702545417826 -2.13729171581778 "3" 109 0.0139091932608019 20
-0.713507515659646 -1.07723436439207 "3" 109 0.0139091932608019 20
-0.894059623280874 1.39502859055372 "2" 109 0.0139091932608019 20
-0.490035401010258 1.06435854784374 "2" 109 0.0139091932608019 20
-0.69749141533343 1.65235627615621 "2" 109 0.0139091932608019 20
-0.945495394146419 0.515928669951099 "2" 109 0.0139091932608019 20
-0.699864661098677 -0.408330725056547 "3" 109 0.0139091932608019 20
1.43302368167605 -0.47866713133431 "1" 109 0.0139091932608019 20
-0.617942839794424 -0.533890605821145 "3" 109 0.0139091932608019 20
-0.530947551858614 2.19759769848261 "2" 109 0.0139091932608019 20
-0.231321350381935 -1.5318190409892 "3" 109 0.0139091932608019 20
1.48904086722665 0.224785106451373 "1" 109 0.0139091932608019 20
-1.28997665311023 -1.13293413376668 "3" 109 0.0139091932608019 20
1.85245734913849 -0.364736256533238 "1" 109 0.0139091932608019 20
1.39231655351289 0.079684497352281 "1" 109 0.0139091932608019 20
-0.554470828815003 1.41866222244201 "2" 109 0.0139091932608019 20
1.45527862906707 -1.09522180582679 "1" 109 0.0139091932608019 20
-0.492136151511903 0.313273215076393 "2" 109 0.0139091932608019 20
1.72587396859859 0.225293323021742 "1" 109 0.0139091932608019 20
1.65470853578255 0.284055935035725 "1" 109 0.0139091932608019 20
-0.561351717826281 1.43496119624177 "2" 109 0.0139091932608019 20
