"x" "cl" "nbases" ".sample"
0.680266296787914 "2" 46 1
0.312312418333731 "2" 46 1
0.639362093897565 "2" 46 1
0.597171103156003 "2" 46 1
1.28321276026468 "2" 46 1
-0.407246357272894 "2" 46 1
0.803093579465118 "2" 46 1
0.329239385191028 "2" 46 1
1.30330537028586 "2" 46 1
0.371442934276105 "2" 46 1
-0.233610405279255 "2" 46 1
1.23605758154398 "2" 46 1
-0.284632044168696 "2" 46 1
-0.066901682038756 "2" 46 1
0.42951260190755 "2" 46 1
0.167947793623773 "1" 46 1
0.31725106440033 "1" 46 1
0.140874405624421 "1" 46 1
-0.418978831142654 "1" 46 1
-1.04550777959488 "1" 46 1
-0.648746232188244 "1" 46 1
-1.29431033829346 "1" 46 1
-0.410552706892576 "1" 46 1
0.0262852061843632 "1" 46 1
-0.715195532058312 "1" 46 1
-0.97404457633013 "1" 46 1
-0.50112843197653 "1" 46 1
-0.656298779581664 "1" 46 1
-0.268158846306537 "1" 46 1
-0.71202205181783 "1" 46 1
0.298913371481551 "1" 38 2
-2.80725142771105 "1" 38 2
-0.33622718323673 "1" 38 2
-1.40282922955757 "1" 38 2
-0.473832382215662 "1" 38 2
-0.566808384049692 "1" 38 2
1.07543691882345 "1" 38 2
-0.569796127535368 "1" 38 2
-0.551178748851332 "1" 38 2
-0.782040627842626 "1" 38 2
-0.176905634343052 "1" 38 2
-1.19632097811395 "1" 38 2
-0.626633463264451 "1" 38 2
-0.266642291712245 "1" 38 2
-1.67218290104618 "1" 38 2
0.234834861328414 "2" 38 2
1.19373087806893 "2" 38 2
1.43230683987452 "2" 38 2
-0.368036580659614 "2" 38 2
1.23197949735157 "2" 38 2
0.560693164876187 "2" 38 2
0.322364976127126 "2" 38 2
0.524675887532549 "2" 38 2
0.22218059645433 "2" 38 2
0.894518243193288 "2" 38 2
0.874439669792818 "2" 38 2
0.913759623502094 "2" 38 2
0.152159351516732 "2" 38 2
0.864652397046266 "2" 38 2
1.00003968316969 "2" 38 2
0.472427574801991 "2" 46 3
0.0278789211126975 "2" 46 3
0.0238877595617526 "2" 46 3
1.49579356998575 "2" 46 3
0.324522460426524 "2" 46 3
0.722945953919104 "2" 46 3
0.80982111360605 "2" 46 3
0.3293833448702 "2" 46 3
0.994042907890082 "2" 46 3
0.736707550133591 "2" 46 3
1.49117858151222 "2" 46 3
1.19405573260097 "2" 46 3
-0.231743504803317 "2" 46 3
0.315772175590257 "2" 46 3
0.527789164587195 "2" 46 3
-0.971073323319874 "1" 46 3
-0.582619293129203 "1" 46 3
-1.66739225022245 "1" 46 3
0.185999291075905 "1" 46 3
0.147000476175758 "1" 46 3
0.300734447993083 "1" 46 3
-0.767522750384796 "1" 46 3
-0.139833040242277 "1" 46 3
0.714810136554058 "1" 46 3
-2.54560509775851 "1" 46 3
-0.868989177796437 "1" 46 3
-0.40709173513622 "1" 46 3
-0.116724920945665 "1" 46 3
-1.37284738909213 "1" 46 3
-1.14330867956631 "1" 46 3
1.03583281761853 "2" 39 4
1.30005971003242 "2" 39 4
1.39175262733697 "2" 39 4
1.29179969302854 "2" 39 4
0.230212232941618 "2" 39 4
1.49125900682173 "2" 39 4
0.468872775153593 "2" 39 4
1.30024684396289 "2" 39 4
0.881254135693573 "2" 39 4
1.4159714498311 "2" 39 4
1.37192128079275 "2" 39 4
0.329929962984422 "2" 39 4
0.591989879197445 "2" 39 4
0.712632410818987 "2" 39 4
-0.441885840350329 "2" 39 4
-0.529194222519886 "1" 39 4
-1.66064539608976 "1" 39 4
-0.646288306097536 "1" 39 4
-1.50499853490026 "1" 39 4
-0.431227924040116 "1" 39 4
-1.08490506903292 "1" 39 4
-0.988671321332073 "1" 39 4
-1.4132129913179 "1" 39 4
-0.704104670124664 "1" 39 4
-0.395275714843417 "1" 39 4
-0.929173916831087 "1" 39 4
-1.02969795983434 "1" 39 4
-0.384526999262246 "1" 39 4
-0.559980291956702 "1" 39 4
-1.10994566768133 "1" 39 4
-1.00091741996537 "1" 39 5
-1.0454218729594 "1" 39 5
0.66524013023363 "1" 39 5
-0.018750715804041 "1" 39 5
0.405685525967986 "1" 39 5
-1.1113808223646 "1" 39 5
-1.1181284809306 "1" 39 5
0.000741923371021739 "1" 39 5
-0.787497070487047 "1" 39 5
-1.34963957199011 "1" 39 5
-1.37010175281727 "1" 39 5
-0.543683111327759 "1" 39 5
-0.707089082899011 "1" 39 5
-0.91081621725708 "1" 39 5
-0.263405633622051 "1" 39 5
0.819614455451439 "2" 39 5
0.701528694950685 "2" 39 5
-0.0753234602046172 "2" 39 5
0.670085655877773 "2" 39 5
0.286313167506027 "2" 39 5
0.305632614299839 "2" 39 5
0.842716516503496 "2" 39 5
0.181728942352495 "2" 39 5
0.577320366209726 "2" 39 5
0.263208426310632 "2" 39 5
0.472880084161055 "2" 39 5
1.09733559236349 "2" 39 5
0.617336333871459 "2" 39 5
1.33579019470138 "2" 39 5
1.05899658849681 "2" 39 5
-0.203267118967192 "2" 52 6
0.948625285005029 "2" 52 6
1.41999569203462 "2" 52 6
0.726099687026007 "2" 52 6
0.267216822433316 "2" 52 6
0.187387092643323 "2" 52 6
-0.297637470969117 "2" 52 6
-0.167965426105794 "2" 52 6
-0.393460216855195 "2" 52 6
0.437425395041472 "2" 52 6
0.12581542701427 "2" 52 6
0.686566098008691 "2" 52 6
0.412697228154034 "2" 52 6
0.7313609181227 "2" 52 6
0.696043414775915 "2" 52 6
0.293086015166341 "1" 52 6
0.412035442385545 "1" 52 6
-0.136837077748647 "1" 52 6
-0.357221919292576 "1" 52 6
-0.459168794768648 "1" 52 6
-1.55904396006504 "1" 52 6
-0.488149967380206 "1" 52 6
-0.842289009575953 "1" 52 6
-0.92010099343495 "1" 52 6
-0.28367797051019 "1" 52 6
-1.17347708794917 "1" 52 6
0.0110669321075901 "1" 52 6
-0.0944194619332446 "1" 52 6
0.158893414469337 "1" 52 6
-0.137598388832265 "1" 52 6
-0.955010693058625 "1" 42 7
-1.52468375654106 "1" 42 7
-1.12568399383519 "1" 42 7
-1.17892862021121 "1" 42 7
-1.48130565176395 "1" 42 7
-1.18584479814165 "1" 42 7
-1.82931226471549 "1" 42 7
-0.516084793310495 "1" 42 7
-0.982675875864967 "1" 42 7
-1.29261220700671 "1" 42 7
-0.840818196143667 "1" 42 7
-1.04883216722169 "1" 42 7
-1.13919709444587 "1" 42 7
-0.638474001096903 "1" 42 7
-1.01782353598311 "1" 42 7
0.936601279051303 "2" 42 7
1.4352093526473 "2" 42 7
1.1150890151897 "2" 42 7
0.910268504694811 "2" 42 7
0.749482137537767 "2" 42 7
1.68861669946524 "2" 42 7
1.0797934406116 "2" 42 7
1.05736858472311 "2" 42 7
0.927909863292739 "2" 42 7
1.70597308541559 "2" 42 7
0.929928909636433 "2" 42 7
1.10699838143882 "2" 42 7
1.1337560755621 "2" 42 7
1.07391683192167 "2" 42 7
0.906375488152423 "2" 42 7
-0.0660329374246951 "1" 41 8
-0.168921364182997 "1" 41 8
-0.288485938839632 "1" 41 8
-0.239024853341893 "1" 41 8
-1.71302427106615 "1" 41 8
-0.436286197208153 "1" 41 8
-0.484397361885159 "1" 41 8
-0.407735728117454 "1" 41 8
-0.489287135200688 "1" 41 8
-1.21912294937046 "1" 41 8
-0.813606593903848 "1" 41 8
-0.451082392556382 "1" 41 8
-2.42298782328132 "1" 41 8
-0.30863208052463 "1" 41 8
-0.961958759131723 "1" 41 8
0.844158274586159 "2" 41 8
0.272173414654966 "2" 41 8
1.44602506080203 "2" 41 8
0.801807784005068 "2" 41 8
0.535595524833424 "2" 41 8
0.578804823608796 "2" 41 8
0.88497607866578 "2" 41 8
0.678212943104699 "2" 41 8
1.0597512390268 "2" 41 8
-0.340223786830532 "2" 41 8
0.559150270263798 "2" 41 8
1.3246834717219 "2" 41 8
1.35430065299077 "2" 41 8
0.576344856017528 "2" 41 8
-0.105174221415997 "2" 41 8
0.241096534832179 "1" 38 9
-0.142275483135809 "1" 38 9
-1.11917335248058 "1" 38 9
-0.358782739942682 "1" 38 9
-1.01037947266409 "1" 38 9
-1.0714267746496 "1" 38 9
-0.605534703470461 "1" 38 9
-0.39513806670255 "1" 38 9
-1.88762323878652 "1" 38 9
-1.07069115965802 "1" 38 9
-0.920299712725686 "1" 38 9
-1.37649564831539 "1" 38 9
-0.443980761255246 "1" 38 9
-1.43590552324981 "1" 38 9
-1.20828845475584 "1" 38 9
0.906089489116115 "2" 38 9
1.06001634250283 "2" 38 9
0.917115077846319 "2" 38 9
0.699110193065136 "2" 38 9
1.00013363879444 "2" 38 9
1.00116390270181 "2" 38 9
1.61150889295189 "2" 38 9
0.648292847505521 "2" 38 9
0.957683836170185 "2" 38 9
0.756020781516604 "2" 38 9
0.705782561830389 "2" 38 9
0.792392655139424 "2" 38 9
-0.0108359643951229 "2" 38 9
0.82747612312959 "2" 38 9
0.932948179084976 "2" 38 9
0.850329546784488 "2" 48 10
0.510617156638419 "2" 48 10
1.28499988453244 "2" 48 10
0.380952827977366 "2" 48 10
0.779505700597118 "2" 48 10
0.671559052233344 "2" 48 10
0.766043421679703 "2" 48 10
0.610484801437147 "2" 48 10
0.223354036376881 "2" 48 10
0.323984528923671 "2" 48 10
0.127261419317546 "2" 48 10
1.2735328320449 "2" 48 10
0.250591032892735 "2" 48 10
1.09433067200729 "2" 48 10
0.528492847456128 "2" 48 10
-0.197633114644123 "1" 48 10
-1.5712940006852 "1" 48 10
-1.43662927043397 "1" 48 10
-1.62499780448362 "1" 48 10
-1.14944366899299 "1" 48 10
0.364740773880515 "1" 48 10
0.26043323245475 "1" 48 10
0.0194745522675368 "1" 48 10
-1.06298692269959 "1" 48 10
-0.237925718016578 "1" 48 10
-0.391434510434375 "1" 48 10
-1.21033411254078 "1" 48 10
0.0414407505876828 "1" 48 10
-0.0192409114564017 "1" 48 10
-1.46020903570202 "1" 48 10
0.765638669036239 "2" 41 11
0.369596819602463 "2" 41 11
0.492356527519958 "2" 41 11
1.38709988529925 "2" 41 11
-0.166070599144854 "2" 41 11
0.900594743454865 "2" 41 11
0.22204416970219 "2" 41 11
0.559235736616409 "2" 41 11
1.19619558951759 "2" 41 11
0.556706887423813 "2" 41 11
0.730824600020775 "2" 41 11
-0.0347992209057851 "2" 41 11
-0.144707685412428 "2" 41 11
0.960726396674052 "2" 41 11
0.901079845143776 "2" 41 11
0.120148813554657 "1" 41 11
-0.31724898729648 "1" 41 11
-1.29725376944602 "1" 41 11
0.33413923140528 "1" 41 11
-0.91267386546703 "1" 41 11
0.373156499386509 "1" 41 11
-0.924870534783231 "1" 41 11
0.687461827799698 "1" 41 11
-1.50026391499889 "1" 41 11
-1.09518072810771 "1" 41 11
-1.30204342547767 "1" 41 11
-1.24906377736784 "1" 41 11
-0.72744622713061 "1" 41 11
-0.553107010568458 "1" 41 11
-0.332276496050519 "1" 41 11
1.04104580675394 "2" 48 12
0.306424492580181 "2" 48 12
0.324200206146983 "2" 48 12
0.931690569549794 "2" 48 12
1.56736610450041 "2" 48 12
0.829776776011375 "2" 48 12
0.719031323094742 "2" 48 12
1.87431494494627 "2" 48 12
1.08632883039315 "2" 48 12
0.984110453134876 "2" 48 12
0.491883001799957 "2" 48 12
0.644132550622579 "2" 48 12
0.776588606008496 "2" 48 12
0.480889763253821 "2" 48 12
0.259098022819595 "2" 48 12
0.0497974409744569 "1" 48 12
-0.727876323512628 "1" 48 12
-0.827461091048025 "1" 48 12
-0.349903746262415 "1" 48 12
-1.76438846447354 "1" 48 12
-1.01230286452269 "1" 48 12
-1.08717525620047 "1" 48 12
-0.656914071372492 "1" 48 12
-1.01588346642275 "1" 48 12
-1.68300610505715 "1" 48 12
-0.310077620471872 "1" 48 12
-0.787779951044863 "1" 48 12
-1.4250993344055 "1" 48 12
-0.408283595285309 "1" 48 12
-0.310527002510919 "1" 48 12
0.823816215267018 "2" 38 13
0.49165322460056 "2" 38 13
-0.131077264241754 "2" 38 13
0.917494242998658 "2" 38 13
-0.623381718759904 "2" 38 13
1.75952677192735 "2" 38 13
0.108972150302253 "2" 38 13
1.58353068892506 "2" 38 13
0.915729061418259 "2" 38 13
0.414392355115963 "2" 38 13
0.182586068557306 "2" 38 13
0.760131500202302 "2" 38 13
1.24544257743242 "2" 38 13
0.893868791662565 "2" 38 13
0.173133379152642 "2" 38 13
-0.344638759251107 "1" 38 13
-0.089128940754994 "1" 38 13
-0.745992399581347 "1" 38 13
-1.57745765473146 "1" 38 13
-0.949710109674701 "1" 38 13
-1.55351340921703 "1" 38 13
0.118685905584643 "1" 38 13
-0.352154343261678 "1" 38 13
-1.12197952708428 "1" 38 13
-1.27713226289387 "1" 38 13
-1.12072668356755 "1" 38 13
-0.300251188576596 "1" 38 13
0.172000507290109 "1" 38 13
-0.766141369697274 "1" 38 13
0.392322190856434 "1" 38 13
-0.245612953734981 "1" 40 14
-2.72899883124003 "1" 40 14
-1.14621567443835 "1" 40 14
-0.641878187576311 "1" 40 14
-1.41327683088971 "1" 40 14
-0.861876439726929 "1" 40 14
0.412870417201855 "1" 40 14
0.387578517355955 "1" 40 14
-0.607315444269805 "1" 40 14
-0.072466127282392 "1" 40 14
-1.31922279469126 "1" 40 14
-0.454605734539374 "1" 40 14
-0.914336147315443 "1" 40 14
-0.100371369144101 "1" 40 14
-1.04580748871805 "1" 40 14
0.52527305665064 "2" 40 14
0.304888635932666 "2" 40 14
0.103891904757381 "2" 40 14
0.666347357756007 "2" 40 14
0.95427968091831 "2" 40 14
0.583020873528453 "2" 40 14
1.79632946379976 "2" 40 14
0.672609736381747 "2" 40 14
1.02161533112628 "2" 40 14
0.493686416783783 "2" 40 14
1.4205398784878 "2" 40 14
0.274531089364661 "2" 40 14
1.14356964677057 "2" 40 14
0.534048420845522 "2" 40 14
0.256903595905325 "2" 40 14
0.214968390536296 "2" 35 15
0.568640859059454 "2" 35 15
0.141416010134738 "2" 35 15
0.235949547745293 "2" 35 15
0.345142442373489 "2" 35 15
1.3827548329247 "2" 35 15
1.06946036985286 "2" 35 15
1.92795264694903 "2" 35 15
-0.120613569749202 "2" 35 15
1.31128845407491 "2" 35 15
-0.0793747935584266 "2" 35 15
0.37869883945705 "2" 35 15
0.245307375014225 "2" 35 15
1.84879481699147 "2" 35 15
0.785528827307661 "2" 35 15
-0.913635933935345 "1" 35 15
-0.844300184919429 "1" 35 15
-0.168547560208711 "1" 35 15
-1.08678119616681 "1" 35 15
-1.31609461031582 "1" 35 15
-0.721235542089544 "1" 35 15
-1.32683801273464 "1" 35 15
-0.700007564917885 "1" 35 15
-0.106727191232931 "1" 35 15
-1.59493036320937 "1" 35 15
-0.846473976037121 "1" 35 15
-0.534134070000753 "1" 35 15
-0.0502068199273352 "1" 35 15
0.564637887749703 "1" 35 15
-0.610639911167547 "1" 35 15
-1.3393012023237 "1" 41 16
-1.51964652535493 "1" 41 16
-0.640353395276584 "1" 41 16
-0.33620426679561 "1" 41 16
-0.533626542608176 "1" 41 16
-0.441907670078767 "1" 41 16
-1.11706724425188 "1" 41 16
-0.621014373838784 "1" 41 16
-0.751683996983349 "1" 41 16
0.443012560724038 "1" 41 16
-0.81626814124204 "1" 41 16
-1.304695836313 "1" 41 16
-0.5274401115821 "1" 41 16
0.0278947159260949 "1" 41 16
-1.3196565854966 "1" 41 16
0.719707120182669 "2" 41 16
-0.268936038424559 "2" 41 16
0.792672002114582 "2" 41 16
1.27791730846575 "2" 41 16
0.914519635203852 "2" 41 16
0.753893023315868 "2" 41 16
0.991047781310441 "2" 41 16
0.670854711788931 "2" 41 16
-0.203875704256906 "2" 41 16
0.865307004931302 "2" 41 16
0.439685861282568 "2" 41 16
0.961412493003739 "2" 41 16
0.633966311798661 "2" 41 16
1.23151045514517 "2" 41 16
1.01827664963332 "2" 41 16
0.801993531438492 "2" 42 17
0.556844028567347 "2" 42 17
-0.145480148023863 "2" 42 17
-0.103143545713576 "2" 42 17
0.653161076568063 "2" 42 17
0.373363707860559 "2" 42 17
1.09424803706064 "2" 42 17
1.13086532272732 "2" 42 17
0.540720064626715 "2" 42 17
0.405632247050764 "2" 42 17
0.754412173127149 "2" 42 17
0.177248006205255 "2" 42 17
1.01289517346205 "2" 42 17
0.724060146409521 "2" 42 17
1.31738894848126 "2" 42 17
-0.782832692038999 "1" 42 17
-0.538581426865024 "1" 42 17
-0.480242458768506 "1" 42 17
-0.699405504132491 "1" 42 17
-0.590091506834367 "1" 42 17
-1.17817637946403 "1" 42 17
-0.316484729144987 "1" 42 17
-0.441357763088439 "1" 42 17
-0.532591388792591 "1" 42 17
-0.689382529305038 "1" 42 17
-0.977801654341867 "1" 42 17
-0.183025027917362 "1" 42 17
-0.741521047251406 "1" 42 17
-0.522756090648026 "1" 42 17
-0.619958571254562 "1" 42 17
-0.318104762758627 "1" 40 18
-0.559580329612536 "1" 40 18
-0.0160952228769408 "1" 40 18
-0.447005291249158 "1" 40 18
-0.96358694678089 "1" 40 18
-0.878268995350069 "1" 40 18
-1.08234403071939 "1" 40 18
-0.19004960522056 "1" 40 18
-1.53242431783483 "1" 40 18
-0.0614051537291737 "1" 40 18
-0.658835180901695 "1" 40 18
-0.127606600644235 "1" 40 18
-1.09454851768603 "1" 40 18
-1.1385798988668 "1" 40 18
0.194943198858649 "1" 40 18
-0.193810373146814 "2" 40 18
0.889094115290316 "2" 40 18
0.33344693763097 "2" 40 18
1.98631390161842 "2" 40 18
0.456959450854435 "2" 40 18
0.235336203691779 "2" 40 18
0.810870633486826 "2" 40 18
1.53469675924485 "2" 40 18
1.39664897286783 "2" 40 18
0.40712634091836 "2" 40 18
1.46367195247271 "2" 40 18
0.906150057672268 "2" 40 18
-0.621121916350584 "2" 40 18
-0.980036458694365 "2" 40 18
0.248145077815283 "2" 40 18
0.592093458788802 "2" 38 19
0.668416056864902 "2" 38 19
0.899967582591283 "2" 38 19
-0.175894643632213 "2" 38 19
0.754270667800184 "2" 38 19
0.977093888204384 "2" 38 19
1.75364383726867 "2" 38 19
1.20256056629907 "2" 38 19
-0.273205597008987 "2" 38 19
1.85595937490518 "2" 38 19
0.36493176082648 "2" 38 19
0.602145925153443 "2" 38 19
1.5232233259834 "2" 38 19
-0.21650400790103 "2" 38 19
0.0952100250846805 "2" 38 19
-0.480182206488087 "1" 38 19
-0.410072922075215 "1" 38 19
-0.883515763615987 "1" 38 19
-0.80420532795752 "1" 38 19
-0.429331331698965 "1" 38 19
-0.723700508977367 "1" 38 19
-0.589708802301504 "1" 38 19
-1.07858005329282 "1" 38 19
-1.1347815749407 "1" 38 19
-0.0442285062244272 "1" 38 19
-0.381668202666936 "1" 38 19
-0.282004645663799 "1" 38 19
-0.777573949270752 "1" 38 19
-1.98331820956606 "1" 38 19
-0.621040216488112 "1" 38 19
0.291183300998412 "2" 52 20
0.618471921351114 "2" 52 20
0.623677799682155 "2" 52 20
0.456049036127501 "2" 52 20
0.782317824250009 "2" 52 20
1.60571248004866 "2" 52 20
1.46299466536951 "2" 52 20
0.369294869432569 "2" 52 20
0.578508325841019 "2" 52 20
0.428564976883107 "2" 52 20
0.537405734292638 "2" 52 20
0.777154749239258 "2" 52 20
-0.183310348549867 "2" 52 20
0.531612224560143 "2" 52 20
0.574625907858186 "2" 52 20
0.282023197844631 "1" 52 20
-1.14969444201688 "1" 52 20
-0.256427738712397 "1" 52 20
-1.61528890242679 "1" 52 20
-0.558434504022098 "1" 52 20
-0.790207990471421 "1" 52 20
-0.827967705754836 "1" 52 20
-0.352276235557311 "1" 52 20
-0.721110342935549 "1" 52 20
-0.502215227401837 "1" 52 20
-0.359166119160807 "1" 52 20
-1.03722803992894 "1" 52 20
-0.119052756677656 "1" 52 20
-1.15256353762321 "1" 52 20
-0.294653122539315 "1" 52 20
