"X1" "X2" "cl" "nbases" "wilks.lambda" ".sample"
-0.268954336373863 2.40590716161246 "1" 73 0.000608919236590471 1
0.25937350529454 2.03967446304956 "1" 73 0.000608919236590471 1
-0.345983870468974 2.19734363960104 "1" 73 0.000608919236590471 1
-0.315003942889643 2.15949338895226 "1" 73 0.000608919236590471 1
-0.118441504825555 1.64657028708051 "1" 73 0.000608919236590471 1
-0.371931756228591 2.24964936265123 "1" 73 0.000608919236590471 1
0.150118325110452 2.15854396296811 "1" 73 0.000608919236590471 1
-0.0880437454625001 1.53852820741355 "1" 73 0.000608919236590471 1
-0.320602666385814 2.00276080391621 "1" 73 0.000608919236590471 1
-0.255087001827492 2.04834045925422 "1" 73 0.000608919236590471 1
1.55763259486742 -0.627426979222767 "2" 73 0.000608919236590471 1
1.72896027982891 -0.763633474222706 "2" 73 0.000608919236590471 1
1.53578446186507 -0.476986305864813 "2" 73 0.000608919236590471 1
1.08830899944585 -0.353459738429717 "2" 73 0.000608919236590471 1
1.9773170184532 -0.700512613861832 "2" 73 0.000608919236590471 1
1.72679809907149 -0.730953031316161 "2" 73 0.000608919236590471 1
2.00717661772226 -0.707406875379817 "2" 73 0.000608919236590471 1
2.073998209165 -0.931141222770327 "2" 73 0.000608919236590471 1
1.15261475390642 -0.242190532730824 "2" 73 0.000608919236590471 1
2.03814038936082 -0.576362859252155 "2" 73 0.000608919236590471 1
-1.66978486274108 -1.32437608707785 "3" 73 0.000608919236590471 1
-1.54322722657674 -1.40724289218461 "3" 73 0.000608919236590471 1
-1.53443702468783 -1.3442536403637 "3" 73 0.000608919236590471 1
-1.50584440999809 -1.68457553315421 "3" 73 0.000608919236590471 1
-1.2184091138697 -1.45429335520337 "3" 73 0.000608919236590471 1
-1.01263454199542 -1.60353892890928 "3" 73 0.000608919236590471 1
-1.660461097145 -1.69087990739353 "3" 73 0.000608919236590471 1
-1.91384490189755 -1.44384504079408 "3" 73 0.000608919236590471 1
-1.5117448854879 -1.26901180299569 "3" 73 0.000608919236590471 1
-1.64178636522969 -1.11472091537171 "3" 73 0.000608919236590471 1
-1.68012567099082 -0.60951074725925 "3" 92 0.000213739162067283 2
1.55543259159423 -0.901655558835823 "1" 92 0.000213739162067283 2
1.61097576180975 -0.756066153479958 "1" 92 0.000213739162067283 2
-1.80535399139567 -0.946418627020698 "3" 92 0.000213739162067283 2
-1.58421429211888 -0.578635736606554 "3" 92 0.000213739162067283 2
1.79135621970007 -0.996941718264052 "1" 92 0.000213739162067283 2
1.23712102316114 -1.06137240183648 "1" 92 0.000213739162067283 2
-1.67751925788194 -0.560419148956225 "3" 92 0.000213739162067283 2
0.058169046795067 1.3466732411885 "2" 92 0.000213739162067283 2
-1.88196832287474 -0.694021996869822 "3" 92 0.000213739162067283 2
0.181061058342922 1.54860613285848 "2" 92 0.000213739162067283 2
0.363227348325451 1.6452865161631 "2" 92 0.000213739162067283 2
0.151393649551859 1.75622885976592 "2" 92 0.000213739162067283 2
-1.55503479958301 -0.736146384334804 "3" 92 0.000213739162067283 2
1.83450754761731 -0.75741671680122 "1" 92 0.000213739162067283 2
0.0169415163308899 1.71104409815312 "2" 92 0.000213739162067283 2
0.0458492232482392 1.3750022596032 "2" 92 0.000213739162067283 2
1.42454056042009 -0.913716791085211 "1" 92 0.000213739162067283 2
0.0846803295640881 1.36437566677806 "2" 92 0.000213739162067283 2
1.63374241300759 -0.558909724993386 "1" 92 0.000213739162067283 2
-1.73949459983626 -0.796162715148946 "3" 92 0.000213739162067283 2
-1.62769954098678 -0.55396716513628 "3" 92 0.000213739162067283 2
0.155045673923918 1.44983471735304 "2" 92 0.000213739162067283 2
-1.74477680856188 -0.413292684093547 "3" 92 0.000213739162067283 2
0.0823954571234611 2.08223203663687 "2" 92 0.000213739162067283 2
1.526952456089 -1.20977020023822 "1" 92 0.000213739162067283 2
-0.0677012193917655 1.35127895376625 "2" 92 0.000213739162067283 2
1.66895251595692 -0.931491919254436 "1" 92 0.000213739162067283 2
1.67889251176896 -0.971359669376288 "1" 92 0.000213739162067283 2
-1.73734840070919 -0.683286422675357 "3" 92 0.000213739162067283 2
0.393835934577972 -2.08108129483405 "1" 81 0.000223018556867522 3
1.6369841837311 0.669920074077007 "2" 81 0.000223018556867522 3
0.118029532192307 -1.94254033490447 "1" 81 0.000223018556867522 3
1.74672371785099 0.967523338619371 "2" 81 0.000223018556867522 3
-0.169289874892687 -1.74384017969147 "1" 81 0.000223018556867522 3
0.214258609789649 -1.57298637866794 "1" 81 0.000223018556867522 3
1.48116220827695 0.836124799510994 "2" 81 0.000223018556867522 3
-0.0551803482891421 -1.5290021375659 "1" 81 0.000223018556867522 3
-2.0014143440678 1.03074012899062 "3" 81 0.000223018556867522 3
1.465035814403 0.871293363669379 "2" 81 0.000223018556867522 3
-0.187793023198992 -2.03475419964008 "1" 81 0.000223018556867522 3
-1.90741239890355 1.08877558974433 "3" 81 0.000223018556867522 3
-1.58123100721433 1.08831976451489 "3" 81 0.000223018556867522 3
1.69896598450714 0.75416343498829 "2" 81 0.000223018556867522 3
1.69134235691294 0.750099211933593 "2" 81 0.000223018556867522 3
-0.0978243913089129 -2.0352602316032 "1" 81 0.000223018556867522 3
-1.44216634801545 1.26054266887007 "3" 81 0.000223018556867522 3
-1.6417073518461 1.06610074372203 "3" 81 0.000223018556867522 3
0.379755034728709 -1.60027131445281 "1" 81 0.000223018556867522 3
-1.64032043219138 1.03940214407142 "3" 81 0.000223018556867522 3
1.37398983054562 0.78024774615738 "2" 81 0.000223018556867522 3
-1.42707047172209 1.05251580157548 "3" 81 0.000223018556867522 3
0.278682086778047 -1.74444475029403 "1" 81 0.000223018556867522 3
-0.00489837359056598 -1.8095579679645 "1" 81 0.000223018556867522 3
1.76404929121621 0.625823496833365 "2" 81 0.000223018556867522 3
1.77516827557952 0.648000980528567 "2" 81 0.000223018556867522 3
-1.84855102054236 1.06168489370922 "3" 81 0.000223018556867522 3
-1.7458453700941 0.920974409984079 "3" 81 0.000223018556867522 3
1.69960294906878 0.857509941225099 "2" 81 0.000223018556867522 3
-1.96688105428146 0.723976256893271 "3" 81 0.000223018556867522 3
1.59907470673816 0.0267268330269711 "3" 77 0.000253255288461865 4
-1.12478918009392 1.33426195746956 "1" 77 0.000253255288461865 4
1.61001181507791 0.208119716343304 "3" 77 0.000253255288461865 4
-1.06333018819603 1.83215071200261 "1" 77 0.000253255288461865 4
-0.447997457030493 -1.80282127256974 "2" 77 0.000253255288461865 4
-0.321094717864994 -2.05240998119039 "2" 77 0.000253255288461865 4
-1.50738079179673 1.58466272085199 "1" 77 0.000253255288461865 4
-1.58051775262091 1.12466964934474 "1" 77 0.000253255288461865 4
-1.35388597798169 1.63532563774759 "1" 77 0.000253255288461865 4
2.0961160171508 0.769286154257875 "3" 77 0.000253255288461865 4
-0.451782855072973 -1.86344051260694 "2" 77 0.000253255288461865 4
-0.2747333157232 -1.69050947338758 "2" 77 0.000253255288461865 4
-1.42356567051627 1.51543092465076 "1" 77 0.000253255288461865 4
-0.457678549773737 -1.77599806478755 "2" 77 0.000253255288461865 4
2.04886665649517 0.665248047615656 "3" 77 0.000253255288461865 4
1.70585092538639 0.666053926559743 "3" 77 0.000253255288461865 4
1.65731909601238 0.408603751587342 "3" 77 0.000253255288461865 4
-1.36814263060328 1.50446336273864 "1" 77 0.000253255288461865 4
-1.3816745594174 1.68865896314512 "1" 77 0.000253255288461865 4
1.33504246355967 0.435411603755375 "3" 77 0.000253255288461865 4
1.68009969198932 0.405784063259451 "3" 77 0.000253255288461865 4
1.74374708883931 0.490576786198855 "3" 77 0.000253255288461865 4
1.70893332961719 0.0795619449683238 "3" 77 0.000253255288461865 4
-0.210871490488259 -2.16896318291656 "2" 77 0.000253255288461865 4
-0.248612485160374 -1.92550622701622 "2" 77 0.000253255288461865 4
-1.50046505291039 1.25385172885835 "1" 77 0.000253255288461865 4
-0.373296949438765 -1.84704197531055 "2" 77 0.000253255288461865 4
-0.517315748648555 -1.98875158561769 "2" 77 0.000253255288461865 4
-1.13287434651406 1.5853554064156 "1" 77 0.000253255288461865 4
-0.445052071014269 -2.09876161539464 "2" 77 0.000253255288461865 4
2.05096682185261 -0.0181025773651615 "3" 144 0.000268924072841273 5
-1.14039850442578 1.10353174967867 "2" 144 0.000268924072841273 5
-1.03929252292858 -0.969760696484718 "1" 144 0.000268924072841273 5
-1.180134280782 1.67849390528015 "2" 144 0.000268924072841273 5
-1.11452576838739 1.42568663295969 "2" 144 0.000268924072841273 5
2.44394201847502 -0.0370453753323489 "3" 144 0.000268924072841273 5
2.42912017266414 -0.00300407863274781 "3" 144 0.000268924072841273 5
-1.38511023059393 0.68716508043901 "2" 144 0.000268924072841273 5
-1.23628730979334 1.50510588064878 "2" 144 0.000268924072841273 5
2.37107236494806 0.173980263067393 "3" 144 0.000268924072841273 5
-0.825311600685304 -1.15256998912284 "1" 144 0.000268924072841273 5
-1.32099510115721 1.20557389191867 "2" 144 0.000268924072841273 5
-0.941151182943001 -1.56911634550789 "1" 144 0.000268924072841273 5
-0.826259544612734 -1.32899879134674 "1" 144 0.000268924072841273 5
2.06081215662257 -0.226953865786413 "3" 144 0.000268924072841273 5
-1.13577005277797 -1.44127318853309 "1" 144 0.000268924072841273 5
2.29641597240605 0.364777698053684 "3" 144 0.000268924072841273 5
-1.10020785965243 -1.38955003382127 "1" 144 0.000268924072841273 5
2.39494959583109 0.217565138097088 "3" 144 0.000268924072841273 5
-1.21035674105909 1.43801577139592 "2" 144 0.000268924072841273 5
2.12499222536382 0.152539902064267 "3" 144 0.000268924072841273 5
-1.28601893891548 1.47511295211821 "2" 144 0.000268924072841273 5
2.17459140973565 -0.393215235559496 "3" 144 0.000268924072841273 5
-1.25865375177234 1.07594993079648 "2" 144 0.000268924072841273 5
-1.15500310904056 -0.925597979678902 "1" 144 0.000268924072841273 5
-1.15080369267722 -1.65584542887534 "1" 144 0.000268924072841273 5
-0.779139098371853 -1.20618076857591 "1" 144 0.000268924072841273 5
-1.33430313559079 1.29510542235923 "2" 144 0.000268924072841273 5
-1.13391391327939 -1.53297445470179 "1" 144 0.000268924072841273 5
2.20677360154738 0.051584590447423 "3" 144 0.000268924072841273 5
-1.95667142334062 -0.357142409322674 "3" 81 0.000323729962633121 6
-1.84240504771454 -0.773417959263859 "3" 81 0.000323729962633121 6
1.16469797212187 -1.29147026372696 "1" 81 0.000323729962633121 6
0.572038367610031 1.62531589879007 "2" 81 0.000323729962633121 6
1.05137139421983 -1.13467191113067 "1" 81 0.000323729962633121 6
-2.02021084017611 -0.470440178462388 "3" 81 0.000323729962633121 6
1.29031682139172 -1.05213724737009 "1" 81 0.000323729962633121 6
0.586540645578446 1.78903586476501 "2" 81 0.000323729962633121 6
-1.65834673718674 -0.619805945116695 "3" 81 0.000323729962633121 6
0.725554035791163 1.67683838008299 "2" 81 0.000323729962633121 6
1.2218419903389 -1.33657383836754 "1" 81 0.000323729962633121 6
0.859973440426993 1.63610713581875 "2" 81 0.000323729962633121 6
1.0789661586333 -1.08370592157652 "1" 81 0.000323729962633121 6
0.865599719237774 1.70142343994515 "2" 81 0.000323729962633121 6
1.57341697178583 -1.48988270096064 "1" 81 0.000323729962633121 6
-1.89179554958373 -0.719567765145805 "3" 81 0.000323729962633121 6
1.07948752963084 -1.21311168343851 "1" 81 0.000323729962633121 6
1.17575293284868 -0.896980987622894 "1" 81 0.000323729962633121 6
0.662990245086569 1.49359443791192 "2" 81 0.000323729962633121 6
0.700398314778927 1.76921875593212 "2" 81 0.000323729962633121 6
-2.10542378705052 -0.760457942304018 "3" 81 0.000323729962633121 6
-2.10470884523012 -0.68225234280883 "3" 81 0.000323729962633121 6
1.15547297378511 1.64295812739012 "2" 81 0.000323729962633121 6
1.17709420613893 -0.864990447012104 "1" 81 0.000323729962633121 6
0.998849850914215 2.24435005188262 "2" 81 0.000323729962633121 6
0.939030870113531 -0.840083876682057 "1" 81 0.000323729962633121 6
-1.70523543195646 -0.733560814263821 "3" 81 0.000323729962633121 6
0.592295909886703 1.78147295419821 "2" 81 0.000323729962633121 6
-2.20012217906873 -0.355618181675376 "3" 81 0.000323729962633121 6
-1.9867705090118 -0.684442630465517 "3" 81 0.000323729962633121 6
1.29810030054137 -0.851214304803337 "1" 86 0.000347701179787986 7
0.531254357880807 1.53219274572697 "3" 86 0.000347701179787986 7
0.931917646466631 1.59672754764031 "3" 86 0.000347701179787986 7
-2.04712537975476 -0.326148392026108 "2" 86 0.000347701179787986 7
-1.90614304860706 -0.751641020995814 "2" 86 0.000347701179787986 7
0.719104202650541 1.49468844541346 "3" 86 0.000347701179787986 7
0.839407924624359 1.21610147435185 "3" 86 0.000347701179787986 7
0.41972570812572 1.7576196911354 "3" 86 0.000347701179787986 7
0.266712329781811 1.96893578905432 "3" 86 0.000347701179787986 7
1.44600033142073 -1.6106636518796 "1" 86 0.000347701179787986 7
-2.16811429428295 -0.214102781680426 "2" 86 0.000347701179787986 7
-1.86447076725194 -0.275772560114051 "2" 86 0.000347701179787986 7
1.49671062154915 -1.23871531302878 "1" 86 0.000347701179787986 7
1.06944314142611 -1.12810430493059 "1" 86 0.000347701179787986 7
1.60984687990428 -1.37787953276075 "1" 86 0.000347701179787986 7
0.999077626697221 1.51512374293699 "3" 86 0.000347701179787986 7
1.57073182227018 -1.32956587412855 "1" 86 0.000347701179787986 7
-2.17807550533639 -0.174132688378981 "2" 86 0.000347701179787986 7
0.960212424950511 -1.20144421672093 "1" 86 0.000347701179787986 7
-1.87616111719136 -0.74779093693928 "2" 86 0.000347701179787986 7
-2.14871596053353 0.0341009383513858 "2" 86 0.000347701179787986 7
1.44620660925188 -1.1699607316545 "1" 86 0.000347701179787986 7
1.32833589057926 -1.45463228466872 "1" 86 0.000347701179787986 7
-2.01365002484533 -0.481690677738915 "2" 86 0.000347701179787986 7
-2.20385150866396 -0.214388736413277 "2" 86 0.000347701179787986 7
-1.73705964551092 -0.492265802001552 "2" 86 0.000347701179787986 7
0.64552827602598 1.7299476294998 "3" 86 0.000347701179787986 7
0.589113360697127 1.67665839316946 "3" 86 0.000347701179787986 7
0.73768302040449 1.76213453543706 "3" 86 0.000347701179787986 7
1.23825477673004 -1.24411712185285 "1" 86 0.000347701179787986 7
-1.74543108455378 -0.59767530685358 "2" 97 0.000378922248641275 8
0.947291722170965 -1.22808180472757 "1" 97 0.000378922248641275 8
-1.23280103031018 -0.719883187963534 "2" 97 0.000378922248641275 8
0.355981227986259 1.89536105964768 "3" 97 0.000378922248641275 8
0.826502108038315 1.94881688403898 "3" 97 0.000378922248641275 8
0.636819930295938 1.96579204134645 "3" 97 0.000378922248641275 8
1.3907365369771 -1.59705054910466 "1" 97 0.000378922248641275 8
-1.72138257445416 -0.468461964274635 "2" 97 0.000378922248641275 8
0.896266660467167 -1.21864838135507 "1" 97 0.000378922248641275 8
0.713411157620457 1.80647383707396 "3" 97 0.000378922248641275 8
-1.99424208320718 -0.469108747922157 "2" 97 0.000378922248641275 8
-1.90247940082408 -0.719470495082102 "2" 97 0.000378922248641275 8
1.01585491290251 1.45895965866041 "3" 97 0.000378922248641275 8
0.926048491560712 1.76660178053033 "3" 97 0.000378922248641275 8
-1.81202869369911 -0.512871165155122 "2" 97 0.000378922248641275 8
1.0036527390373 -1.38036446085184 "1" 97 0.000378922248641275 8
0.850286337068963 -1.4987836975946 "1" 97 0.000378922248641275 8
0.817446931937172 -1.12510564651091 "1" 97 0.000378922248641275 8
1.0124589084594 -1.26623446073417 "1" 97 0.000378922248641275 8
-1.78916575502673 -0.52141361077748 "2" 97 0.000378922248641275 8
0.983104749036354 1.7957480489508 "3" 97 0.000378922248641275 8
1.24341562744826 -1.69477636939978 "1" 97 0.000378922248641275 8
0.652792894975469 2.13507703280106 "3" 97 0.000378922248641275 8
0.656141102882236 -1.08843796382276 "1" 97 0.000378922248641275 8
-1.531952344995 -0.680627524719388 "2" 97 0.000378922248641275 8
-1.71693041736871 -0.158112565844481 "2" 97 0.000378922248641275 8
0.647213065181519 1.90054150867238 "3" 97 0.000378922248641275 8
0.628710231655379 -1.30438753698476 "1" 97 0.000378922248641275 8
-1.94807026828239 -0.299091325379647 "2" 97 0.000378922248641275 8
1.19034831701983 1.87521491333621 "3" 97 0.000378922248641275 8
-1.87042447005642 1.39293047657237 "3" 74 0.000420030205918797 9
-1.29636539217849 1.22577563827006 "3" 74 0.000420030205918797 9
1.71459031191699 0.773620587358639 "2" 74 0.000420030205918797 9
-1.06571400837844 1.47614217178889 "3" 74 0.000420030205918797 9
-1.31051361252886 1.48764182790264 "3" 74 0.000420030205918797 9
1.74636948272801 0.728682761434813 "2" 74 0.000420030205918797 9
-0.368311159026557 -1.77651380407045 "1" 74 0.000420030205918797 9
-0.0254347470770589 -1.82731106585272 "1" 74 0.000420030205918797 9
1.66919260456026 1.01535347185508 "2" 74 0.000420030205918797 9
-1.80493360368875 1.32576366047172 "3" 74 0.000420030205918797 9
-1.37479425263225 1.13255415781195 "3" 74 0.000420030205918797 9
-0.0276582428020581 -1.83831236122602 "1" 74 0.000420030205918797 9
-1.7278725900721 1.00733932805653 "3" 74 0.000420030205918797 9
1.89230795914906 0.649919696348994 "2" 74 0.000420030205918797 9
-0.257834764271556 -1.82763591455477 "1" 74 0.000420030205918797 9
0.00167403661368129 -2.02008593319902 "1" 74 0.000420030205918797 9
-1.77944638859558 1.02098510267012 "3" 74 0.000420030205918797 9
-0.265653325983172 -1.95845303395218 "1" 74 0.000420030205918797 9
1.9145183961112 0.416608082765971 "2" 74 0.000420030205918797 9
1.73562122570483 0.115846008786966 "2" 74 0.000420030205918797 9
1.5196768056778 0.496647598714587 "2" 74 0.000420030205918797 9
-0.399640348614276 -2.08936208356677 "1" 74 0.000420030205918797 9
-0.248286125080774 -1.9311291445459 "1" 74 0.000420030205918797 9
-1.41588077783498 1.40049830122119 "3" 74 0.000420030205918797 9
-0.524848278849344 -1.87546342883883 "1" 74 0.000420030205918797 9
1.68156625757161 0.823562075095323 "2" 74 0.000420030205918797 9
-1.31032998543562 1.47824533107862 "3" 74 0.000420030205918797 9
1.63113074296915 0.28581765152721 "2" 74 0.000420030205918797 9
-0.426673847723261 -2.13447031191253 "1" 74 0.000420030205918797 9
1.99396809782696 1.02480315198752 "2" 74 0.000420030205918797 9
0.0486782919457223 1.26202392224823 "1" 78 0.000446103299847659 10
-1.55540094010872 -0.420152542345606 "3" 78 0.000446103299847659 10
0.0614649548792108 1.43983547289001 "1" 78 0.000446103299847659 10
0.243978201181025 1.84542926264006 "1" 78 0.000446103299847659 10
1.75123886728015 -1.03028729703054 "2" 78 0.000446103299847659 10
-1.79797362308535 -0.460790163086731 "3" 78 0.000446103299847659 10
1.53356417718111 -0.904116253860159 "2" 78 0.000446103299847659 10
0.136619890502227 1.58056669782848 "1" 78 0.000446103299847659 10
-1.59566190469596 -0.968643817970059 "3" 78 0.000446103299847659 10
1.64615037947606 -0.763846763556419 "2" 78 0.000446103299847659 10
1.58619464485011 -0.574195739266919 "2" 78 0.000446103299847659 10
0.300012563350061 1.55000257014403 "1" 78 0.000446103299847659 10
0.402727930312397 1.90115224314996 "1" 78 0.000446103299847659 10
1.716751534031 -1.30300152252999 "2" 78 0.000446103299847659 10
-2.03046895802924 -0.83075261771588 "3" 78 0.000446103299847659 10
1.54239109865015 -0.629779886987293 "2" 78 0.000446103299847659 10
0.300747412617657 2.03191078852471 "1" 78 0.000446103299847659 10
1.36463438570448 -0.958507526814507 "2" 78 0.000446103299847659 10
-1.92442224992723 -0.657922651547506 "3" 78 0.000446103299847659 10
1.24155156781109 -1.3101201249567 "2" 78 0.000446103299847659 10
1.62521000261973 -0.772857264484154 "2" 78 0.000446103299847659 10
-1.85951430394411 -0.532396967048763 "3" 78 0.000446103299847659 10
-1.48710026358076 -0.936918185118807 "3" 78 0.000446103299847659 10
1.4670955216485 -1.03813186719605 "2" 78 0.000446103299847659 10
0.395274136682466 1.78072382372408 "1" 78 0.000446103299847659 10
-1.83045651048622 -0.869985424285294 "3" 78 0.000446103299847659 10
-1.61693933113518 -0.536219399536995 "3" 78 0.000446103299847659 10
-1.98699673833746 -0.659536963328309 "3" 78 0.000446103299847659 10
0.0912481997704073 1.49342727929346 "1" 78 0.000446103299847659 10
0.229401062836655 1.27309091822366 "1" 78 0.000446103299847659 10
-1.03007777427125 0.413054315512227 "2" 144 0.000473387760325888 11
1.23482128744485 1.30385003890578 "3" 144 0.000473387760325888 11
1.24867245219326 1.23866927478255 "3" 144 0.000473387760325888 11
0.583987715919319 1.59642711881986 "3" 144 0.000473387760325888 11
0.860429807074764 1.59754789380845 "3" 144 0.000473387760325888 11
0.385063682031734 -1.9576831702636 "1" 144 0.000473387760325888 11
0.190558337179585 -1.93642724724568 "1" 144 0.000473387760325888 11
-1.48971132428987 0.375658048675669 "2" 144 0.000473387760325888 11
0.423265915311432 -1.84299903419036 "1" 144 0.000473387760325888 11
0.40601990303767 -1.97806253782594 "1" 144 0.000473387760325888 11
1.27425230798151 1.51508251305519 "3" 144 0.000473387760325888 11
1.4563919237731 1.4869941804096 "3" 144 0.000473387760325888 11
-1.11064848598828 0.283529822954291 "2" 144 0.000473387760325888 11
-1.14276200357097 0.360024710464316 "2" 144 0.000473387760325888 11
-0.116970728047173 -1.81101978131957 "1" 144 0.000473387760325888 11
0.0385357627755586 -1.79320375247004 "1" 144 0.000473387760325888 11
1.48119231791725 1.49884824027601 "3" 144 0.000473387760325888 11
0.314234212466993 -1.7105242837277 "1" 144 0.000473387760325888 11
-1.48363302047371 0.622733140096962 "2" 144 0.000473387760325888 11
0.871162564123369 1.36193809071884 "3" 144 0.000473387760325888 11
-1.39825636340718 0.330941066455185 "2" 144 0.000473387760325888 11
-1.1378832078998 0.511884738017186 "2" 144 0.000473387760325888 11
1.20387643341677 1.31323781942302 "3" 144 0.000473387760325888 11
-0.194378306626537 -1.76729348221136 "1" 144 0.000473387760325888 11
-1.14095072515337 0.578812347665677 "2" 144 0.000473387760325888 11
-1.03741570413484 0.44583116584469 "2" 144 0.000473387760325888 11
0.166304515411617 -2.19610655404618 "1" 144 0.000473387760325888 11
-1.90847650194127 0.769599610854505 "2" 144 0.000473387760325888 11
0.914053005348758 1.44785013166354 "3" 144 0.000473387760325888 11
0.138342002396709 -2.05919442510312 "1" 144 0.000473387760325888 11
-1.13474022895214 -1.39411749316579 "1" 148 0.000494174397241565 12
-1.63659734694591 -1.23857683830644 "1" 148 0.000494174397241565 12
0.0148683687812252 2.23987860640861 "3" 148 0.000494174397241565 12
-0.177550062329662 1.77556914444192 "3" 148 0.000494174397241565 12
-1.64823728933953 -1.18812486466765 "1" 148 0.000494174397241565 12
1.79679256365999 -0.779872826430997 "2" 148 0.000494174397241565 12
1.72243136687604 -0.346899921779357 "2" 148 0.000494174397241565 12
-1.07985988273748 -1.19483312176772 "1" 148 0.000494174397241565 12
1.38965490143684 -0.620461492835509 "2" 148 0.000494174397241565 12
-1.39012438425107 -1.58249446013282 "1" 148 0.000494174397241565 12
-0.00819377226548377 1.73616821400467 "3" 148 0.000494174397241565 12
1.69626819262511 -0.488891520635666 "2" 148 0.000494174397241565 12
-1.45301041793331 -1.30444581137861 "1" 148 0.000494174397241565 12
-0.475637032902758 1.73576546025079 "3" 148 0.000494174397241565 12
-0.873989312523349 2.06736621862609 "3" 148 0.000494174397241565 12
-1.64501017238462 -1.29318779317183 "1" 148 0.000494174397241565 12
1.79702730910183 -0.738693294723748 "2" 148 0.000494174397241565 12
-1.11497486642365 -1.64976109268752 "1" 148 0.000494174397241565 12
-0.203680515168199 1.73192866701014 "3" 148 0.000494174397241565 12
-1.57054794908306 -1.3816204294359 "1" 148 0.000494174397241565 12
1.71118401660482 -0.47160748843055 "2" 148 0.000494174397241565 12
-0.0524801923856348 1.90445687515439 "3" 148 0.000494174397241565 12
-1.54759035027359 -1.52284889113748 "1" 148 0.000494174397241565 12
1.88862389695622 -0.428834513180272 "2" 148 0.000494174397241565 12
-0.669344337395237 2.16240591701781 "3" 148 0.000494174397241565 12
-0.20875169086437 2.38855614559559 "3" 148 0.000494174397241565 12
-0.137007395544298 1.74735297801773 "3" 148 0.000494174397241565 12
1.5326419648928 -0.503797818366384 "2" 148 0.000494174397241565 12
1.84439971494857 -0.463163288635556 "2" 148 0.000494174397241565 12
1.6334349038199 -0.897215265657917 "2" 148 0.000494174397241565 12
-1.68454091451874 -0.142164474467837 "3" 111 0.000505005070023064 13
0.0985492494884271 -2.02058805212906 "2" 111 0.000505005070023064 13
1.7871802746176 0.84523450247866 "1" 111 0.000505005070023064 13
-0.070475564341712 -1.42884232402857 "2" 111 0.000505005070023064 13
0.187494511999349 -1.9411992167337 "2" 111 0.000505005070023064 13
-0.0106892184875273 -1.5260410266854 "2" 111 0.000505005070023064 13
-1.94086074444869 0.389286340601167 "3" 111 0.000505005070023064 13
1.70064986898316 0.942336241066146 "1" 111 0.000505005070023064 13
-2.0984632201146 0.186642949586888 "3" 111 0.000505005070023064 13
1.67837759116418 1.6367423393976 "1" 111 0.000505005070023064 13
1.75984568062903 1.32177255420863 "1" 111 0.000505005070023064 13
2.00266489218134 0.567003004603893 "1" 111 0.000505005070023064 13
-1.73483924426483 0.616387313842932 "3" 111 0.000505005070023064 13
0.0401374742312511 -2.16218866234208 "2" 111 0.000505005070023064 13
1.87353021648731 1.33901828506025 "1" 111 0.000505005070023064 13
-0.0116993326868002 -1.57117032187945 "2" 111 0.000505005070023064 13
1.65201477198264 1.76745979049134 "1" 111 0.000505005070023064 13
0.0999243995576227 -1.42095733013646 "2" 111 0.000505005070023064 13
-1.95276343499345 0.587470960813221 "3" 111 0.000505005070023064 13
-1.76659554714178 0.794130304987547 "3" 111 0.000505005070023064 13
-1.82086268420487 0.886832329264421 "3" 111 0.000505005070023064 13
1.72269841688994 1.07841941677106 "1" 111 0.000505005070023064 13
2.00201342383553 1.04998034466053 "1" 111 0.000505005070023064 13
0.0781416791402097 -1.26213772324715 "2" 111 0.000505005070023064 13
1.81833535899561 0.942414935317304 "1" 111 0.000505005070023064 13
-1.62477239201403 0.333140640737636 "3" 111 0.000505005070023064 13
-0.14419784575104 -1.86373913184732 "2" 111 0.000505005070023064 13
-1.71270407440698 1.20652110342848 "3" 111 0.000505005070023064 13
0.133190389948069 -1.56526545222784 "2" 111 0.000505005070023064 13
-2.06128398275621 0.413500358407166 "3" 111 0.000505005070023064 13
-0.261818014530086 2.29167476383021 "2" 108 0.000528653873720753 14
-1.31421158854595 -0.764622294044944 "3" 108 0.000528653873720753 14
0.342376491427956 2.00289422253288 "2" 108 0.000528653873720753 14
-1.06005499975488 -1.40418450441428 "3" 108 0.000528653873720753 14
-0.0220371160519372 2.41219820650134 "2" 108 0.000528653873720753 14
-1.43839293002298 -1.15982847433701 "3" 108 0.000528653873720753 14
1.17334789937079 -1.1093485881294 "1" 108 0.000528653873720753 14
0.950480140060748 -0.914897931042154 "1" 108 0.000528653873720753 14
1.03253573210559 -0.903464705566554 "1" 108 0.000528653873720753 14
1.30498523409099 -1.2870980524667 "1" 108 0.000528653873720753 14
1.61574449570799 -1.00763409290299 "1" 108 0.000528653873720753 14
1.09044129532067 -1.10712836765912 "1" 108 0.000528653873720753 14
-0.0773357699956187 2.11243281091678 "2" 108 0.000528653873720753 14
0.933405989095693 -0.824219368665134 "1" 108 0.000528653873720753 14
0.413379650683611 2.22322268613587 "2" 108 0.000528653873720753 14
0.456547210951636 2.02374060753311 "2" 108 0.000528653873720753 14
0.133228712024321 2.23543530764174 "2" 108 0.000528653873720753 14
-1.18510941576074 -1.32470904265139 "3" 108 0.000528653873720753 14
1.3876817238778 -0.775735651834136 "1" 108 0.000528653873720753 14
-1.49266224501396 -1.25437531808152 "3" 108 0.000528653873720753 14
1.32731986927272 -1.17381259270975 "1" 108 0.000528653873720753 14
-1.64257890242385 -0.803499949903833 "3" 108 0.000528653873720753 14
-0.0227660753983744 2.06541058852967 "2" 108 0.000528653873720753 14
-1.40671700205297 -1.32182276571002 "3" 108 0.000528653873720753 14
-1.62152223686697 -0.757619562116172 "3" 108 0.000528653873720753 14
0.969577819491163 -1.00097350248916 "1" 108 0.000528653873720753 14
0.664242831673664 1.99474614863651 "2" 108 0.000528653873720753 14
0.339584445232283 1.86093278311628 "2" 108 0.000528653873720753 14
-1.43882976688318 -1.07063554271682 "3" 108 0.000528653873720753 14
-1.15084347708613 -1.25707781793332 "3" 108 0.000528653873720753 14
0.363465802593991 -1.46865443056328 "3" 90 0.000548760295307239 15
1.52470311055829 0.903986455843734 "2" 90 0.000548760295307239 15
1.15603503104285 1.34811280247476 "2" 90 0.000548760295307239 15
1.35746644009089 1.22122425619719 "2" 90 0.000548760295307239 15
-2.15542235429495 0.818045340754822 "1" 90 0.000548760295307239 15
-1.81650372349746 0.548159374675085 "1" 90 0.000548760295307239 15
0.627415808514214 -1.53350113395184 "3" 90 0.000548760295307239 15
1.50734959738534 0.869236529586229 "2" 90 0.000548760295307239 15
0.821992631547042 -1.81715179460962 "3" 90 0.000548760295307239 15
1.56382228779085 1.32656503432444 "2" 90 0.000548760295307239 15
-1.72230569271771 0.109903206767332 "1" 90 0.000548760295307239 15
0.484642543806903 -1.34195031613138 "3" 90 0.000548760295307239 15
0.56164263697095 -1.45536907583546 "3" 90 0.000548760295307239 15
-1.65326610801326 0.249325410639495 "1" 90 0.000548760295307239 15
0.124204649077126 -1.54128434941917 "3" 90 0.000548760295307239 15
1.00394607658398 1.22580528412936 "2" 90 0.000548760295307239 15
1.35066860690413 1.02700083910744 "2" 90 0.000548760295307239 15
0.37184798042283 -1.86217792674467 "3" 90 0.000548760295307239 15
-1.66149563797609 0.448544932487259 "1" 90 0.000548760295307239 15
1.36057880470343 0.911257896642148 "2" 90 0.000548760295307239 15
-1.80070877018209 0.762693923398583 "1" 90 0.000548760295307239 15
-1.7651392195689 0.433283390159275 "1" 90 0.000548760295307239 15
1.58156424367156 1.21706614646006 "2" 90 0.000548760295307239 15
0.367695922650422 -2.1386387820983 "3" 90 0.000548760295307239 15
0.546928222016563 -1.25454194140186 "3" 90 0.000548760295307239 15
-2.02502668902861 0.506032382588569 "1" 90 0.000548760295307239 15
0.462688224620268 -1.97992704744625 "3" 90 0.000548760295307239 15
-1.73960866708997 0.370611364315006 "1" 90 0.000548760295307239 15
1.33064707904904 1.38040727262741 "2" 90 0.000548760295307239 15
-2.12982883763164 0.715934955023647 "1" 90 0.000548760295307239 15
-0.128977605657116 -1.55206887732366 "3" 88 0.000549000024186961 16
-1.67710783302536 0.587745422965678 "1" 88 0.000549000024186961 16
-0.241891801925819 -1.54539401096706 "3" 88 0.000549000024186961 16
0.408865497272168 -2.00498602039275 "3" 88 0.000549000024186961 16
-1.89227837953399 0.677820833504488 "1" 88 0.000549000024186961 16
-1.60951660504689 0.83730371750376 "1" 88 0.000549000024186961 16
1.66309571496922 1.21023564088353 "2" 88 0.000549000024186961 16
-0.111240989475725 -1.85723719474866 "3" 88 0.000549000024186961 16
-1.31164716444597 0.128438515173534 "1" 88 0.000549000024186961 16
1.67555564816534 1.2982194411779 "2" 88 0.000549000024186961 16
-0.0533773460698675 -2.04025481501541 "3" 88 0.000549000024186961 16
1.77482215392627 0.94720246264169 "2" 88 0.000549000024186961 16
1.2969534254421 1.35179805607699 "2" 88 0.000549000024186961 16
-1.33451576778309 0.574439757855973 "1" 88 0.000549000024186961 16
1.58455524359589 1.14341011817568 "2" 88 0.000549000024186961 16
-1.41438887243646 0.619341279861225 "1" 88 0.000549000024186961 16
-1.29641951360998 0.93661561754603 "1" 88 0.000549000024186961 16
1.47206054735949 1.13433864334729 "2" 88 0.000549000024186961 16
-1.62406073199927 0.623452502548289 "1" 88 0.000549000024186961 16
-0.130695151792358 -1.47235366158044 "3" 88 0.000549000024186961 16
1.35739990712918 1.16971154163061 "2" 88 0.000549000024186961 16
1.32619736649123 1.11838004149234 "2" 88 0.000549000024186961 16
0.00777119114130491 -2.01108999491977 "3" 88 0.000549000024186961 16
0.157144311085471 -1.73801230833565 "3" 88 0.000549000024186961 16
-0.310809957840408 -2.07734382304044 "3" 88 0.000549000024186961 16
1.52499987206788 1.21668356729053 "2" 88 0.000549000024186961 16
0.54357104926576 -1.99689313154699 "3" 88 0.000549000024186961 16
-1.48920564922024 0.387522797583252 "1" 88 0.000549000024186961 16
-1.57778839519259 0.93674191246683 "1" 88 0.000549000024186961 16
1.41092983714382 1.39623196814523 "2" 88 0.000549000024186961 16
1.06781622133275 0.939273884104954 "2" 75 0.000554238110896016 17
-2.05605361277586 0.374314049593845 "1" 75 0.000554238110896016 17
0.321860278389227 -1.73025801090301 "3" 75 0.000554238110896016 17
-1.71415539334668 0.845170067471554 "1" 75 0.000554238110896016 17
1.42920698851916 1.24165446599831 "2" 75 0.000554238110896016 17
0.952440449371592 -2.02247042433394 "3" 75 0.000554238110896016 17
1.59746587191569 1.27697083434249 "2" 75 0.000554238110896016 17
0.477687171179142 -1.84317669256164 "3" 75 0.000554238110896016 17
0.480990073255966 -2.03400268739585 "3" 75 0.000554238110896016 17
-1.47597811595249 0.767607225839656 "1" 75 0.000554238110896016 17
1.0715704221628 -1.88882543405223 "3" 75 0.000554238110896016 17
0.527032993384923 -1.78800256694816 "3" 75 0.000554238110896016 17
1.02186191287532 1.07714774521854 "2" 75 0.000554238110896016 17
0.959361709444958 1.13045058588939 "2" 75 0.000554238110896016 17
-2.0445560703237 0.642025299976844 "1" 75 0.000554238110896016 17
-1.56457881015641 0.815993656542056 "1" 75 0.000554238110896016 17
1.051701267014 1.17447435832385 "2" 75 0.000554238110896016 17
0.630330816710407 -1.65842000148706 "3" 75 0.000554238110896016 17
-1.72488888139393 0.981115842552777 "1" 75 0.000554238110896016 17
0.628358955934259 -1.80703459265281 "3" 75 0.000554238110896016 17
0.830396886754582 1.01278193122439 "2" 75 0.000554238110896016 17
-1.71501781669406 1.14934772365436 "1" 75 0.000554238110896016 17
1.4764115183406 1.43803200759008 "2" 75 0.000554238110896016 17
1.20125886125953 0.932614007243012 "2" 75 0.000554238110896016 17
1.2826986558107 1.01482955409758 "2" 75 0.000554238110896016 17
-2.24090042823818 0.434899731697656 "1" 75 0.000554238110896016 17
-1.62069734582947 0.43467744039379 "1" 75 0.000554238110896016 17
0.662978675317235 -2.07507120914517 "3" 75 0.000554238110896016 17
-1.98265956855111 0.907690500552903 "1" 75 0.000554238110896016 17
0.468056314289046 -1.74380929282815 "3" 75 0.000554238110896016 17
-0.705965852688194 -1.5245463828218 "3" 92 0.000562209758107955 18
2.10501536779841 0.618626348395726 "1" 92 0.000562209758107955 18
-0.259254617674982 -2.14505845929334 "3" 92 0.000562209758107955 18
2.03321165822407 0.502113539355821 "1" 92 0.000562209758107955 18
-0.256740215991852 -1.73122948309034 "3" 92 0.000562209758107955 18
1.89481298312767 0.815958144334168 "1" 92 0.000562209758107955 18
-1.11814411622816 0.839674272868373 "2" 92 0.000562209758107955 18
-1.35548464478789 1.39031145246311 "2" 92 0.000562209758107955 18
-0.793819950145124 -2.1049690251731 "3" 92 0.000562209758107955 18
-0.746301493109663 -1.93266212659781 "3" 92 0.000562209758107955 18
-1.17372272277312 0.425461084699615 "2" 92 0.000562209758107955 18
1.62409685604736 0.948774277615561 "1" 92 0.000562209758107955 18
-1.65968430820377 1.12933543486968 "2" 92 0.000562209758107955 18
1.69558306448199 1.08911118757311 "1" 92 0.000562209758107955 18
2.02520868598864 0.768004708036578 "1" 92 0.000562209758107955 18
-1.14785728126822 0.619446433217283 "2" 92 0.000562209758107955 18
1.89986939067206 1.11924409671491 "1" 92 0.000562209758107955 18
-0.509910318899571 -1.49693079771636 "3" 92 0.000562209758107955 18
2.00492290585596 0.617442374226613 "1" 92 0.000562209758107955 18
-1.36384509744679 0.901570943360483 "2" 92 0.000562209758107955 18
1.96934141720663 0.772172096141664 "1" 92 0.000562209758107955 18
-0.636748183273839 -1.78138757577375 "3" 92 0.000562209758107955 18
-1.61547149761178 0.921309405542819 "2" 92 0.000562209758107955 18
-1.30321452884215 0.705649351564573 "2" 92 0.000562209758107955 18
1.81270288607177 1.32492292927192 "1" 92 0.000562209758107955 18
-0.393728046052742 -1.41795530098111 "3" 92 0.000562209758107955 18
-1.52041809270754 0.93521335903697 "2" 92 0.000562209758107955 18
-0.460789934469724 -1.87419897047826 "3" 92 0.000562209758107955 18
-1.65071842829972 1.35619623015693 "2" 92 0.000562209758107955 18
-0.392945884999733 -1.79159954752006 "3" 92 0.000562209758107955 18
-1.13457900855167 -1.28322206294735 "2" 141 0.000563960721331546 19
-0.361188875450019 1.89947903873593 "3" 141 0.000563960721331546 19
1.80697749424943 -0.824522452820677 "1" 141 0.000563960721331546 19
-0.932440443619815 -1.3242219707499 "2" 141 0.000563960721331546 19
-0.405053688588702 2.31877203779108 "3" 141 0.000563960721331546 19
2.34991480119538 -0.63167032645856 "1" 141 0.000563960721331546 19
-1.26967062489767 -1.28974563953833 "2" 141 0.000563960721331546 19
-0.80491031236689 2.00752828729622 "3" 141 0.000563960721331546 19
1.30927870406549 -0.736398217957669 "1" 141 0.000563960721331546 19
-0.821645444340052 -1.26831430420919 "2" 141 0.000563960721331546 19
-0.184218505638528 2.06411450040878 "3" 141 0.000563960721331546 19
1.28819052829491 -0.598806530755916 "1" 141 0.000563960721331546 19
-0.67154008842241 1.88292315061931 "3" 141 0.000563960721331546 19
-0.0344335015969812 1.8185006889953 "3" 141 0.000563960721331546 19
-1.14625029705194 -1.08130011224338 "2" 141 0.000563960721331546 19
-0.762558621496465 -1.10714001215346 "2" 141 0.000563960721331546 19
-0.967343685172453 1.90521868762793 "3" 141 0.000563960721331546 19
-1.05804846374279 -1.26719433210067 "2" 141 0.000563960721331546 19
1.51311976481523 -0.96741169256902 "1" 141 0.000563960721331546 19
-1.36711072072463 -1.42072266480146 "2" 141 0.000563960721331546 19
-0.734558197939908 2.21877439447302 "3" 141 0.000563960721331546 19
-1.68931146661578 -1.53825260084902 "2" 141 0.000563960721331546 19
1.28455229747442 -0.805522681126389 "1" 141 0.000563960721331546 19
1.58935015087924 -0.777180837963053 "1" 141 0.000563960721331546 19
1.8914803756856 -0.798955814832026 "1" 141 0.000563960721331546 19
1.53023444571366 -0.897449863714643 "1" 141 0.000563960721331546 19
-0.301737643592017 2.31634812144495 "3" 141 0.000563960721331546 19
-0.367764116205483 2.17425407061796 "3" 141 0.000563960721331546 19
-1.23043372153954 -1.51940290339809 "2" 141 0.000563960721331546 19
1.68169886518037 -0.468477956821664 "1" 141 0.000563960721331546 19
0.745596169903942 -0.815434341145108 "1" 84 0.000573343193919239 20
0.138444903053335 1.93162469243534 "3" 84 0.000573343193919239 20
1.31193877188361 -1.157636885042 "1" 84 0.000573343193919239 20
-0.59781757017028 -1.07211778865321 "2" 84 0.000573343193919239 20
1.03213883957616 -0.990220124004144 "1" 84 0.000573343193919239 20
-1.314816663584 -1.07068814606451 "2" 84 0.000573343193919239 20
1.16582090526183 -0.881817937690221 "1" 84 0.000573343193919239 20
-0.309652793021138 1.84014625213292 "3" 84 0.000573343193919239 20
1.18087884798106 -1.06864756398248 "1" 84 0.000573343193919239 20
1.3090093475016 -0.938661149832382 "1" 84 0.000573343193919239 20
-1.00805664762252 -0.948990928067126 "2" 84 0.000573343193919239 20
-0.314455738277456 1.86673451815139 "3" 84 0.000573343193919239 20
-1.26681861021967 -1.05919846581955 "2" 84 0.000573343193919239 20
1.20722517029738 -0.922106052294232 "1" 84 0.000573343193919239 20
-0.970783069643758 -0.926066372212773 "2" 84 0.000573343193919239 20
1.78416553622822 -1.23537224653245 "1" 84 0.000573343193919239 20
-0.0480127122465679 1.94233805417066 "3" 84 0.000573343193919239 20
-1.24861739147938 -1.10084177677387 "2" 84 0.000573343193919239 20
-0.092747141468362 2.04283122146993 "3" 84 0.000573343193919239 20
-1.26228203764436 -1.01955826897717 "2" 84 0.000573343193919239 20
-0.232292495326152 2.0535534571933 "3" 84 0.000573343193919239 20
0.105192542170495 2.23364765923438 "3" 84 0.000573343193919239 20
-1.01459149809905 -1.23401392525087 "2" 84 0.000573343193919239 20
-0.811488127774572 -1.26719150690349 "2" 84 0.000573343193919239 20
1.05677581611841 -0.708795168705316 "1" 84 0.000573343193919239 20
0.84867072940735 -1.04923334134722 "1" 84 0.000573343193919239 20
0.0216613916317124 2.1172882436219 "3" 84 0.000573343193919239 20
-0.132741453473221 2.13899167087743 "3" 84 0.000573343193919239 20
-0.171961657631593 2.52322748622485 "3" 84 0.000573343193919239 20
-1.11038336333302 -1.22379126621397 "2" 84 0.000573343193919239 20
