"X1" "X2" "cl" "nbases" "wilks.lambda" ".sample"
0.653802683191498 1.32954427568498 "3" 96 0.0356886975387438 1
0.527961093547039 0.0796711452131419 "3" 96 0.0356886975387438 1
0.817883828813942 -1.70646043642711 "1" 96 0.0356886975387438 1
0.277989274612612 1.66441587292896 "3" 96 0.0356886975387438 1
-1.47464585452079 -0.0795064079097215 "2" 96 0.0356886975387438 1
0.632945746444083 -0.792955552952305 "1" 96 0.0356886975387438 1
1.03824863632544 -0.94031089793696 "1" 96 0.0356886975387438 1
1.16596887307298 -0.759205221949013 "1" 96 0.0356886975387438 1
-1.25524125674319 0.461851372936404 "2" 96 0.0356886975387438 1
0.538068080689023 -1.2615381089864 "1" 96 0.0356886975387438 1
0.778306081653121 1.52533681837741 "3" 96 0.0356886975387438 1
1.06577562876737 -0.256553119494284 "1" 96 0.0356886975387438 1
-0.935802683959936 -0.400176763108702 "2" 96 0.0356886975387438 1
0.6077833174361 1.22313169157355 "3" 96 0.0356886975387438 1
0.654154563216492 -0.539182739149245 "1" 96 0.0356886975387438 1
-0.935798565461142 -0.561482821110754 "2" 96 0.0356886975387438 1
-1.38188211474303 0.0363024429692951 "2" 96 0.0356886975387438 1
0.621089141424057 -0.240999489939125 "3" 96 0.0356886975387438 1
-1.36199257324454 0.0823015356775971 "2" 96 0.0356886975387438 1
1.11510851331909 0.320852749660069 "3" 96 0.0356886975387438 1
0.463410980587854 -1.29971172438827 "1" 96 0.0356886975387438 1
0.999876375481692 -0.293257778527007 "1" 96 0.0356886975387438 1
-0.094786342925149 0.461515451955712 "3" 96 0.0356886975387438 1
-1.80132328912334 0.00802568910888787 "2" 96 0.0356886975387438 1
-0.10637606832445 0.3958613431152 "3" 96 0.0356886975387438 1
0.632454928196016 -0.400998367875707 "1" 96 0.0356886975387438 1
-0.801584474315235 -0.261348871092952 "2" 96 0.0356886975387438 1
-1.56693443445886 0.388701394876219 "2" 96 0.0356886975387438 1
-1.47887280427266 0.691999494076544 "2" 96 0.0356886975387438 1
0.604412715313908 1.12417702269358 "3" 96 0.0356886975387438 1
0.0583270870890183 -0.58934026993256 "3" 74 0.062849136010271 2
0.0641213982988853 -1.11182583030066 "3" 74 0.062849136010271 2
1.23242134416317 -0.999624690627938 "3" 74 0.062849136010271 2
1.32075618477999 0.430284730741361 "2" 74 0.062849136010271 2
0.64147788300119 0.513114849516041 "2" 74 0.062849136010271 2
1.03326747602576 1.58810488873998 "2" 74 0.062849136010271 2
0.565694123703904 1.00480784037305 "2" 74 0.062849136010271 2
1.35260288277423 0.435236138811285 "2" 74 0.062849136010271 2
0.975540231089748 -1.3528312409429 "3" 74 0.062849136010271 2
-0.0750637751079794 -0.258737262036924 "3" 74 0.062849136010271 2
-1.49089436672855 0.750668571082413 "1" 74 0.062849136010271 2
-0.825093773509484 1.2182396540128 "1" 74 0.062849136010271 2
1.28689852965081 0.786477889247457 "2" 74 0.062849136010271 2
-1.5787514945125 0.23562000856394 "1" 74 0.062849136010271 2
-0.582066471303887 -0.115222794981891 "1" 74 0.062849136010271 2
-1.3674969497081 -0.447495787599441 "1" 74 0.062849136010271 2
0.0463580595534294 -1.05809143808182 "3" 74 0.062849136010271 2
1.15128571001507 0.653263390280795 "2" 74 0.062849136010271 2
-1.84576314653888 0.0313074804670841 "1" 74 0.062849136010271 2
-0.0586357197176297 -0.337797776098749 "2" 74 0.062849136010271 2
0.678974970091234 0.385242331191135 "2" 74 0.062849136010271 2
-1.35673512360353 0.484969309241375 "1" 74 0.062849136010271 2
-0.23432607813225 -0.834644088311025 "3" 74 0.062849136010271 2
0.0389982662223628 -0.898003809337637 "3" 74 0.062849136010271 2
0.375225008836695 1.31534710545425 "2" 74 0.062849136010271 2
0.278422493057927 -1.43182277064919 "3" 74 0.062849136010271 2
-0.819300715124606 0.502779390793338 "1" 74 0.062849136010271 2
-0.527060599069695 -0.167702193336909 "1" 74 0.062849136010271 2
0.879362416752759 -1.31206734761012 "3" 74 0.062849136010271 2
-1.21854585204908 0.579743721331468 "1" 74 0.062849136010271 2
-0.952342043371456 0.910286566567925 "1" 59 0.0635714954176067 3
-0.213792442920557 -1.21751011487298 "2" 59 0.0635714954176067 3
-0.120415123200226 -1.48447674463018 "2" 59 0.0635714954176067 3
-0.439755249270916 -1.50812758855744 "2" 59 0.0635714954176067 3
0.936075747018937 1.09476407519754 "3" 59 0.0635714954176067 3
-1.00563801767945 1.00616691805719 "1" 59 0.0635714954176067 3
0.479853801043479 0.428979084603062 "3" 59 0.0635714954176067 3
-1.38705438777866 -0.00466604364091294 "1" 59 0.0635714954176067 3
0.928550985215648 -0.890459222423428 "2" 59 0.0635714954176067 3
1.2851958580411 0.12810032731603 "3" 59 0.0635714954176067 3
-0.38828067768045 -2.20855531863079 "2" 59 0.0635714954176067 3
-1.55756718790193 0.505641380390385 "1" 59 0.0635714954176067 3
1.59877470670768 0.471060533699489 "3" 59 0.0635714954176067 3
-1.58686781034695 0.948400756281687 "1" 59 0.0635714954176067 3
-0.155450296760652 0.964452926490229 "1" 59 0.0635714954176067 3
1.01996032814633 -1.6834153691788 "2" 59 0.0635714954176067 3
0.53467606011523 0.292234935122442 "3" 59 0.0635714954176067 3
-1.16883937929771 1.15792541652142 "1" 59 0.0635714954176067 3
1.34505238889907 1.02562233225793 "3" 59 0.0635714954176067 3
-0.686206624474467 -0.369290380603181 "2" 59 0.0635714954176067 3
-0.254890674287888 -0.898857996364863 "2" 59 0.0635714954176067 3
-1.34482465927773 0.500930929319485 "1" 59 0.0635714954176067 3
0.442948891257827 -1.42762196756048 "2" 59 0.0635714954176067 3
0.313542698805707 -0.906279569115465 "3" 59 0.0635714954176067 3
-0.473569662492411 0.932014024166914 "1" 59 0.0635714954176067 3
0.826477311197994 0.178741824202558 "3" 59 0.0635714954176067 3
0.472778192735061 0.906861453469569 "3" 59 0.0635714954176067 3
1.15550220468753 0.506488473901261 "3" 59 0.0635714954176067 3
1.10795976091149 -0.642640336097409 "2" 59 0.0635714954176067 3
-0.711854698041643 1.28322869411081 "1" 59 0.0635714954176067 3
-1.05969665638879 -0.326433737130878 "3" 79 0.0719390183011517 4
-0.602296096627041 0.304942799147525 "2" 79 0.0719390183011517 4
1.87266782079526 0.943031769728495 "1" 79 0.0719390183011517 4
-0.94665691094563 0.676401735044152 "2" 79 0.0719390183011517 4
0.556502883179766 -0.701594073696365 "3" 79 0.0719390183011517 4
1.22108015026462 0.346142937879966 "1" 79 0.0719390183011517 4
0.808262781695348 1.37459272326471 "1" 79 0.0719390183011517 4
0.214567671795535 1.51025269877051 "1" 79 0.0719390183011517 4
1.42541227961122 0.0920469772907953 "1" 79 0.0719390183011517 4
0.0626998455098291 -1.28094639402118 "3" 79 0.0719390183011517 4
0.816214830257131 -1.70526399007836 "3" 79 0.0719390183011517 4
-1.57480865013447 0.201053964761818 "2" 79 0.0719390183011517 4
0.882767027255759 1.91498278180755 "1" 79 0.0719390183011517 4
0.638880575106115 -1.5246218559301 "3" 79 0.0719390183011517 4
-0.641768677170558 -0.563246674735403 "2" 79 0.0719390183011517 4
0.0472369155924896 -1.04238696023943 "3" 79 0.0719390183011517 4
-1.6492847363321 0.887730823542363 "2" 79 0.0719390183011517 4
0.397379331696081 -0.841428986956167 "3" 79 0.0719390183011517 4
-0.0240513812697558 -1.44399302491265 "3" 79 0.0719390183011517 4
-1.02465435950401 0.0909420425491322 "2" 79 0.0719390183011517 4
0.906138932928227 0.499540972630939 "1" 79 0.0719390183011517 4
0.563263407144428 -0.486900086749076 "3" 79 0.0719390183011517 4
0.0405328735137167 1.32800122602926 "1" 79 0.0719390183011517 4
0.0260356566066023 -0.980959515275528 "3" 79 0.0719390183011517 4
0.374401537205153 -0.0729581535391813 "1" 79 0.0719390183011517 4
0.340034444700744 1.13622527721705 "1" 79 0.0719390183011517 4
-0.990666824481666 0.141761126718071 "2" 79 0.0719390183011517 4
-0.343066007960786 -0.649685185513676 "2" 79 0.0719390183011517 4
-1.37987516478276 -0.136547031050417 "2" 79 0.0719390183011517 4
-0.95725349926046 0.309315813446081 "2" 79 0.0719390183011517 4
-0.322765583695357 1.10454829167756 "1" 57 0.0735413686027645 5
-0.404918404409031 -0.181359426576925 "2" 57 0.0735413686027645 5
1.31212869697805 -0.277908877797858 "3" 57 0.0735413686027645 5
0.169208802123542 1.17532229382119 "1" 57 0.0735413686027645 5
-0.403000125247476 -0.750426299547422 "2" 57 0.0735413686027645 5
0.80005911909303 0.732843871416784 "3" 57 0.0735413686027645 5
1.03103975348763 -0.716040409981741 "3" 57 0.0735413686027645 5
1.04854761055278 -0.926067725348676 "3" 57 0.0735413686027645 5
1.13912238414063 -0.0483959351917435 "3" 57 0.0735413686027645 5
0.993049179740999 -0.895533114288409 "3" 57 0.0735413686027645 5
-2.1968095642188 -0.694678855794333 "2" 57 0.0735413686027645 5
-0.901094624350473 1.53249155409483 "1" 57 0.0735413686027645 5
1.19618704032309 0.00907206591021299 "3" 57 0.0735413686027645 5
-0.913370362212046 -0.520486763023739 "2" 57 0.0735413686027645 5
0.657057044245265 0.341464128175639 "3" 57 0.0735413686027645 5
-0.524958093283357 -0.712255268038976 "2" 57 0.0735413686027645 5
0.321471040055714 0.154335482309876 "3" 57 0.0735413686027645 5
0.468631148130179 1.13642870830015 "1" 57 0.0735413686027645 5
-0.330194565933134 0.985993856949705 "1" 57 0.0735413686027645 5
-0.125154861694067 -0.358816538626971 "2" 57 0.0735413686027645 5
0.24150148271061 1.1257592483149 "1" 57 0.0735413686027645 5
-0.101761116312002 0.789796870219488 "1" 57 0.0735413686027645 5
-0.292449334338372 -1.7433391949642 "2" 57 0.0735413686027645 5
-0.747548647008591 0.627532585113934 "1" 57 0.0735413686027645 5
-0.346784026527065 0.792395236546941 "1" 57 0.0735413686027645 5
1.37803579398743 -1.48822062812565 "3" 57 0.0735413686027645 5
0.130271319689908 1.21301628776949 "1" 57 0.0735413686027645 5
-1.1450839949047 -1.42985094309148 "2" 57 0.0735413686027645 5
-1.00958357971518 -0.67800915260686 "2" 57 0.0735413686027645 5
-1.12083353140922 -0.299611347615721 "2" 57 0.0735413686027645 5
1.31166306075257 0.984095025119578 "3" 78 0.073916649856198 6
0.839516220063932 0.540399083276217 "3" 78 0.073916649856198 6
-0.787557549834063 0.0128292217068797 "1" 78 0.073916649856198 6
-0.108982229923117 -1.25741203417979 "2" 78 0.073916649856198 6
0.143133599939532 -0.798082595795301 "2" 78 0.073916649856198 6
1.61455611234958 0.451433945240274 "3" 78 0.073916649856198 6
-0.704578411811713 1.26733138689583 "1" 78 0.073916649856198 6
-1.17061181937529 1.17417486529206 "1" 78 0.073916649856198 6
-1.0787393633945 0.372143826554281 "1" 78 0.073916649856198 6
-0.93907320512908 -1.07835399568148 "2" 78 0.073916649856198 6
1.7468859220523 -0.662437186479407 "3" 78 0.073916649856198 6
1.88912970012052 -0.0487190355721442 "3" 78 0.073916649856198 6
-1.43313907301404 -0.541838096768657 "2" 78 0.073916649856198 6
-0.948597903673967 1.04086967045179 "1" 78 0.073916649856198 6
1.1461450339002 -0.489748623817054 "3" 78 0.073916649856198 6
-0.336119786100274 -0.686234111645086 "2" 78 0.073916649856198 6
-0.94287360879206 0.344129691523115 "1" 78 0.073916649856198 6
1.67352609464268 0.441387125156267 "3" 78 0.073916649856198 6
0.406048080265688 -1.58040585797865 "2" 78 0.073916649856198 6
0.869936601795302 -1.1561042065761 "2" 78 0.073916649856198 6
-0.924040869785659 1.19759017662142 "1" 78 0.073916649856198 6
0.153064869220438 1.49208662704739 "3" 78 0.073916649856198 6
-0.82594258549991 -0.252875982236627 "2" 78 0.073916649856198 6
-0.521443976001152 -1.22741419379536 "2" 78 0.073916649856198 6
0.562748065196844 0.18974377922881 "3" 78 0.073916649856198 6
1.430908068384 -0.0206244180425874 "3" 78 0.073916649856198 6
-0.506022142603752 0.999770716635571 "1" 78 0.073916649856198 6
-0.330369954500554 -0.743214795715959 "1" 78 0.073916649856198 6
-0.751260995930809 -1.17110873231725 "2" 78 0.073916649856198 6
-1.47790795331365 1.20658872585198 "1" 78 0.073916649856198 6
-0.241823667738267 0.598046589403794 "2" 73 0.0790337865448894 7
1.34953950561941 -0.093170999420105 "1" 73 0.0790337865448894 7
0.607960092516232 -0.553142113223472 "1" 73 0.0790337865448894 7
-1.11675437552049 0.188376674581626 "3" 73 0.0790337865448894 7
-0.56877913834065 -0.665792980205492 "3" 73 0.0790337865448894 7
-0.63086265856968 0.0962614498374301 "3" 73 0.0790337865448894 7
1.07599288752235 1.75142690426714 "2" 73 0.0790337865448894 7
-0.204877993202732 0.35910657567034 "2" 73 0.0790337865448894 7
0.849403829150326 1.09744365412524 "2" 73 0.0790337865448894 7
-1.27098958127658 -0.365950088148398 "3" 73 0.0790337865448894 7
0.618281390749459 1.00394446751037 "2" 73 0.0790337865448894 7
0.441102343603639 -0.895142100043564 "1" 73 0.0790337865448894 7
0.595081817142497 1.46846873317243 "2" 73 0.0790337865448894 7
0.593563809175185 -0.222792573371595 "1" 73 0.0790337865448894 7
-0.816007187662176 -0.664073751450384 "3" 73 0.0790337865448894 7
0.123622282067478 -1.05266358685202 "1" 73 0.0790337865448894 7
-1.56353202612266 -0.359987143679241 "3" 73 0.0790337865448894 7
-0.691697031792482 -0.876357117162491 "1" 73 0.0790337865448894 7
0.672595782028656 -1.43072834433999 "1" 73 0.0790337865448894 7
-0.709904981127689 -0.575429418982703 "3" 73 0.0790337865448894 7
0.413735400379179 0.874337164686831 "2" 73 0.0790337865448894 7
0.527587931762437 -0.692687852827662 "3" 73 0.0790337865448894 7
0.566807353736456 1.38322153089834 "2" 73 0.0790337865448894 7
0.760388049065236 -1.04540947100577 "1" 73 0.0790337865448894 7
0.149716320015865 -0.89528166610667 "1" 73 0.0790337865448894 7
-0.529508817118442 1.00704996436676 "2" 73 0.0790337865448894 7
-1.38852499329345 0.0872246488263898 "3" 73 0.0790337865448894 7
0.89490163811588 -0.473233297830307 "1" 73 0.0790337865448894 7
-0.823495437578449 -0.54934229872953 "3" 73 0.0790337865448894 7
0.316477456693468 1.49627644603269 "2" 73 0.0790337865448894 7
0.990788159570013 -1.10045726706921 "2" 66 0.0798696316055764 8
-0.130805753029203 -1.06623652862243 "1" 66 0.0798696316055764 8
1.40148269375606 -0.643852540354352 "2" 66 0.0798696316055764 8
-0.431289926111557 -0.757243285078895 "1" 66 0.0798696316055764 8
-0.173968225091886 -1.00109241887977 "1" 66 0.0798696316055764 8
0.444006338615885 0.117779438328054 "3" 66 0.0798696316055764 8
-1.07888431143706 1.71994272161582 "3" 66 0.0798696316055764 8
0.897717107589742 -0.00813067377939004 "2" 66 0.0798696316055764 8
-0.59465959000403 1.09731609968775 "3" 66 0.0798696316055764 8
-2.26764898068814 -0.823506355320159 "1" 66 0.0798696316055764 8
0.420649319807622 -0.0675196950805265 "2" 66 0.0798696316055764 8
-0.787811718753107 1.00040407086083 "3" 66 0.0798696316055764 8
0.274879441610466 1.5832618643598 "3" 66 0.0798696316055764 8
0.169927842618872 1.47517751709844 "3" 66 0.0798696316055764 8
-0.779336644783465 -0.920328557404797 "1" 66 0.0798696316055764 8
-0.628381083064585 -1.40735913602138 "1" 66 0.0798696316055764 8
1.18300060304124 -0.442729850316133 "2" 66 0.0798696316055764 8
-1.18198093700699 0.242595656771376 "1" 66 0.0798696316055764 8
-1.22574067151757 -0.441820376864517 "1" 66 0.0798696316055764 8
0.156141317252691 -1.1432649826292 "1" 66 0.0798696316055764 8
0.768111699502922 1.93780810917773 "3" 66 0.0798696316055764 8
0.072311289031263 1.13916198443974 "3" 66 0.0798696316055764 8
-0.288899341566286 1.78911962461609 "3" 66 0.0798696316055764 8
0.531793179573496 -0.695289529646298 "2" 66 0.0798696316055764 8
0.556157054995652 -0.333991128261547 "2" 66 0.0798696316055764 8
0.603582354737595 -0.857817199499482 "2" 66 0.0798696316055764 8
0.748731452006315 -0.16308851610581 "2" 66 0.0798696316055764 8
-1.08788676279055 -0.38351762720802 "1" 66 0.0798696316055764 8
1.081690384066 -1.85998787214642 "2" 66 0.0798696316055764 8
0.356323708068601 2.01466645333272 "3" 66 0.0798696316055764 8
-0.39318571617805 -0.0886040207119736 "2" 64 0.0840683503278129 9
0.0327500102530361 -0.589119312253969 "3" 64 0.0840683503278129 9
0.941196779808358 -0.0359787761553844 "1" 64 0.0840683503278129 9
-2.15131161300334 -0.196990221181831 "2" 64 0.0840683503278129 9
1.07513716405462 -1.47291100824315 "3" 64 0.0840683503278129 9
0.131237090130671 -1.3342513211347 "3" 64 0.0840683503278129 9
1.13914859166207 1.20490431726664 "1" 64 0.0840683503278129 9
0.460736525559918 -0.838965975469214 "3" 64 0.0840683503278129 9
-1.14802512923245 -0.0224491368909822 "2" 64 0.0840683503278129 9
1.0332071281077 1.29344539925226 "1" 64 0.0840683503278129 9
0.953055160009448 0.818932398288308 "1" 64 0.0840683503278129 9
-0.587733595147447 0.0166890691701328 "2" 64 0.0840683503278129 9
-0.557698477009212 0.978934496000083 "2" 64 0.0840683503278129 9
0.492430472405756 1.0042928621657 "1" 64 0.0840683503278129 9
0.948556730528491 0.112884918438439 "1" 64 0.0840683503278129 9
0.0600009872492336 0.480267505428122 "2" 64 0.0840683503278129 9
-1.43311318556722 -0.551579690020284 "2" 64 0.0840683503278129 9
0.561064644806101 -1.06408548834334 "3" 64 0.0840683503278129 9
-1.25460993094342 0.575109050932721 "2" 64 0.0840683503278129 9
0.391928921538313 -0.621105305138193 "3" 64 0.0840683503278129 9
0.713491929845509 0.98085755596758 "1" 64 0.0840683503278129 9
-0.392028863058425 0.880331599225467 "2" 64 0.0840683503278129 9
0.486262460342473 1.43190898840688 "1" 64 0.0840683503278129 9
-0.113902544110678 -1.21674332674589 "3" 64 0.0840683503278129 9
-0.451714337774334 -1.27466262244961 "3" 64 0.0840683503278129 9
-0.107200785798267 -1.0888166755085 "3" 64 0.0840683503278129 9
-0.542654470446732 0.870951197747689 "1" 64 0.0840683503278129 9
0.397008532548082 0.232884606228791 "1" 64 0.0840683503278129 9
0.800447237191523 -0.836757078079329 "3" 64 0.0840683503278129 9
-1.48448171777173 0.350625993807539 "2" 64 0.0840683503278129 9
1.07339196118164 0.422866141131278 "1" 95 0.123439893142237 10
1.73341064997915 0.1768221657959 "1" 95 0.123439893142237 10
1.26232537688029 -0.0429546276380769 "1" 95 0.123439893142237 10
1.32364534094636 1.28987958843032 "1" 95 0.123439893142237 10
0.770387325249865 -0.464810471844533 "1" 95 0.123439893142237 10
0.829702099644099 0.386566042825194 "1" 95 0.123439893142237 10
1.21752430031305 0.0784999439907775 "1" 95 0.123439893142237 10
2.01465176069432 0.641956148656779 "1" 95 0.123439893142237 10
1.02456841271989 -0.00266634881878062 "1" 95 0.123439893142237 10
0.531311475038487 1.14030463261343 "1" 95 0.123439893142237 10
-0.981889770814992 0.707158010590315 "2" 95 0.123439893142237 10
-1.81826209252466 0.539311031087119 "2" 95 0.123439893142237 10
0.0593757744632396 -0.0950421122170074 "2" 95 0.123439893142237 10
-1.45450823475527 0.456885178232536 "2" 95 0.123439893142237 10
-0.854836649079719 1.60786507493086 "2" 95 0.123439893142237 10
-0.233287467188117 -0.10422411770258 "2" 95 0.123439893142237 10
-0.913970386867967 -1.19973491174163 "2" 95 0.123439893142237 10
-0.0511900622221149 0.729333379670679 "2" 95 0.123439893142237 10
-1.29581070624539 0.60624275527378 "2" 95 0.123439893142237 10
-1.50301065456217 0.56449009753641 "2" 95 0.123439893142237 10
0.166963980087286 -1.1045162414962 "3" 95 0.123439893142237 10
-0.81619806145061 -0.18940915100154 "3" 95 0.123439893142237 10
-0.85581321460612 -0.378670130011816 "3" 95 0.123439893142237 10
-0.567646238346653 -0.447172736160655 "3" 95 0.123439893142237 10
-0.0150770996940684 -0.362165294627048 "3" 95 0.123439893142237 10
-0.152406782865953 -0.35022958812055 "3" 95 0.123439893142237 10
-0.116065025015238 -0.659964389484756 "3" 95 0.123439893142237 10
-0.136041063906017 -0.626690560707621 "3" 95 0.123439893142237 10
-0.211685800638329 -1.01543328985414 "3" 95 0.123439893142237 10
-0.0295591464142798 -2.30449621933844 "3" 95 0.123439893142237 10
0.84048019321643 -0.90470519805497 "2" 46 0.0846365705113759 11
0.963163674586894 1.00708527364154 "3" 46 0.0846365705113759 11
1.11073324865525 0.925806074248168 "3" 46 0.0846365705113759 11
0.606982826747193 1.60538006471897 "3" 46 0.0846365705113759 11
-1.99681229543107 -0.712238519415257 "1" 46 0.0846365705113759 11
0.612819894163264 -0.391792754280605 "2" 46 0.0846365705113759 11
0.73256826385493 0.0640692955584899 "2" 46 0.0846365705113759 11
0.980933530069426 -0.579137463567333 "2" 46 0.0846365705113759 11
-1.23002249581412 -0.68647434808497 "1" 46 0.0846365705113759 11
-0.785863931315758 0.34804721511897 "1" 46 0.0846365705113759 11
1.54072318861493 2.09160395014231 "3" 46 0.0846365705113759 11
0.791576137149993 1.32403802502164 "3" 46 0.0846365705113759 11
0.0451668747599834 0.461084468847136 "3" 46 0.0846365705113759 11
-0.287111329280502 -1.89608973665441 "2" 46 0.0846365705113759 11
-0.244889589692723 -0.887507791033266 "3" 46 0.0846365705113759 11
0.543063277848269 0.568926891101731 "3" 46 0.0846365705113759 11
-1.84308800915306 -0.692830384505879 "1" 46 0.0846365705113759 11
-1.61243845341767 -1.39265873856097 "1" 46 0.0846365705113759 11
-0.603151907242158 0.788628430609615 "1" 46 0.0846365705113759 11
0.867965712788203 -0.73013819876641 "2" 46 0.0846365705113759 11
0.8190364216932 1.82728274170511 "3" 46 0.0846365705113759 11
0.507996300143176 -0.187614870782883 "2" 46 0.0846365705113759 11
-0.39816386446764 0.404168868517492 "1" 46 0.0846365705113759 11
0.263501984060005 0.0432824159297495 "2" 46 0.0846365705113759 11
-0.396437238114058 -0.237891863013443 "1" 46 0.0846365705113759 11
-0.0620294566685614 -1.34282936816636 "2" 46 0.0846365705113759 11
-0.809290245228659 0.45151396548509 "1" 46 0.0846365705113759 11
-0.360255130156688 -1.49146312959089 "2" 46 0.0846365705113759 11
-1.23972582547639 -0.456506728899225 "1" 46 0.0846365705113759 11
0.642568243107908 0.678961412730876 "3" 46 0.0846365705113759 11
-0.525058610032955 0.595424805898545 "1" 126 0.0872124275502766 12
0.639191085086851 0.570712156424392 "2" 126 0.0872124275502766 12
-0.613327205972829 0.217707841657966 "1" 126 0.0872124275502766 12
-0.0457072058353489 1.33060684247167 "1" 126 0.0872124275502766 12
0.392857475281924 -0.596776142314377 "3" 126 0.0872124275502766 12
0.531502819609382 0.728139793702137 "2" 126 0.0872124275502766 12
-0.41052032600218 -0.604440496141569 "3" 126 0.0872124275502766 12
1.40362653271223 0.849163997378926 "2" 126 0.0872124275502766 12
-1.04707124211869 0.723991743577086 "1" 126 0.0872124275502766 12
0.117552882231852 -0.324643441148211 "2" 126 0.0872124275502766 12
-0.83795685407975 -1.49404823238131 "3" 126 0.0872124275502766 12
1.36034369997705 0.414238693270644 "2" 126 0.0872124275502766 12
-1.02331488286791 -1.41340654361402 "3" 126 0.0872124275502766 12
-0.364955278052786 -0.819583902168312 "3" 126 0.0872124275502766 12
0.437279151637942 -0.32376376543817 "2" 126 0.0872124275502766 12
-0.479281987771339 1.0362541542277 "1" 126 0.0872124275502766 12
0.526156933092854 0.838255106415783 "2" 126 0.0872124275502766 12
0.044750748774971 0.884398934487643 "1" 126 0.0872124275502766 12
0.0179837321476678 -0.941674994344846 "3" 126 0.0872124275502766 12
0.178686949501391 -0.414153986440011 "3" 126 0.0872124275502766 12
0.238415439347336 -0.394501958442694 "3" 126 0.0872124275502766 12
-0.238712146133259 0.702155725099146 "1" 126 0.0872124275502766 12
-1.14634188711336 0.0309257215031517 "1" 126 0.0872124275502766 12
0.742869417957749 -0.105395015301919 "2" 126 0.0872124275502766 12
0.236168029387284 -0.558038656824483 "2" 126 0.0872124275502766 12
-0.208307286824609 -0.57356796951907 "3" 126 0.0872124275502766 12
-0.0528726728127781 0.776264183413119 "1" 126 0.0872124275502766 12
-0.965748534813927 0.134121670861597 "1" 126 0.0872124275502766 12
-0.103994694691521 -0.997732289612169 "3" 126 0.0872124275502766 12
1.19578591837676 -0.27063397669834 "2" 126 0.0872124275502766 12
0.479753029570568 -0.1262707716971 "1" 60 0.0880747094561245 13
0.381788407956593 0.268984151260309 "2" 60 0.0880747094561245 13
1.20948156339333 -0.719872233157129 "1" 60 0.0880747094561245 13
-1.1688826729885 -0.382160005672812 "3" 60 0.0880747094561245 13
0.659354661005641 -0.924796721688402 "1" 60 0.0880747094561245 13
-0.327918989445272 -1.03581985428826 "3" 60 0.0880747094561245 13
1.09416630373659 -0.145704854360396 "1" 60 0.0880747094561245 13
-0.309099410589021 -0.819195408598465 "3" 60 0.0880747094561245 13
-1.57689611891688 -0.950969509159696 "3" 60 0.0880747094561245 13
-0.807737932124247 1.31252541596067 "2" 60 0.0880747094561245 13
-0.263239830180186 1.11409445889756 "2" 60 0.0880747094561245 13
0.275591721579882 -0.0838565233757935 "1" 60 0.0880747094561245 13
1.63106518090204 -1.52921757548148 "1" 60 0.0880747094561245 13
-1.31704663554626 -0.428394572789735 "3" 60 0.0880747094561245 13
-0.328259977682243 -0.588107311814938 "3" 60 0.0880747094561245 13
-0.952187718236812 2.32249448273945 "2" 60 0.0880747094561245 13
-0.157207003600181 0.720981784857216 "2" 60 0.0880747094561245 13
-0.598201443108303 -1.05239555494714 "3" 60 0.0880747094561245 13
-0.328981692770971 -0.302464212604946 "3" 60 0.0880747094561245 13
0.366661981322577 0.465238199109171 "2" 60 0.0880747094561245 13
-0.528322238277831 -0.180062278895586 "3" 60 0.0880747094561245 13
-0.637006408276676 0.603157997418993 "2" 60 0.0880747094561245 13
1.02732138778106 -0.165338979111307 "1" 60 0.0880747094561245 13
-1.50846213496939 -0.789959823178395 "3" 60 0.0880747094561245 13
0.687179732250917 -0.540359810677802 "1" 60 0.0880747094561245 13
0.908349566882724 0.492097001516145 "1" 60 0.0880747094561245 13
0.0578660640057563 0.85661839922928 "2" 60 0.0880747094561245 13
0.886479110591929 0.904881053952078 "2" 60 0.0880747094561245 13
1.09398335696945 0.188032782585894 "1" 60 0.0880747094561245 13
0.0504081387637115 1.51584027397263 "2" 60 0.0880747094561245 13
1.65299571502772 -0.633389964268859 "3" 106 0.0896764229284955 14
0.829500126048856 -0.304697835565734 "3" 106 0.0896764229284955 14
-1.08839467992917 0.0412222876562607 "2" 106 0.0896764229284955 14
0.0279632018661674 1.04352585141135 "1" 106 0.0896764229284955 14
0.636199474776035 -0.697593331308205 "3" 106 0.0896764229284955 14
1.08993641582885 -0.0878966197635434 "3" 106 0.0896764229284955 14
-0.208716530280925 0.426280142483073 "1" 106 0.0896764229284955 14
-0.330988512200926 1.64401215972748 "1" 106 0.0896764229284955 14
-1.73905420240237 0.940824285966235 "2" 106 0.0896764229284955 14
-1.57824400885798 -0.92094587386168 "2" 106 0.0896764229284955 14
1.65772048282394 -0.934669287912143 "3" 106 0.0896764229284955 14
1.51864952569805 -0.685967026439837 "3" 106 0.0896764229284955 14
-0.355923321557937 1.50781027424932 "1" 106 0.0896764229284955 14
-0.771191435394562 0.94132492546624 "1" 106 0.0896764229284955 14
1.8370871251069 -0.604122350090761 "3" 106 0.0896764229284955 14
-0.699467724731782 -0.943413110679336 "2" 106 0.0896764229284955 14
-0.803898266658687 0.694879945670919 "1" 106 0.0896764229284955 14
-0.274767097907215 -0.854675303043056 "2" 106 0.0896764229284955 14
1.20830174343984 -0.515119907586108 "3" 106 0.0896764229284955 14
0.225526904171113 -0.283165014363833 "3" 106 0.0896764229284955 14
-0.780148391674327 0.751833733692589 "1" 106 0.0896764229284955 14
-0.582989937482225 -0.00756906257854304 "2" 106 0.0896764229284955 14
-0.830126375672783 -0.187952899625986 "2" 106 0.0896764229284955 14
0.225945864928871 0.350139275608745 "1" 106 0.0896764229284955 14
0.427557254299979 0.522854141065199 "1" 106 0.0896764229284955 14
0.0294274804051647 -0.145764770336933 "1" 106 0.0896764229284955 14
1.14719598339724 -0.35325794456666 "3" 106 0.0896764229284955 14
-1.13226912742741 -0.949987270539175 "2" 106 0.0896764229284955 14
-0.423930282703225 0.0456453207324333 "2" 106 0.0896764229284955 14
-0.9138974029372 0.199835228800544 "2" 106 0.0896764229284955 14
1.5893966374972 -0.718194256397768 "2" 65 0.100232887655259 15
0.379736039797888 -1.06371576821291 "2" 65 0.100232887655259 15
-0.31088676964483 1.54351501076742 "3" 65 0.100232887655259 15
-1.23697327864779 -0.965737956310636 "1" 65 0.100232887655259 15
0.579558173021052 0.0810721501090899 "2" 65 0.100232887655259 15
0.860504916339624 -1.38051613126591 "2" 65 0.100232887655259 15
-0.455344198921575 0.92606725034987 "3" 65 0.100232887655259 15
-0.626923433915888 -0.526891967435659 "1" 65 0.100232887655259 15
-2.01722024203706 -0.0452647531922732 "1" 65 0.100232887655259 15
-1.46539853202162 0.514217004358427 "1" 65 0.100232887655259 15
0.786857381696792 -1.67164410392671 "2" 65 0.100232887655259 15
1.32221986998152 -0.557170943315036 "2" 65 0.100232887655259 15
-0.681034830660132 1.81258663953208 "3" 65 0.100232887655259 15
-0.0328650423343714 2.0151571376654 "3" 65 0.100232887655259 15
1.29502335325087 -0.713598902111456 "2" 65 0.100232887655259 15
-1.56515436317067 -1.5725098885997 "1" 65 0.100232887655259 15
-0.387860602352397 -0.796178332813325 "2" 65 0.100232887655259 15
0.653890351179853 -0.0283855109265075 "3" 65 0.100232887655259 15
0.387596037710783 1.45703147281821 "3" 65 0.100232887655259 15
1.29590878726832 -0.351391645997582 "2" 65 0.100232887655259 15
-1.29008625535893 0.612984332359368 "1" 65 0.100232887655259 15
0.0243878594536237 1.20254232450054 "3" 65 0.100232887655259 15
-0.541036626686377 -0.567408976159649 "1" 65 0.100232887655259 15
-0.838956597217026 -0.567250424850606 "1" 65 0.100232887655259 15
1.00884194321845 1.67334728091889 "3" 65 0.100232887655259 15
1.78933221304657 -1.43093803200678 "2" 65 0.100232887655259 15
-0.133004826857624 -0.456773495764525 "1" 65 0.100232887655259 15
-0.564560838357857 -0.182903034775085 "1" 65 0.100232887655259 15
0.141272666857121 0.0157403421531141 "3" 65 0.100232887655259 15
0.0327802078644844 1.74221317852972 "3" 65 0.100232887655259 15
1.25520465782632 1.13830527291495 "3" 64 0.106596845751304 16
1.38831720317913 0.433578528269507 "3" 64 0.106596845751304 16
0.0554395925855925 -2.34121960943588 "2" 64 0.106596845751304 16
1.30024036326749 -0.308949021779684 "3" 64 0.106596845751304 16
-0.832568117309219 0.0325009916219921 "1" 64 0.106596845751304 16
-1.11428463082318 -1.40378691047539 "2" 64 0.106596845751304 16
1.53580605616661 1.07956159760167 "3" 64 0.106596845751304 16
1.96567061733434 -0.956279523731354 "3" 64 0.106596845751304 16
0.220255925480031 0.209320377698815 "1" 64 0.106596845751304 16
-0.627032049836711 -0.596714949081221 "2" 64 0.106596845751304 16
-0.124894291622398 -1.56480975569755 "2" 64 0.106596845751304 16
-0.383130520974498 0.641705362852401 "1" 64 0.106596845751304 16
1.53399161506826 1.01127780585936 "3" 64 0.106596845751304 16
0.846328012687487 0.18235296570283 "3" 64 0.106596845751304 16
-0.417153758111921 1.24422218230714 "1" 64 0.106596845751304 16
-1.58486903930206 -1.4640814665729 "2" 64 0.106596845751304 16
-0.360644729543205 0.371144394594761 "2" 64 0.106596845751304 16
-1.05093879148468 -0.646955056227795 "2" 64 0.106596845751304 16
-1.43695900917339 1.62590320950554 "1" 64 0.106596845751304 16
-0.955195180868453 0.214164276270553 "1" 64 0.106596845751304 16
0.923327651013505 -1.8259258618246 "3" 64 0.106596845751304 16
-0.602895593275541 -0.72011366497452 "2" 64 0.106596845751304 16
1.08750089296055 0.932390624375712 "3" 64 0.106596845751304 16
-0.799781160850003 -0.516145828249888 "2" 64 0.106596845751304 16
-0.545302625465761 -0.30174725143432 "2" 64 0.106596845751304 16
-1.43309407938666 0.808262104438989 "1" 64 0.106596845751304 16
-0.287121353986748 0.465446251483903 "1" 64 0.106596845751304 16
0.084429156248524 0.676253807493282 "1" 64 0.106596845751304 16
0.994734237226872 0.0401595917662761 "3" 64 0.106596845751304 16
-0.635381049030273 1.54017955472743 "1" 64 0.106596845751304 16
1.25097758299969 0.0387477813123676 "1" 56 0.110203204324823 17
0.427135242668075 -0.264966000909975 "3" 56 0.110203204324823 17
0.754819855332478 1.16208479081054 "1" 56 0.110203204324823 17
0.60782935581206 -1.57351016321281 "3" 56 0.110203204324823 17
-0.502589068397877 -0.398590321136568 "2" 56 0.110203204324823 17
0.336778338776237 0.120746985439285 "3" 56 0.110203204324823 17
0.8512241789577 0.816111777909721 "1" 56 0.110203204324823 17
0.518287047647365 0.503531869532215 "1" 56 0.110203204324823 17
-0.534630004386175 0.736022130423623 "2" 56 0.110203204324823 17
0.817867861788994 1.4566892190368 "1" 56 0.110203204324823 17
0.777273058269658 -1.95034059652198 "3" 56 0.110203204324823 17
-0.247109041306789 -0.899065394182069 "2" 56 0.110203204324823 17
0.782765040613867 -0.697429923722635 "3" 56 0.110203204324823 17
-1.2985467577965 0.33263955861699 "2" 56 0.110203204324823 17
-0.183336269578429 0.00386915678111366 "3" 56 0.110203204324823 17
-0.694020543224693 -0.386566613784095 "2" 56 0.110203204324823 17
-1.38655548330616 -0.124405699347784 "2" 56 0.110203204324823 17
-0.186583981042946 0.85973329258722 "1" 56 0.110203204324823 17
-1.6948929387016 -0.583033451412464 "2" 56 0.110203204324823 17
0.965759836627481 -0.18126270068712 "3" 56 0.110203204324823 17
0.495785394758363 1.58263962098917 "1" 56 0.110203204324823 17
-1.47424953337701 0.822522075233818 "2" 56 0.110203204324823 17
0.215870564332715 -1.9921324232107 "3" 56 0.110203204324823 17
-0.174665348467911 0.347767802663897 "1" 56 0.110203204324823 17
-0.962716242863287 0.13805367542162 "2" 56 0.110203204324823 17
0.571532740781031 0.171780143208063 "1" 56 0.110203204324823 17
-1.3429618980448 0.2066806000043 "2" 56 0.110203204324823 17
0.583874277108593 -1.33404819929573 "3" 56 0.110203204324823 17
0.835264142020708 -0.705104658191031 "3" 56 0.110203204324823 17
-0.110187408000836 1.79083566564421 "1" 56 0.110203204324823 17
0.148250079462087 0.640710634084983 "2" 84 0.110787738809534 18
0.954997023508055 0.931714499482134 "3" 84 0.110787738809534 18
-0.779818343361048 -0.308293703346876 "2" 84 0.110787738809534 18
0.693235630287955 1.14697638956553 "3" 84 0.110787738809534 18
-0.358558665054603 1.17580730389155 "2" 84 0.110787738809534 18
-0.482500399497954 1.03190798634578 "2" 84 0.110787738809534 18
0.245708419063073 -1.62675348106395 "1" 84 0.110787738809534 18
0.668287939196581 0.416717356167921 "3" 84 0.110787738809534 18
-0.124657445867267 0.374072427447073 "2" 84 0.110787738809534 18
0.772667017199804 -1.61133996369028 "1" 84 0.110787738809534 18
1.07978309893203 0.611041545724525 "3" 84 0.110787738809534 18
-0.100127686252648 0.869843212756439 "2" 84 0.110787738809534 18
-0.677583904315079 -0.249383444442767 "1" 84 0.110787738809534 18
0.103448373479602 -1.32028582301799 "1" 84 0.110787738809534 18
-0.998973255933118 -1.315745434469 "1" 84 0.110787738809534 18
0.202914605599158 -0.691728802070776 "1" 84 0.110787738809534 18
-0.795836835801613 0.789470800852369 "2" 84 0.110787738809534 18
-0.252197703214989 0.2097695900394 "3" 84 0.110787738809534 18
-1.23202969809378 -0.422626000916186 "2" 84 0.110787738809534 18
0.133694355191294 -1.800440563221 "1" 84 0.110787738809534 18
1.2131782400444 0.853253393036815 "3" 84 0.110787738809534 18
-0.707662279005313 -0.908188203151838 "1" 84 0.110787738809534 18
-1.03178993554634 0.45038482740095 "2" 84 0.110787738809534 18
1.01714069496597 1.0966028952666 "3" 84 0.110787738809534 18
-0.153703801110605 -0.309052633836739 "1" 84 0.110787738809534 18
-0.984146283065864 -1.29496498869682 "1" 84 0.110787738809534 18
-1.32844769550227 0.40347032776443 "2" 84 0.110787738809534 18
0.616666121732957 0.0596559067625257 "3" 84 0.110787738809534 18
1.14545958601049 0.724566762164609 "3" 84 0.110787738809534 18
1.01260274694904 0.0728371831705922 "3" 84 0.110787738809534 18
0.129343162008004 0.732004502842115 "2" 93 0.11209469785068 19
0.110824602355792 0.895456497589715 "1" 93 0.11209469785068 19
1.53485917201177 -0.787610973341888 "2" 93 0.11209469785068 19
1.71308883936825 -0.524182835551946 "2" 93 0.11209469785068 19
-1.14038132706967 -0.286013687909305 "3" 93 0.11209469785068 19
0.0494180928351726 0.0774721513856225 "1" 93 0.11209469785068 19
-0.377400621111468 1.08760579506209 "1" 93 0.11209469785068 19
-0.630679243946622 -0.118363817142271 "3" 93 0.11209469785068 19
0.755344452652435 0.0623527783811603 "2" 93 0.11209469785068 19
-0.179696306752984 -1.46416183180318 "3" 93 0.11209469785068 19
-0.0270657500797085 -1.53123528145454 "3" 93 0.11209469785068 19
0.28075865473779 0.361763289956822 "2" 93 0.11209469785068 19
1.74358622709129 -0.407089052237007 "2" 93 0.11209469785068 19
-1.05478537378128 -0.961374823315118 "3" 93 0.11209469785068 19
-0.983512440919319 0.205193351638821 "1" 93 0.11209469785068 19
-0.00640605494503702 0.794794763885332 "2" 93 0.11209469785068 19
-0.468339939335274 0.297163340175626 "1" 93 0.11209469785068 19
-0.525045188002008 -0.597368993141074 "3" 93 0.11209469785068 19
1.32089798651655 0.364036147568794 "2" 93 0.11209469785068 19
-0.627371367802404 -0.677708189703656 "3" 93 0.11209469785068 19
0.96841262916148 0.211728728632719 "2" 93 0.11209469785068 19
0.24771145428638 0.560182967183707 "1" 93 0.11209469785068 19
-0.849621784791944 -0.748280861951418 "3" 93 0.11209469785068 19
0.451311386240256 0.579963835652604 "1" 93 0.11209469785068 19
0.479907062235906 0.240142193983202 "2" 93 0.11209469785068 19
-0.936616132248758 -0.500109839499984 "3" 93 0.11209469785068 19
-0.185897475387058 1.86964668444187 "1" 93 0.11209469785068 19
-0.59102780255229 -0.0251508427645515 "1" 93 0.11209469785068 19
-0.545744596151343 -0.90611787885808 "3" 93 0.11209469785068 19
-0.655872316623923 1.19526188029381 "1" 93 0.11209469785068 19
-0.956218193493031 1.1365674750926 "3" 103 0.113424443594832 20
0.0934227215731129 0.0857270983402803 "1" 103 0.113424443594832 20
-0.0349757981885475 -1.85117578810854 "2" 103 0.113424443594832 20
-0.721631609861649 -1.47697814900455 "2" 103 0.113424443594832 20
0.0207607254772967 0.932804324455604 "1" 103 0.113424443594832 20
-0.173842502397401 0.556936983458059 "3" 103 0.113424443594832 20
0.592427772498781 -0.847554470190422 "2" 103 0.113424443594832 20
-0.647817101205421 -0.317975195276198 "3" 103 0.113424443594832 20
1.04895986200717 -1.71631221514719 "2" 103 0.113424443594832 20
-0.545748622780289 0.786839649014936 "3" 103 0.113424443594832 20
1.44638516116636 0.988475066487862 "1" 103 0.113424443594832 20
-0.669799796560828 0.885203319272537 "3" 103 0.113424443594832 20
-0.334610189677783 -1.61466891173411 "2" 103 0.113424443594832 20
0.709105662872771 0.559912703882722 "1" 103 0.113424443594832 20
-1.32032483922027 0.523308078555286 "3" 103 0.113424443594832 20
0.407958172107459 -0.963147967494688 "2" 103 0.113424443594832 20
-1.10000150449506 0.140955930661303 "3" 103 0.113424443594832 20
0.0562615000354511 0.877895360518548 "1" 103 0.113424443594832 20
-0.692539876709415 -0.329710211926486 "3" 103 0.113424443594832 20
0.0785460068116815 0.264929030745112 "1" 103 0.113424443594832 20
0.375041378615093 -0.153514265236966 "1" 103 0.113424443594832 20
0.284672537570402 -0.298634448803766 "2" 103 0.113424443594832 20
0.833249880527766 -0.819204110546673 "2" 103 0.113424443594832 20
0.316361389050531 -0.45161768552874 "2" 103 0.113424443594832 20
0.244836472996007 -0.259537539449994 "2" 103 0.113424443594832 20
0.597065244215145 0.854208430632129 "1" 103 0.113424443594832 20
-1.60014941066389 -0.302337639981372 "3" 103 0.113424443594832 20
0.727672967101313 0.758961026133487 "1" 103 0.113424443594832 20
-0.30988377206626 0.939269291258051 "3" 103 0.113424443594832 20
1.2748157626935 1.11037482992118 "1" 103 0.113424443594832 20
