"X1" "X2" "cl" "nbases" "wilks.lambda" ".sample"
-0.34383709947966 -1.02927844958944 "3" 80 0.00211919749388184 1
-1.05599849662963 0.360786200680005 "2" 80 0.00211919749388184 1
1.31844845231387 0.54903266818909 "1" 80 0.00211919749388184 1
0.0883671014812201 -1.54337335381464 "3" 80 0.00211919749388184 1
1.24689356278114 0.579847086765345 "1" 80 0.00211919749388184 1
-1.30841816845294 0.801107237480222 "2" 80 0.00211919749388184 1
0.933757288704914 0.492739669916023 "1" 80 0.00211919749388184 1
1.67576778989037 0.197674777945444 "1" 80 0.00211919749388184 1
1.45802795604679 0.689062586380672 "1" 80 0.00211919749388184 1
1.62164564937898 0.934281905399209 "1" 80 0.00211919749388184 1
0.230130127967418 -1.49228971456204 "3" 80 0.00211919749388184 1
-1.4453352029427 1.25376511555531 "2" 80 0.00211919749388184 1
-0.0972888493735013 -1.25270271014011 "3" 80 0.00211919749388184 1
1.35467224178907 0.998327949753562 "1" 80 0.00211919749388184 1
-1.39613178154754 1.37285238679799 "2" 80 0.00211919749388184 1
-1.47232047354125 0.553671288239995 "2" 80 0.00211919749388184 1
0.144417226837896 -1.46768126774666 "3" 80 0.00211919749388184 1
-0.0951297405529217 -1.34098035450552 "3" 80 0.00211919749388184 1
1.25050339696861 0.193705545459246 "1" 80 0.00211919749388184 1
-1.11989049594094 0.749618164331863 "2" 80 0.00211919749388184 1
-1.15527235129989 0.841896472020017 "2" 80 0.00211919749388184 1
0.99104607929174 0.567751756396471 "1" 80 0.00211919749388184 1
1.21848440422134 0.837308983112181 "1" 80 0.00211919749388184 1
-0.98738430607759 0.683713177844322 "2" 80 0.00211919749388184 1
-1.49884712247058 0.467549501465393 "2" 80 0.00211919749388184 1
0.125344831919008 -1.43074304058919 "3" 80 0.00211919749388184 1
-0.363635550310636 -1.31924599081975 "3" 80 0.00211919749388184 1
0.142255345000369 -1.26442402581263 "3" 80 0.00211919749388184 1
-0.0125675837954188 -1.76132018448452 "3" 80 0.00211919749388184 1
-1.44770423217754 0.777346618332148 "2" 80 0.00211919749388184 1
-0.375688031423546 1.40333163296225 "2" 82 0.00212794171870622 2
1.3920468559012 -0.511781876229526 "3" 82 0.00212794171870622 2
-1.05470785533955 -1.10243813884623 "1" 82 0.00212794171870622 2
-0.437706687698855 -1.26626933222096 "1" 82 0.00212794171870622 2
-0.999743581789792 -0.853018705067072 "1" 82 0.00212794171870622 2
-0.723645432381112 -1.34004834674766 "1" 82 0.00212794171870622 2
-0.378086974987323 1.38350230717308 "2" 82 0.00212794171870622 2
-0.544678701611727 -1.13230365686118 "1" 82 0.00212794171870622 2
-0.791317231726506 -1.13633924008515 "1" 82 0.00212794171870622 2
1.32856819842575 -0.408677273990328 "3" 82 0.00212794171870622 2
-0.0833686761115697 1.53075251122992 "2" 82 0.00212794171870622 2
-1.55282811249811 -0.769767418085509 "1" 82 0.00212794171870622 2
1.4033911623845 0.0610574635870359 "3" 82 0.00212794171870622 2
1.1953987485143 -0.498137962534639 "3" 82 0.00212794171870622 2
-0.387649237028503 1.24986624538929 "2" 82 0.00212794171870622 2
1.25976344007242 -0.416395074089677 "3" 82 0.00212794171870622 2
0.915230953424301 -0.241091037695832 "3" 82 0.00212794171870622 2
-0.859436018069482 -1.04161650261508 "1" 82 0.00212794171870622 2
-0.396436914034112 1.5672458648087 "2" 82 0.00212794171870622 2
1.01031867105645 -0.153321407682742 "3" 82 0.00212794171870622 2
-0.334717897455046 -1.04867222200929 "1" 82 0.00212794171870622 2
-0.842779464210904 -1.10951786138056 "1" 82 0.00212794171870622 2
-0.545833475226113 1.46728054620078 "2" 82 0.00212794171870622 2
-0.747556811918991 1.12919987551134 "2" 82 0.00212794171870622 2
1.32890655756522 -0.218682878334299 "3" 82 0.00212794171870622 2
-0.598845033480191 1.14326641110227 "2" 82 0.00212794171870622 2
1.84742364826745 -0.317501640758027 "3" 82 0.00212794171870622 2
1.74247439977669 -0.187161362306173 "3" 82 0.00212794171870622 2
-1.24537034462391 1.30420271841747 "2" 82 0.00212794171870622 2
-0.523126153772949 1.51303636115781 "2" 82 0.00212794171870622 2
-1.43919992243845 -1.03901514487171 "2" 65 0.00285391037150185 3
-1.13438269832943 -0.0108991107489945 "2" 65 0.00285391037150185 3
-0.296535633047785 1.64447882556304 "3" 65 0.00285391037150185 3
-1.34582031549218 -0.834070576223876 "2" 65 0.00285391037150185 3
1.55152273479141 -1.09597954223136 "1" 65 0.00285391037150185 3
-0.85478527500424 -0.437223702406286 "2" 65 0.00285391037150185 3
-1.4569636371556 -1.05663704611426 "2" 65 0.00285391037150185 3
-1.24582538018361 -0.472382737499264 "2" 65 0.00285391037150185 3
1.56605578483717 -0.866242345178533 "1" 65 0.00285391037150185 3
1.47705351040857 -0.402057311964608 "1" 65 0.00285391037150185 3
-0.939239128788097 -0.575732151958735 "2" 65 0.00285391037150185 3
-1.44299643241125 -0.659963167066272 "2" 65 0.00285391037150185 3
-0.665690566433642 1.48499575163427 "3" 65 0.00285391037150185 3
1.39711105739675 -0.702076290307291 "1" 65 0.00285391037150185 3
2.04731740786578 -0.820740394054064 "1" 65 0.00285391037150185 3
-0.386168835328632 1.19410039233383 "3" 65 0.00285391037150185 3
-1.40045330844353 -0.841513062204569 "2" 65 0.00285391037150185 3
-0.653761540817657 1.56052508579606 "3" 65 0.00285391037150185 3
-0.553165573493832 1.33469314157556 "3" 65 0.00285391037150185 3
1.43017185850734 -1.0227706409032 "1" 65 0.00285391037150185 3
0.280899100598911 1.09448453361921 "3" 65 0.00285391037150185 3
-0.245581590211426 0.972174479208085 "3" 65 0.00285391037150185 3
-0.189535485562097 1.46029241262117 "3" 65 0.00285391037150185 3
-1.25625862287172 -0.280205083426931 "2" 65 0.00285391037150185 3
1.47637952001144 -0.747242736656034 "1" 65 0.00285391037150185 3
0.0461625124112277 1.74217081620255 "3" 65 0.00285391037150185 3
1.7063654694119 -0.916733513896948 "1" 65 0.00285391037150185 3
0.0580482055546228 1.68579460066312 "3" 65 0.00285391037150185 3
1.14657104452509 -0.627133522590072 "1" 65 0.00285391037150185 3
1.32270573969296 -0.765091958913893 "1" 65 0.00285391037150185 3
-1.36069458746999 0.868828475284079 "1" 93 0.0028997769832191 4
-0.0828120218573905 -1.50630303008138 "3" 93 0.0028997769832191 4
0.349417462326224 -0.955976047635343 "3" 93 0.0028997769832191 4
0.591185167605232 -1.65679487574398 "3" 93 0.0028997769832191 4
1.45904985530654 0.699849753569768 "2" 93 0.0028997769832191 4
0.231660394916698 -2.01020887998929 "3" 93 0.0028997769832191 4
0.852443530015305 0.686445347298399 "2" 93 0.0028997769832191 4
-1.5935096797461 0.656640435719322 "1" 93 0.0028997769832191 4
1.28024706102639 0.979698112902708 "2" 93 0.0028997769832191 4
-1.30331995151339 0.87919930457589 "1" 93 0.0028997769832191 4
1.23648781731406 0.427074520448327 "2" 93 0.0028997769832191 4
-1.4692330875317 0.992882077437386 "1" 93 0.0028997769832191 4
0.322983236523136 -1.66048232039238 "3" 93 0.0028997769832191 4
1.13344645145773 0.508792198830955 "2" 93 0.0028997769832191 4
1.10257593085763 0.803574032873251 "2" 93 0.0028997769832191 4
-1.57919199225124 0.685595345308816 "1" 93 0.0028997769832191 4
0.177955900877104 -0.91538522779777 "3" 93 0.0028997769832191 4
0.351551138305209 -1.33793221671333 "3" 93 0.0028997769832191 4
-1.20682420093591 0.249372736789215 "1" 93 0.0028997769832191 4
0.246568200871438 -0.665771816367005 "3" 93 0.0028997769832191 4
-1.34716796026941 0.0914341430645452 "1" 93 0.0028997769832191 4
1.04658700956042 0.476160412540387 "2" 93 0.0028997769832191 4
-1.4014381545972 0.812776025428481 "1" 93 0.0028997769832191 4
1.46731601950481 0.694954509892692 "2" 93 0.0028997769832191 4
-0.0769067992862007 -1.23906679337222 "3" 93 0.0028997769832191 4
-0.26183576681562 -1.28061733167397 "3" 93 0.0028997769832191 4
1.23006022005259 0.202512171639148 "2" 93 0.0028997769832191 4
-1.3852388762789 0.70481872209949 "1" 93 0.0028997769832191 4
1.18607176121089 0.861227319005805 "2" 93 0.0028997769832191 4
-1.19743407917836 0.946702895058001 "1" 93 0.0028997769832191 4
1.63427124264939 0.836073059396144 "1" 114 0.0034262853358731 5
1.23710331425498 0.84946617498897 "1" 114 0.0034262853358731 5
-1.15935425369877 0.840000634707534 "3" 114 0.0034262853358731 5
1.04639975512816 1.02609145014084 "1" 114 0.0034262853358731 5
-1.56145190075043 1.01387163068056 "3" 114 0.0034262853358731 5
-0.591878029498955 0.632968966165591 "3" 114 0.0034262853358731 5
-0.489796616738792 -1.01394138937563 "2" 114 0.0034262853358731 5
-0.977107495980611 0.423493484633775 "3" 114 0.0034262853358731 5
-0.261767701976812 -1.44494029111562 "2" 114 0.0034262853358731 5
-0.0652903346778026 -1.96828384679533 "2" 114 0.0034262853358731 5
1.70400793249346 0.345240770544765 "1" 114 0.0034262853358731 5
-1.14962246636063 0.697968303802697 "3" 114 0.0034262853358731 5
1.2510583287643 0.885952869764211 "1" 114 0.0034262853358731 5
-1.07747907015551 0.367123515049095 "3" 114 0.0034262853358731 5
-0.701257237727998 0.340044489260012 "3" 114 0.0034262853358731 5
1.1159126133907 1.05272912476054 "1" 114 0.0034262853358731 5
-0.929246123016241 0.535417960100643 "3" 114 0.0034262853358731 5
0.101640485236464 -1.55818033349052 "2" 114 0.0034262853358731 5
1.01978887450616 1.06002978141772 "1" 114 0.0034262853358731 5
0.666764597581089 0.626372855208116 "1" 114 0.0034262853358731 5
-1.22059210483562 0.531033395913381 "3" 114 0.0034262853358731 5
-0.471181539242405 -1.13285769797593 "2" 114 0.0034262853358731 5
-0.196001501006602 -1.35958762917426 "2" 114 0.0034262853358731 5
-0.127302665278515 -1.84298001505485 "2" 114 0.0034262853358731 5
0.0286508316138586 -1.05003808948942 "2" 114 0.0034262853358731 5
1.1924330603127 0.928750205883627 "1" 114 0.0034262853358731 5
-0.164627719396693 -1.26030492771391 "2" 114 0.0034262853358731 5
-0.796944229036892 0.601176277068191 "3" 114 0.0034262853358731 5
1.39757700946231 0.736868461890188 "1" 114 0.0034262853358731 5
-0.454707056014298 -1.69955919119113 "2" 114 0.0034262853358731 5
-0.649617081126251 1.38505707806416 "1" 73 0.00492205822550522 6
-0.476959499630267 1.43568618997334 "1" 73 0.00492205822550522 6
-1.19440836441609 -1.38203011671206 "2" 73 0.00492205822550522 6
1.42809599794935 -0.0243986644297478 "3" 73 0.00492205822550522 6
-0.810351888498879 -0.498192131811887 "2" 73 0.00492205822550522 6
-0.818453647692412 1.05108124506024 "1" 73 0.00492205822550522 6
-0.608825653046587 -1.34208472039969 "2" 73 0.00492205822550522 6
1.72626721621512 -0.729401531760943 "3" 73 0.00492205822550522 6
1.75793086426312 -0.368718080839421 "3" 73 0.00492205822550522 6
-1.24360097383707 -0.793812911568322 "2" 73 0.00492205822550522 6
1.33423132368277 -0.296743680110708 "3" 73 0.00492205822550522 6
-0.844173010396796 -0.704795208560779 "2" 73 0.00492205822550522 6
1.48664988333946 0.50280429150644 "3" 73 0.00492205822550522 6
-0.377466899322013 1.4075822635649 "1" 73 0.00492205822550522 6
-0.953532386273554 1.00368415756532 "1" 73 0.00492205822550522 6
-0.665557124593077 0.918207915335261 "1" 73 0.00492205822550522 6
1.0633965033134 -0.188745312639848 "3" 73 0.00492205822550522 6
-1.05551444290014 -0.720737298813591 "2" 73 0.00492205822550522 6
-0.915179869330596 -1.13258214536802 "2" 73 0.00492205822550522 6
1.18219005578503 0.608215359012018 "3" 73 0.00492205822550522 6
-1.07066180778032 -0.777323416727501 "2" 73 0.00492205822550522 6
-0.380652328439837 0.993869596332399 "1" 73 0.00492205822550522 6
1.68955984725103 -0.425807181810219 "3" 73 0.00492205822550522 6
-0.800484641330656 1.49290601214801 "1" 73 0.00492205822550522 6
-0.427749995131567 0.953947671162234 "1" 73 0.00492205822550522 6
-0.787254645152768 -1.18965771505923 "2" 73 0.00492205822550522 6
-0.103886672984242 1.14175187620587 "1" 73 0.00492205822550522 6
1.74076193705439 -0.615525109956871 "3" 73 0.00492205822550522 6
1.84592848706882 -0.936081274420264 "3" 73 0.00492205822550522 6
-1.07068118403937 -0.768157154941079 "2" 73 0.00492205822550522 6
-0.836358142859058 -0.593246505222603 "3" 138 0.00495242162843617 7
-0.641540787579928 0.807615233398687 "1" 138 0.00495242162843617 7
-0.251515981279497 -1.10390382557343 "3" 138 0.00495242162843617 7
1.41695828483517 0.140024976050989 "2" 138 0.00495242162843617 7
-1.02398914044437 0.555007266818611 "1" 138 0.00495242162843617 7
-0.517984129765549 -1.48214774623965 "3" 138 0.00495242162843617 7
-1.15050672189462 1.19427818433646 "1" 138 0.00495242162843617 7
-0.827234139200011 0.900133101342293 "1" 138 0.00495242162843617 7
-0.537507355686229 -1.09233451989554 "3" 138 0.00495242162843617 7
-0.374406128980397 -1.23516101762189 "3" 138 0.00495242162843617 7
1.84083271145149 0.419798895061507 "2" 138 0.00495242162843617 7
-0.921805266607839 1.21334162489142 "1" 138 0.00495242162843617 7
1.54113056917164 0.687886959395503 "2" 138 0.00495242162843617 7
1.22632333277473 -0.124554093680613 "2" 138 0.00495242162843617 7
-0.335526635681233 -0.813266374459928 "3" 138 0.00495242162843617 7
1.18049591772484 0.0500779359462675 "2" 138 0.00495242162843617 7
-0.563198767718352 1.69614273395567 "1" 138 0.00495242162843617 7
1.14119584277942 -0.25436763062201 "2" 138 0.00495242162843617 7
-1.16118001598795 0.399748494826022 "1" 138 0.00495242162843617 7
-0.520525579274358 -1.62150058021435 "3" 138 0.00495242162843617 7
-0.542420857205841 -1.11107597832983 "3" 138 0.00495242162843617 7
-0.599641077890115 -0.86232293787072 "3" 138 0.00495242162843617 7
1.5891965279737 0.740260409998938 "2" 138 0.00495242162843617 7
-0.545876405443702 0.934885807218424 "1" 138 0.00495242162843617 7
1.27781709612699 -0.218509491460518 "2" 138 0.00495242162843617 7
-0.280558112657061 -0.851870768599219 "3" 138 0.00495242162843617 7
1.03197651570628 -0.208770524529899 "2" 138 0.00495242162843617 7
-1.12200654470131 0.778987212073696 "1" 138 0.00495242162843617 7
1.28152323427185 -0.00317112769416484 "2" 138 0.00495242162843617 7
-0.773668241958714 1.05801428669989 "1" 138 0.00495242162843617 7
-0.731772269889599 -1.52975077091225 "3" 81 0.00513201234840335 8
-1.0026727371723 -1.12201468457846 "3" 81 0.00513201234840335 8
-0.786928095782262 -0.931146451967993 "3" 81 0.00513201234840335 8
1.48814436522475 -0.600988311601747 "2" 81 0.00513201234840335 8
-0.596313958405386 1.40965807833855 "1" 81 0.00513201234840335 8
1.35669323630606 0.62034175993446 "2" 81 0.00513201234840335 8
-0.771773005685057 -1.50153029118387 "3" 81 0.00513201234840335 8
-0.850497633308385 -1.20091874367971 "3" 81 0.00513201234840335 8
-1.02211369037733 -1.2805971978645 "3" 81 0.00513201234840335 8
-0.958850157399212 0.955074147280254 "1" 81 0.00513201234840335 8
1.74335675323723 0.012770659837804 "2" 81 0.00513201234840335 8
-0.437464946894144 0.707477183960797 "1" 81 0.00513201234840335 8
1.22553567766366 -0.574259272539394 "2" 81 0.00513201234840335 8
1.12645439482881 -0.40165130092389 "2" 81 0.00513201234840335 8
-0.478409512837628 1.47520151517417 "1" 81 0.00513201234840335 8
-0.992488737016829 -0.809781258062538 "3" 81 0.00513201234840335 8
1.76872066003419 -0.622556742112726 "2" 81 0.00513201234840335 8
-0.698645870266751 1.38622967956939 "1" 81 0.00513201234840335 8
1.24814381248359 -0.0883833082633848 "2" 81 0.00513201234840335 8
1.37536906289241 -0.795898694263326 "2" 81 0.00513201234840335 8
-1.03843163234502 -1.08710740444007 "3" 81 0.00513201234840335 8
0.00525130398254152 2.14140305796176 "1" 81 0.00513201234840335 8
-0.575264987454385 1.89300314762459 "1" 81 0.00513201234840335 8
-0.547776259736237 1.46482981738219 "1" 81 0.00513201234840335 8
-0.555434126620002 -1.19636423099819 "3" 81 0.00513201234840335 8
-0.201267677946581 0.84297783079265 "1" 81 0.00513201234840335 8
1.61524814972264 0.378371522532982 "2" 81 0.00513201234840335 8
-1.31404704831347 -1.15977333732696 "3" 81 0.00513201234840335 8
1.25403578536531 0.0219511521163719 "2" 81 0.00513201234840335 8
-0.646800854290616 1.59343244821305 "1" 81 0.00513201234840335 8
1.26293790695593 -1.30398175575002 "1" 90 0.00518506502535978 9
-0.992389876828014 -0.0954535954935999 "2" 90 0.00518506502535978 9
-1.16877627114452 0.0489641494302592 "2" 90 0.00518506502535978 9
0.800556785104783 -0.819759008008405 "1" 90 0.00518506502535978 9
0.147560584476234 0.77981879995525 "3" 90 0.00518506502535978 9
-1.46293589625685 0.049026081008134 "2" 90 0.00518506502535978 9
0.41216193583877 0.676932889927339 "3" 90 0.00518506502535978 9
0.860939094229814 -0.361472080851204 "1" 90 0.00518506502535978 9
-1.1039658105993 -0.720038973253948 "2" 90 0.00518506502535978 9
1.24310231261339 -0.524404360870925 "1" 90 0.00518506502535978 9
1.11215357658639 -1.0336714626549 "1" 90 0.00518506502535978 9
1.31035447009256 -1.57266694937874 "1" 90 0.00518506502535978 9
-0.00796930191873758 1.21599690739799 "3" 90 0.00518506502535978 9
-0.169338363434397 1.14184936651249 "3" 90 0.00518506502535978 9
-0.126500745822898 1.89609329641628 "3" 90 0.00518506502535978 9
1.28565278526291 -1.04122863051283 "1" 90 0.00518506502535978 9
-0.798393239829609 -0.0259810872697775 "2" 90 0.00518506502535978 9
-0.185533971677223 1.06921726449336 "3" 90 0.00518506502535978 9
-0.307476771313765 1.07338518366957 "3" 90 0.00518506502535978 9
-0.899871565115003 -0.333591734943604 "2" 90 0.00518506502535978 9
-0.31268601800643 1.0450891624948 "3" 90 0.00518506502535978 9
0.0874021962521817 1.29397128358231 "3" 90 0.00518506502535978 9
-0.917081937210883 -0.727935457610537 "2" 90 0.00518506502535978 9
-1.25441790631781 0.0526308411374272 "2" 90 0.00518506502535978 9
-0.988269722480425 -0.535057312888014 "2" 90 0.00518506502535978 9
-0.981145732621046 -0.243134684007972 "2" 90 0.00518506502535978 9
-0.190518865265396 1.2096076029281 "3" 90 0.00518506502535978 9
1.26459944216325 -1.0682285356163 "1" 90 0.00518506502535978 9
1.0028513385897 -0.704700985130415 "1" 90 0.00518506502535978 9
1.07699956767641 -0.44127621471213 "1" 90 0.00518506502535978 9
-1.06973579297349 -0.192074788184461 "1" 91 0.00630851629499667 10
0.697036701465302 1.68238598910458 "2" 91 0.00630851629499667 10
1.17653881132891 0.856960263795958 "2" 91 0.00630851629499667 10
-1.25794725761928 -0.125274321218076 "1" 91 0.00630851629499667 10
1.11200852748614 1.30563804619655 "2" 91 0.00630851629499667 10
-1.95410389974591 -0.202866283177204 "1" 91 0.00630851629499667 10
0.0981839160759544 -0.696292018839782 "3" 91 0.00630851629499667 10
0.388187790620472 1.70727678103503 "2" 91 0.00630851629499667 10
0.941792129955673 -1.67659382552891 "3" 91 0.00630851629499667 10
-1.09114253941655 -0.417390624874235 "1" 91 0.00630851629499667 10
0.823386221645531 -1.64698429880292 "3" 91 0.00630851629499667 10
-1.54056552756119 0.593893322710877 "1" 91 0.00630851629499667 10
1.18235944745961 1.30849014576129 "2" 91 0.00630851629499667 10
0.221146557384687 -0.840069765984921 "3" 91 0.00630851629499667 10
0.94039922886756 1.30396928102899 "2" 91 0.00630851629499667 10
0.550724636154906 1.27458027009527 "2" 91 0.00630851629499667 10
-0.806084668198484 -0.837687993573009 "1" 91 0.00630851629499667 10
0.598662563090495 -1.10474686182967 "3" 91 0.00630851629499667 10
0.319686211889281 -1.48623432342839 "3" 91 0.00630851629499667 10
-1.36051620677242 -0.262228308306584 "1" 91 0.00630851629499667 10
1.2939513438229 0.894950784116338 "2" 91 0.00630851629499667 10
-1.99975032105922 0.155935970293838 "1" 91 0.00630851629499667 10
1.20488490422487 1.46274666655409 "2" 91 0.00630851629499667 10
0.910514532460937 1.30012119819419 "2" 91 0.00630851629499667 10
0.237151857319628 -0.641382588514686 "3" 91 0.00630851629499667 10
0.732098721418695 -0.899272587832073 "3" 91 0.00630851629499667 10
0.358582484882356 -0.790296247050431 "3" 91 0.00630851629499667 10
-1.75274784006688 0.218885813842796 "1" 91 0.00630851629499667 10
0.441734368099235 -1.75435778642629 "3" 91 0.00630851629499667 10
-1.39643690223971 -0.492081909158161 "1" 91 0.00630851629499667 10
-0.728862402768666 0.82099825842352 "3" 92 0.00659583501219488 11
-0.827281381650643 -0.904330812004846 "1" 92 0.00659583501219488 11
-0.625640744140965 -0.887760368827799 "1" 92 0.00659583501219488 11
-0.983264909117519 0.638261388528745 "3" 92 0.00659583501219488 11
-0.0660757598847223 -1.31663634083855 "1" 92 0.00659583501219488 11
1.65212297685165 0.702106338836585 "2" 92 0.00659583501219488 11
-1.11428883194793 1.0842477924379 "3" 92 0.00659583501219488 11
1.27409708114808 0.304567449784618 "2" 92 0.00659583501219488 11
-1.28585718118693 0.911821323768214 "3" 92 0.00659583501219488 11
1.68268619546689 0.291659311781604 "2" 92 0.00659583501219488 11
1.79040411310275 0.0359068933365616 "2" 92 0.00659583501219488 11
-1.38859708399011 0.672373010324701 "3" 92 0.00659583501219488 11
2.06044914911841 -0.290957019481959 "2" 92 0.00659583501219488 11
1.15326056918581 -0.00608252721299488 "2" 92 0.00659583501219488 11
-1.47604849425701 1.02912643716377 "3" 92 0.00659583501219488 11
-1.15935142891062 1.61241002935879 "3" 92 0.00659583501219488 11
-0.472817682454069 -0.709581912077765 "1" 92 0.00659583501219488 11
-0.663755959156057 1.19616992889847 "3" 92 0.00659583501219488 11
1.56075908759483 0.411650936526727 "2" 92 0.00659583501219488 11
-0.233749938283773 -1.01181452411344 "1" 92 0.00659583501219488 11
-1.180612716877 0.494425219372944 "3" 92 0.00659583501219488 11
1.74167262802083 -0.0586696224910642 "2" 92 0.00659583501219488 11
2.12447762099768 0.0374337748860806 "2" 92 0.00659583501219488 11
-0.670517529567035 -1.22418179926538 "1" 92 0.00659583501219488 11
-0.272119619248552 -1.10909395130177 "1" 92 0.00659583501219488 11
1.29537838754367 -0.582723241047633 "2" 92 0.00659583501219488 11
-0.554160818638155 -1.72872027360483 "1" 92 0.00659583501219488 11
-0.490288599064199 -1.2729275679952 "1" 92 0.00659583501219488 11
-0.841376126117423 -0.678536286001602 "1" 92 0.00659583501219488 11
-1.30064060176923 1.53885815283562 "3" 92 0.00659583501219488 11
1.1093314035696 0.526410014262533 "2" 100 0.00660425097390102 12
-0.825242368509709 1.02032242722668 "1" 100 0.00660425097390102 12
-0.283278723658363 -1.60073552500478 "3" 100 0.00660425097390102 12
-1.37690709980068 0.924675835914511 "1" 100 0.00660425097390102 12
-0.534029947876622 -0.655546835317553 "3" 100 0.00660425097390102 12
-0.834180158315971 0.590547976529396 "1" 100 0.00660425097390102 12
1.42644332638296 0.131703363856503 "2" 100 0.00660425097390102 12
1.5570298928678 -0.545518090098671 "2" 100 0.00660425097390102 12
-1.51180825086832 1.03089529104566 "1" 100 0.00660425097390102 12
1.6791725852436 0.677222711175489 "2" 100 0.00660425097390102 12
1.31532837836368 -0.148019718329211 "2" 100 0.00660425097390102 12
-0.417032958326518 -1.20865272509051 "3" 100 0.00660425097390102 12
-0.656981778741342 -1.1326478317095 "3" 100 0.00660425097390102 12
-0.911437923249014 0.899052206053402 "1" 100 0.00660425097390102 12
-1.30041952175756 0.914853550524223 "1" 100 0.00660425097390102 12
-1.09487017096612 0.98025116106439 "1" 100 0.00660425097390102 12
-0.162319314601281 -0.218635829105594 "3" 100 0.00660425097390102 12
1.25347272096366 1.07466006483102 "2" 100 0.00660425097390102 12
-1.30487679838279 1.33874751433113 "1" 100 0.00660425097390102 12
-0.167575524433198 -0.685444370379508 "3" 100 0.00660425097390102 12
1.14017076707808 0.121430406983949 "2" 100 0.00660425097390102 12
1.21674779940175 0.104961857290733 "2" 100 0.00660425097390102 12
-0.158387724799869 -1.25349701322416 "3" 100 0.00660425097390102 12
-0.15521483988729 -1.81149173554448 "3" 100 0.00660425097390102 12
-0.141703934107689 -1.46431083280301 "3" 100 0.00660425097390102 12
-0.727679966082797 0.794438936809023 "1" 100 0.00660425097390102 12
1.48739384567919 -0.0683040311006408 "2" 100 0.00660425097390102 12
-0.0336077282913043 -1.52772315197253 "3" 100 0.00660425097390102 12
-0.948410884912173 0.783638234814095 "1" 100 0.00660425097390102 12
1.3608748980183 0.406716136967412 "2" 100 0.00660425097390102 12
0.405731043983525 -0.918303820104948 "3" 94 0.00662279366468671 13
0.501223144244472 1.23773125441811 "2" 94 0.00662279366468671 13
0.163143352053714 -1.25863099736985 "3" 94 0.00662279366468671 13
0.749788143834824 -1.34551459806589 "3" 94 0.00662279366468671 13
0.642194349069222 0.905574295947749 "2" 94 0.00662279366468671 13
0.489777542564299 1.2087173627907 "2" 94 0.00662279366468671 13
0.456006333937467 -1.41566687781455 "3" 94 0.00662279366468671 13
-0.987733652979008 0.0515176474447713 "1" 94 0.00662279366468671 13
0.428898495422871 -1.21429989222146 "3" 94 0.00662279366468671 13
0.118527378584723 -1.28049445284943 "3" 94 0.00662279366468671 13
1.52059200046263 1.24774586876842 "2" 94 0.00662279366468671 13
0.769470105540371 -0.964463667499654 "3" 94 0.00662279366468671 13
0.939973483395538 1.60417802751908 "2" 94 0.00662279366468671 13
-1.07517256057611 0.268417853473887 "1" 94 0.00662279366468671 13
1.02799828450345 -1.11629984574186 "3" 94 0.00662279366468671 13
-1.65020439069478 -0.397178767451929 "1" 94 0.00662279366468671 13
0.622717645197588 0.860016129295587 "2" 94 0.00662279366468671 13
-1.00715221662851 0.377238999481557 "1" 94 0.00662279366468671 13
1.18805787406061 0.910607327462079 "2" 94 0.00662279366468671 13
-0.82208391963924 -0.184889321241686 "1" 94 0.00662279366468671 13
-1.76669444840067 -0.289617494244585 "1" 94 0.00662279366468671 13
0.891752252080263 1.2740375926347 "2" 94 0.00662279366468671 13
-2.26978515938278 0.261885431833492 "1" 94 0.00662279366468671 13
-0.837382698429635 -0.0645849006198763 "1" 94 0.00662279366468671 13
1.13481536324492 1.26886321474126 "2" 94 0.00662279366468671 13
-1.08289951988548 0.380670546502865 "1" 94 0.00662279366468671 13
-0.0533205282259124 -1.11209049688103 "3" 94 0.00662279366468671 13
-1.47451589255861 0.0448713866760112 "1" 94 0.00662279366468671 13
0.125040866137454 -1.5326026426391 "3" 94 0.00662279366468671 13
0.851237329082801 1.19256483575559 "2" 94 0.00662279366468671 13
0.462744517881857 1.2896896900149 "3" 143 0.00664916661349136 14
0.92617845746499 1.25591742810537 "3" 143 0.00664916661349136 14
0.178438170451706 -1.61685385681938 "1" 143 0.00664916661349136 14
0.440656445187979 1.1784396302235 "3" 143 0.00664916661349136 14
-0.109406361690348 -1.40420896543472 "1" 143 0.00664916661349136 14
-0.116755454913852 -2.05962227474834 "1" 143 0.00664916661349136 14
0.648096496000082 1.12130087255497 "3" 143 0.00664916661349136 14
-0.699116502549725 0.497509277705211 "2" 143 0.00664916661349136 14
1.1462937863317 -1.64573046887366 "1" 143 0.00664916661349136 14
0.668515167144546 1.23311658748011 "3" 143 0.00664916661349136 14
-0.984624943089882 0.171019771692974 "2" 143 0.00664916661349136 14
-0.717927586630184 0.176714465562904 "2" 143 0.00664916661349136 14
0.349140730702962 -1.26960329441272 "1" 143 0.00664916661349136 14
1.07328318822451 -1.5946988553484 "1" 143 0.00664916661349136 14
0.92180126181073 1.18255451963594 "3" 143 0.00664916661349136 14
1.00877241115876 -1.44833029128816 "1" 143 0.00664916661349136 14
-1.16143156337287 0.573828491722529 "2" 143 0.00664916661349136 14
0.338811908995847 -1.33749343607153 "1" 143 0.00664916661349136 14
0.523579233197564 1.42395235436673 "3" 143 0.00664916661349136 14
0.301139300676629 -0.662497537893788 "1" 143 0.00664916661349136 14
-1.54269865859681 0.390429024921456 "2" 143 0.00664916661349136 14
-0.720377359287287 0.223295314502957 "2" 143 0.00664916661349136 14
0.179373169790873 1.07190808283687 "3" 143 0.00664916661349136 14
-1.26907074286365 0.16778006005101 "2" 143 0.00664916661349136 14
-1.41595106511682 0.219539758639682 "2" 143 0.00664916661349136 14
-0.826583422386461 0.0618204261327346 "2" 143 0.00664916661349136 14
-1.44339498882718 0.0668551231019384 "2" 143 0.00664916661349136 14
0.747163868873868 1.21299338386207 "3" 143 0.00664916661349136 14
0.562815253200477 0.988543739757019 "3" 143 0.00664916661349136 14
0.530535282229988 -1.46816902198017 "1" 143 0.00664916661349136 14
-0.133498692105573 0.857616699196886 "2" 137 0.00678904082514286 15
1.12116079167377 -0.59151501247385 "1" 137 0.00678904082514286 15
-1.87499727728038 -0.778884264024284 "3" 137 0.00678904082514286 15
-1.3972575761967 -0.646161267228612 "3" 137 0.00678904082514286 15
-0.0639928367084892 1.2565680170179 "2" 137 0.00678904082514286 15
1.38423107506453 -0.631973527567718 "1" 137 0.00678904082514286 15
0.0598813730928806 1.2950110608212 "2" 137 0.00678904082514286 15
1.73813607041933 -0.205991527186269 "1" 137 0.00678904082514286 15
1.25967440907358 -1.21786068391636 "1" 137 0.00678904082514286 15
1.00049519513922 -1.24228550869979 "1" 137 0.00678904082514286 15
-1.22612509630619 -0.214425705283548 "3" 137 0.00678904082514286 15
-0.553490040031299 1.6071480926106 "2" 137 0.00678904082514286 15
1.25739651861021 -1.36549395317823 "1" 137 0.00678904082514286 15
-1.37491258035381 -0.344889268387067 "3" 137 0.00678904082514286 15
0.478484882378543 1.95558367726465 "2" 137 0.00678904082514286 15
-1.05470849411707 -0.813306436685712 "3" 137 0.00678904082514286 15
-0.106988540499766 0.643378716199948 "2" 137 0.00678904082514286 15
1.16437071970096 -0.955752640871043 "1" 137 0.00678904082514286 15
-1.15735912308015 -0.227534864118935 "3" 137 0.00678904082514286 15
1.01817090869372 -0.919380098828218 "1" 137 0.00678904082514286 15
-1.20937470929722 -0.771399117734014 "3" 137 0.00678904082514286 15
0.579691574870723 1.31416371419902 "2" 137 0.00678904082514286 15
0.0655576969262958 1.02552734826575 "2" 137 0.00678904082514286 15
0.801177068551145 2.02273762314731 "2" 137 0.00678904082514286 15
0.805702512483537 -0.848196009752801 "1" 137 0.00678904082514286 15
-1.63894070018547 -0.919658998614604 "3" 137 0.00678904082514286 15
1.416931853994 -0.718568840914197 "1" 137 0.00678904082514286 15
-1.29664252059264 -0.613065447511747 "3" 137 0.00678904082514286 15
-1.50034073225816 -0.338627387005564 "3" 137 0.00678904082514286 15
0.437566268340492 2.3872356112593 "2" 137 0.00678904082514286 15
0.567632011649955 -0.726737222721074 "2" 130 0.00698792615896269 16
-1.42954834919817 -0.654323841687277 "3" 130 0.00698792615896269 16
0.733817022286474 -0.193649568996728 "2" 130 0.00698792615896269 16
-1.59160887553947 -0.010456126759689 "3" 130 0.00698792615896269 16
-1.17219312254915 -0.509587239944144 "3" 130 0.00698792615896269 16
0.745045859263347 -0.518876240210791 "2" 130 0.00698792615896269 16
0.789887736598536 0.797905497530323 "1" 130 0.00698792615896269 16
0.900250888767564 -1.16086415139732 "2" 130 0.00698792615896269 16
-1.82923511984656 -0.148104453165671 "3" 130 0.00698792615896269 16
1.32915650837885 -0.798232943544891 "2" 130 0.00698792615896269 16
0.344289227668704 1.48647437373281 "1" 130 0.00698792615896269 16
-1.22450366272168 -0.524558685597242 "3" 130 0.00698792615896269 16
1.33677679593051 -1.36935858672993 "2" 130 0.00698792615896269 16
0.407866440106984 1.25349609344573 "1" 130 0.00698792615896269 16
0.721595828531689 -1.32192740263077 "2" 130 0.00698792615896269 16
0.961966407554786 -1.57390241933396 "2" 130 0.00698792615896269 16
-1.34307979844334 0.352797718592611 "3" 130 0.00698792615896269 16
-1.25413064104249 -0.303652659450307 "3" 130 0.00698792615896269 16
0.232111418496278 1.29594018059929 "1" 130 0.00698792615896269 16
1.06518172880567 0.657474472318997 "1" 130 0.00698792615896269 16
0.823774469758743 -1.19881248423786 "2" 130 0.00698792615896269 16
0.194014427831053 1.8074449736265 "1" 130 0.00698792615896269 16
0.318429304109912 1.99983701143407 "1" 130 0.00698792615896269 16
0.675252983984444 0.820881518523092 "1" 130 0.00698792615896269 16
-1.18364847352148 -0.367044443952963 "3" 130 0.00698792615896269 16
0.552755721626629 0.327562987440737 "1" 130 0.00698792615896269 16
0.978833934282955 -1.29882911224652 "2" 130 0.00698792615896269 16
0.223960865733225 1.61820856410963 "1" 130 0.00698792615896269 16
-1.5728849976704 0.0654041521425176 "3" 130 0.00698792615896269 16
-1.30176654083357 0.195490039110818 "3" 130 0.00698792615896269 16
1.48410696220602 -0.54666982539791 "2" 86 0.0074586419000327 17
-0.500308228042503 1.82119417762443 "3" 86 0.0074586419000327 17
-1.01740508251608 -1.29243567140171 "1" 86 0.0074586419000327 17
1.3340044789422 -0.110271515327864 "2" 86 0.0074586419000327 17
-0.422926194112668 1.1610836268734 "3" 86 0.0074586419000327 17
-0.92468306120615 -1.66905644771874 "1" 86 0.0074586419000327 17
1.47330065277478 -1.17564417918084 "2" 86 0.0074586419000327 17
1.32959171000723 0.281325770488315 "2" 86 0.0074586419000327 17
1.16043147216036 -0.35652991066201 "2" 86 0.0074586419000327 17
-0.404837878598693 2.03541998338838 "3" 86 0.0074586419000327 17
1.075445951733 -0.0949299967121447 "2" 86 0.0074586419000327 17
-1.0652192877984 -0.890493329010306 "1" 86 0.0074586419000327 17
-1.35516561836591 -0.838506005810357 "1" 86 0.0074586419000327 17
1.45934335634487 0.41364859857479 "2" 86 0.0074586419000327 17
-0.580111221545961 2.20803094567269 "3" 86 0.0074586419000327 17
-0.345895860860051 0.850723411475718 "3" 86 0.0074586419000327 17
1.77949963748871 -0.167193486704957 "2" 86 0.0074586419000327 17
-0.770696335237715 -0.879331340427427 "1" 86 0.0074586419000327 17
-0.1133304791052 1.09224567040898 "3" 86 0.0074586419000327 17
-0.642068434001192 -0.958719134476912 "1" 86 0.0074586419000327 17
0.875369395630369 -0.202671304508348 "2" 86 0.0074586419000327 17
-0.799301473377785 0.883726729011175 "3" 86 0.0074586419000327 17
-0.406344507184175 1.28559373014381 "3" 86 0.0074586419000327 17
-1.13495796444783 -0.939686268434042 "1" 86 0.0074586419000327 17
-0.129433564981454 0.938507228075292 "3" 86 0.0074586419000327 17
-1.06057755267966 -0.788438138819266 "1" 86 0.0074586419000327 17
-0.288981047503414 0.818188101121242 "3" 86 0.0074586419000327 17
-0.705078091634731 -1.10799412741549 "1" 86 0.0074586419000327 17
-0.513009920495006 -1.79563436565079 "1" 86 0.0074586419000327 17
1.20923818640703 0.0245170748008981 "2" 86 0.0074586419000327 17
0.58405385633605 0.961553946230313 "3" 99 0.00756031355653543 18
1.42109590222049 1.68690317830316 "3" 99 0.00756031355653543 18
0.908803383100301 -1.2374846208064 "1" 99 0.00756031355653543 18
1.58460415266935 0.944717377930105 "3" 99 0.00756031355653543 18
0.929861983656166 0.518266764312527 "3" 99 0.00756031355653543 18
-1.14184280681388 -0.176020626104505 "2" 99 0.00756031355653543 18
0.580635530485018 -1.51789713181592 "1" 99 0.00756031355653543 18
-1.3511214312968 0.535972798851457 "2" 99 0.00756031355653543 18
0.878620056391187 -1.61311002113541 "1" 99 0.00756031355653543 18
1.13180483638156 1.18560958840414 "3" 99 0.00756031355653543 18
0.824875206760225 1.18411148868847 "3" 99 0.00756031355653543 18
-2.11815541136465 -0.270044312134281 "2" 99 0.00756031355653543 18
1.10736790500442 1.16657954467828 "3" 99 0.00756031355653543 18
0.710848047805154 -0.976242373564719 "1" 99 0.00756031355653543 18
0.453364836372943 -1.32858236573496 "1" 99 0.00756031355653543 18
0.837336611502694 -1.04828214024253 "1" 99 0.00756031355653543 18
0.31089624020088 -1.08899031828387 "1" 99 0.00756031355653543 18
0.867705050401449 0.864786794589603 "3" 99 0.00756031355653543 18
1.08962617609556 -1.55050980472158 "1" 99 0.00756031355653543 18
-2.3987818216811 -0.226518965857666 "2" 99 0.00756031355653543 18
-2.05197299041731 -0.452038770319165 "2" 99 0.00756031355653543 18
0.884767175626854 2.24828362934662 "3" 99 0.00756031355653543 18
-2.2971463268453 -0.211278686485213 "2" 99 0.00756031355653543 18
0.849675282958672 -1.02043995652873 "1" 99 0.00756031355653543 18
-1.65121402830848 0.334259292964343 "2" 99 0.00756031355653543 18
0.402565192474444 -0.43226227102726 "1" 99 0.00756031355653543 18
-1.52344445402509 -0.187385320201277 "2" 99 0.00756031355653543 18
1.33174103738646 1.31702430329402 "3" 99 0.00756031355653543 18
-1.65900481511899 0.299415332257322 "2" 99 0.00756031355653543 18
-1.49756437795828 0.0896036451131105 "2" 99 0.00756031355653543 18
0.155210190907368 0.68533295791813 "3" 81 0.00788731539182117 19
-0.509224879339582 0.784180742029822 "1" 81 0.00788731539182117 19
-1.20552330734079 0.421899749954557 "1" 81 0.00788731539182117 19
0.555492222306838 -1.37145159857619 "2" 81 0.00788731539182117 19
-0.00722550279959783 0.594465692817334 "3" 81 0.00788731539182117 19
-1.45828274247746 0.0660701943674407 "1" 81 0.00788731539182117 19
0.364084358043596 -1.91894424296047 "2" 81 0.00788731539182117 19
1.56914080046164 -0.839615405428093 "2" 81 0.00788731539182117 19
0.516628726509744 -1.64738056986245 "2" 81 0.00788731539182117 19
0.724374933025205 -1.9109373913481 "2" 81 0.00788731539182117 19
1.17878347074974 1.66663198707374 "3" 81 0.00788731539182117 19
-1.5722456930203 0.384899460467837 "1" 81 0.00788731539182117 19
1.11921921796181 1.0947534658517 "3" 81 0.00788731539182117 19
-0.864327676936897 0.460596867633879 "1" 81 0.00788731539182117 19
0.354386244158267 -1.67393172565655 "2" 81 0.00788731539182117 19
0.195278664132741 -1.5428875078976 "2" 81 0.00788731539182117 19
0.603007359473678 0.509771415593352 "3" 81 0.00788731539182117 19
0.293225609509039 1.0039833654624 "3" 81 0.00788731539182117 19
-1.7412226631947 0.397215018302326 "1" 81 0.00788731539182117 19
0.0105896714432494 -1.47803785864216 "2" 81 0.00788731539182117 19
-1.99811249331007 -0.0214296153165072 "1" 81 0.00788731539182117 19
0.715890623405808 1.58513729927421 "3" 81 0.00788731539182117 19
0.687031246842709 0.977189831529007 "3" 81 0.00788731539182117 19
0.924315018829012 -1.14038391412928 "2" 81 0.00788731539182117 19
0.875180929751598 1.17999873481107 "3" 81 0.00788731539182117 19
-1.20632667355144 0.872367360507679 "1" 81 0.00788731539182117 19
0.784434496696431 -1.62789892046365 "2" 81 0.00788731539182117 19
1.07434299217009 1.07141168525348 "3" 81 0.00788731539182117 19
-1.29082283077282 0.550334365479693 "1" 81 0.00788731539182117 19
-0.847302313634897 0.866658555953396 "1" 81 0.00788731539182117 19
1.46362236063644 0.367865541155829 "1" 149 0.00898935303159754 20
1.22374441428492 -0.191802198308327 "1" 149 0.00898935303159754 20
1.2125728512464 -0.0462213110773792 "1" 149 0.00898935303159754 20
1.26122590066227 -0.301910985203204 "1" 149 0.00898935303159754 20
1.36038701745498 0.263777574402962 "1" 149 0.00898935303159754 20
0.555834581980436 -1.05859302920628 "1" 149 0.00898935303159754 20
1.23610017823599 -0.527577619242792 "1" 149 0.00898935303159754 20
1.68718305601112 0.0397087384142873 "1" 149 0.00898935303159754 20
1.52484963585595 0.153346749476403 "1" 149 0.00898935303159754 20
1.57475505842377 0.311429215480208 "1" 149 0.00898935303159754 20
-0.697206360350516 -1.17709168462797 "2" 149 0.00898935303159754 20
-0.678442301091467 -0.9559068080019 "2" 149 0.00898935303159754 20
-0.545408816553764 -0.903133028352227 "2" 149 0.00898935303159754 20
-0.219978245359023 -0.881595283367944 "2" 149 0.00898935303159754 20
-0.676290988485742 -1.36247919017121 "2" 149 0.00898935303159754 20
-0.369480648324098 -1.86793349528218 "2" 149 0.00898935303159754 20
-0.247573253618492 -0.891697984510449 "2" 149 0.00898935303159754 20
-0.181194735486887 -0.464657061402784 "2" 149 0.00898935303159754 20
-0.552534583806363 -1.51348128629856 "2" 149 0.00898935303159754 20
-0.420699431603467 -0.312446571784961 "2" 149 0.00898935303159754 20
-0.74725430820549 1.71642919202894 "3" 149 0.00898935303159754 20
-0.606465357510812 1.0631509662745 "3" 149 0.00898935303159754 20
-1.3822580399439 1.17404517667312 "3" 149 0.00898935303159754 20
-0.510394212417225 1.40823361495895 "3" 149 0.00898935303159754 20
-0.785936696513395 0.886996151660171 "3" 149 0.00898935303159754 20
-0.312205666298716 1.2244452991371 "3" 149 0.00898935303159754 20
-1.19944884341078 0.696609779718371 "3" 149 0.00898935303159754 20
-0.86166759349568 1.29925304271847 "3" 149 0.00898935303159754 20
-0.858485965383401 1.04556229994955 "3" 149 0.00898935303159754 20
-1.24734900693306 0.805674194789316 "3" 149 0.00898935303159754 20
