"X1" "X2" "cl" "nbases" "wilks.lambda" ".sample"
0.670671330941683 -0.350244613398224 "2" 53 0.239832303934188 1
-0.932024273075185 0.474416528446367 "1" 53 0.239832303934188 1
0.235354069834034 0.826302937226952 "3" 53 0.239832303934188 1
-0.747010819362448 0.0430840622928259 "3" 53 0.239832303934188 1
-1.20382772837599 -0.539425905813299 "1" 53 0.239832303934188 1
-0.296058071551733 0.668860935076696 "1" 53 0.239832303934188 1
-0.73677695705944 1.15623207250159 "3" 53 0.239832303934188 1
0.14553835199761 1.07576858230184 "3" 53 0.239832303934188 1
-0.0370401853842569 1.14664319795774 "3" 53 0.239832303934188 1
-1.07767737206008 -0.635701078419429 "1" 53 0.239832303934188 1
0.291832578960497 -0.4836660582959 "1" 53 0.239832303934188 1
0.630857141577842 0.00973315604908643 "2" 53 0.239832303934188 1
1.56606209236895 -0.476154936911173 "2" 53 0.239832303934188 1
0.739527935193063 -1.45997192310345 "2" 53 0.239832303934188 1
2.04941751698591 -1.17691370487099 "2" 53 0.239832303934188 1
0.658912647212629 -1.65743902020563 "2" 53 0.239832303934188 1
-0.861013994703471 -0.441780979639414 "1" 53 0.239832303934188 1
0.444815443663759 -0.419351548631685 "2" 53 0.239832303934188 1
0.266029366644582 -0.504121585236188 "2" 53 0.239832303934188 1
-0.45008898098087 -0.393847248875039 "1" 53 0.239832303934188 1
1.12553921348336 2.84831957978674 "3" 53 0.239832303934188 1
-0.170128980058087 -0.114992168308666 "3" 53 0.239832303934188 1
1.09214650075508 0.565665097311426 "2" 53 0.239832303934188 1
-0.32855873720632 1.39067790090934 "3" 53 0.239832303934188 1
-0.881706692653882 0.688025058514727 "1" 53 0.239832303934188 1
-1.08808746690006 0.728165418357527 "3" 53 0.239832303934188 1
-1.37823311863764 -1.26601416551851 "1" 53 0.239832303934188 1
0.65700512764612 -0.186130996598898 "1" 53 0.239832303934188 1
0.12761256521596 -1.23789392706219 "2" 53 0.239832303934188 1
-0.513088504471613 -0.278244665844181 "3" 53 0.239832303934188 1
1.09080587840257 -0.0275777220079372 "3" 47 0.273457302779635 2
-1.0972742200086 1.62308443238841 "2" 47 0.273457302779635 2
-0.0266946917212987 0.675125710747246 "2" 47 0.273457302779635 2
0.802649252858257 1.22677444372783 "1" 47 0.273457302779635 2
-1.3052124752167 -1.07532719224583 "1" 47 0.273457302779635 2
0.844255792809325 1.03931540242192 "2" 47 0.273457302779635 2
0.785038199839424 0.860985416578404 "1" 47 0.273457302779635 2
0.850631349138234 0.368608078839281 "3" 47 0.273457302779635 2
0.178142449229541 1.24011615379854 "2" 47 0.273457302779635 2
-0.664494691915619 0.797527301100306 "2" 47 0.273457302779635 2
0.52457151503191 -1.74437285344597 "3" 47 0.273457302779635 2
0.405731413361418 0.33726199152215 "2" 47 0.273457302779635 2
0.799207497293088 -2.03918678030207 "3" 47 0.273457302779635 2
0.137791073632885 -0.838238438326475 "3" 47 0.273457302779635 2
0.923884564848823 -1.46271044185717 "3" 47 0.273457302779635 2
-0.591968883947333 -0.862174985457464 "1" 47 0.273457302779635 2
0.385678642867615 0.0585395239546497 "2" 47 0.273457302779635 2
0.682392609237203 -0.54024340154644 "3" 47 0.273457302779635 2
0.683610170967873 -1.05657925236827 "3" 47 0.273457302779635 2
-0.450644396891625 -0.22571404752578 "1" 47 0.273457302779635 2
1.22285406968864 1.836607414642 "2" 47 0.273457302779635 2
-0.622398866574292 -0.487294265203699 "1" 47 0.273457302779635 2
-0.885344898769604 -0.00864771042304159 "1" 47 0.273457302779635 2
-0.643438786860295 1.7917450080333 "2" 47 0.273457302779635 2
-0.15944845805288 0.799641314041387 "2" 47 0.273457302779635 2
-1.41249987940273 0.869966528859233 "1" 47 0.273457302779635 2
-2.1216885737804 -0.726479720652235 "1" 47 0.273457302779635 2
-0.120422627908757 -0.145230350795524 "1" 47 0.273457302779635 2
0.461858261941904 -1.59676895357691 "3" 47 0.273457302779635 2
-0.677571290098577 -0.688752604919828 "3" 47 0.273457302779635 2
-0.690440212217073 1.09269640251024 "1" 34 0.275848334230804 3
1.14034683115583 -0.485477608504376 "3" 34 0.275848334230804 3
-1.49665669261981 0.714605162216902 "2" 34 0.275848334230804 3
0.722119013828668 2.21488337809086 "1" 34 0.275848334230804 3
-1.08140009438598 -0.0395552402832113 "2" 34 0.275848334230804 3
1.18252282802899 -0.157155434548444 "3" 34 0.275848334230804 3
-0.6900862445569 -0.377745862953542 "1" 34 0.275848334230804 3
-0.473306521587211 -0.415101468032641 "2" 34 0.275848334230804 3
0.219486583622425 -0.855417722779297 "1" 34 0.275848334230804 3
1.27988279914708 0.0471413537913938 "3" 34 0.275848334230804 3
-2.19126319391652 -1.1009221531785 "2" 34 0.275848334230804 3
-0.818434658619803 -0.916192343748381 "2" 34 0.275848334230804 3
-1.38667872845721 -1.0016416971735 "3" 34 0.275848334230804 3
-1.13913108500356 0.0370900988252048 "2" 34 0.275848334230804 3
0.80823414683281 -1.3990991414722 "3" 34 0.275848334230804 3
0.783015245672784 -2.44364311780539 "3" 34 0.275848334230804 3
-0.192728866395541 0.259686977268988 "2" 34 0.275848334230804 3
-0.0219549811438367 -1.20722229979796 "3" 34 0.275848334230804 3
0.180622519377281 -0.996945998221505 "3" 34 0.275848334230804 3
-0.591461948652566 -0.67301189042583 "2" 34 0.275848334230804 3
-0.986706537145129 0.806648979083168 "2" 34 0.275848334230804 3
0.309554488974808 0.121926296504737 "1" 34 0.275848334230804 3
-0.502969995287402 0.2932574238321 "2" 34 0.275848334230804 3
-1.01675339007068 1.28736751346113 "1" 34 0.275848334230804 3
1.48125710460052 2.4104099366113 "1" 34 0.275848334230804 3
0.747459819836304 -0.819876743214347 "3" 34 0.275848334230804 3
-0.344498886053394 0.88353480720408 "1" 34 0.275848334230804 3
1.61395131100111 0.917036315259482 "1" 34 0.275848334230804 3
1.7623241445284 1.88583556207774 "1" 34 0.275848334230804 3
1.39369519950561 -0.0831114845982049 "3" 34 0.275848334230804 3
-0.530337249184258 -1.13728253781936 "3" 30 0.289010501141338 4
-2.57319064341309 0.981082430625753 "3" 30 0.289010501141338 4
-0.965059545457998 -1.24806449526359 "3" 30 0.289010501141338 4
-0.59489176876025 0.78315202283262 "1" 30 0.289010501141338 4
-0.777407007099613 -1.93064610585623 "3" 30 0.289010501141338 4
-0.243819366168339 -1.05237904911594 "3" 30 0.289010501141338 4
-1.22660703229672 -0.683580039318991 "3" 30 0.289010501141338 4
-0.555359369602238 -0.38058442005061 "1" 30 0.289010501141338 4
-1.3615324088505 -0.348977792211227 "3" 30 0.289010501141338 4
-1.41286859661934 1.11992826905992 "1" 30 0.289010501141338 4
0.058788966029221 -0.860683377948188 "3" 30 0.289010501141338 4
0.0661055657543269 0.712470476161811 "1" 30 0.289010501141338 4
0.442210038746763 -0.104358672959239 "2" 30 0.289010501141338 4
-0.258608775851225 1.23776986976775 "1" 30 0.289010501141338 4
2.44808279197525 -0.190600771622387 "2" 30 0.289010501141338 4
-0.726380327784738 1.35320547616102 "1" 30 0.289010501141338 4
-0.0350545832599488 -0.105046499962364 "2" 30 0.289010501141338 4
0.722990483226542 -0.657786128634566 "2" 30 0.289010501141338 4
0.807944183340198 -0.107846011699114 "2" 30 0.289010501141338 4
-0.549001307825328 0.479935375436634 "3" 30 0.289010501141338 4
1.26332471914636 -0.11584629367963 "2" 30 0.289010501141338 4
1.05842656474366 -0.2613502450975 "1" 30 0.289010501141338 4
0.688351411540199 0.328961960942821 "2" 30 0.289010501141338 4
-0.0888816613472564 1.47741014724393 "1" 30 0.289010501141338 4
0.69932157320277 0.561094336621484 "2" 30 0.289010501141338 4
-0.934851568963834 0.107725436831298 "1" 30 0.289010501141338 4
0.631328616225862 -0.201671219737061 "2" 30 0.289010501141338 4
1.11089099114733 1.2076534357845 "1" 30 0.289010501141338 4
1.95885482350264 -0.64294619362307 "2" 30 0.289010501141338 4
0.877230483903552 -0.320739382870482 "3" 30 0.289010501141338 4
1.09783537535557 0.522724818164079 "1" 51 0.316582906867993 5
1.30167317572128 -0.0697985308975342 "3" 51 0.316582906867993 5
0.843712385970294 -0.31196086714578 "3" 51 0.316582906867993 5
0.827730721542629 2.11187346724565 "1" 51 0.316582906867993 5
-0.158799373424701 0.319244090225271 "1" 51 0.316582906867993 5
0.640065404728814 0.363304349723705 "3" 51 0.316582906867993 5
-0.651426581432975 0.952115300457717 "2" 51 0.316582906867993 5
0.316022064122979 0.524469218528998 "1" 51 0.316582906867993 5
0.221093300097943 -0.628274310460058 "1" 51 0.316582906867993 5
0.155111312775195 0.622113871992372 "1" 51 0.316582906867993 5
-1.91251709652997 -0.0481238700093885 "2" 51 0.316582906867993 5
-0.61186321747481 -0.956056929406586 "2" 51 0.316582906867993 5
0.130064804152958 -0.351876983439773 "3" 51 0.316582906867993 5
-0.187810070559818 -0.191364698033247 "2" 51 0.316582906867993 5
1.03708672607101 -1.54478125364163 "3" 51 0.316582906867993 5
0.0239472144646718 -1.54036371225051 "3" 51 0.316582906867993 5
-1.72730788648275 0.7991761815693 "2" 51 0.316582906867993 5
-0.901820665599837 -0.658510191290372 "3" 51 0.316582906867993 5
0.0201272959638245 0.420779275813673 "1" 51 0.316582906867993 5
-1.00056006182938 -0.127429209461154 "2" 51 0.316582906867993 5
-0.262715685907454 -0.69008156325075 "2" 51 0.316582906867993 5
-0.237056755418232 -0.248421917417036 "3" 51 0.316582906867993 5
0.786330731322351 -1.57329307567422 "3" 51 0.316582906867993 5
-0.942307326819777 -0.335150747328867 "3" 51 0.316582906867993 5
0.643084574900719 1.70202855267613 "1" 51 0.316582906867993 5
-0.971143868218409 -0.826892716713055 "2" 51 0.316582906867993 5
-0.931665648062487 -0.0862307419011726 "2" 51 0.316582906867993 5
1.35038087151419 0.127903735598141 "1" 51 0.316582906867993 5
1.1422155318321 1.56442099093116 "1" 51 0.316582906867993 5
-0.0394872527759122 0.158457465394941 "2" 51 0.316582906867993 5
-1.65163992869294 0.868086591498071 "1" 26 0.0126653243003255 6
-1.59007668000228 1.12404684913487 "1" 26 0.0126653243003255 6
-1.44852766767843 1.38412268140016 "1" 26 0.0126653243003255 6
-1.06240833199042 0.682442946729827 "1" 26 0.0126653243003255 6
-0.938660851939728 0.347305705770104 "1" 26 0.0126653243003255 6
-1.23565325313365 0.71837290606321 "1" 26 0.0126653243003255 6
-1.82925457580823 -0.0855963717491346 "1" 26 0.0126653243003255 6
-1.20356376838332 -0.126266933187726 "1" 26 0.0126653243003255 6
-0.726976755356066 0.363557810244775 "1" 26 0.0126653243003255 6
-1.04403027295942 0.631279347525246 "1" 26 0.0126653243003255 6
0.321652218769389 -2.31529345384673 "2" 26 0.0126653243003255 6
0.24837049486663 -1.65226737697963 "2" 26 0.0126653243003255 6
0.638173628845701 -1.94939763308375 "2" 26 0.0126653243003255 6
0.093793811476487 -1.58559969789475 "2" 26 0.0126653243003255 6
1.17797137216094 -1.6522209413833 "2" 26 0.0126653243003255 6
0.147807054614106 -1.70595485030398 "2" 26 0.0126653243003255 6
0.0179177901872396 -0.765834985064194 "2" 26 0.0126653243003255 6
0.225913617546156 -1.18606329574642 "2" 26 0.0126653243003255 6
-0.205485521230397 -1.61635988121407 "2" 26 0.0126653243003255 6
0.0850942521519432 -1.13072022777467 "2" 26 0.0126653243003255 6
0.668612220697904 1.3439406136966 "3" 26 0.0126653243003255 6
1.0008435676234 0.377552759270861 "3" 26 0.0126653243003255 6
1.31450323127774 1.28609079185966 "3" 26 0.0126653243003255 6
0.945880662694299 0.876815150686471 "3" 26 0.0126653243003255 6
0.778041262873102 1.98193261781543 "3" 26 0.0126653243003255 6
0.714602649352611 0.837950748180431 "3" 26 0.0126653243003255 6
0.946973215835846 0.527629825330461 "3" 26 0.0126653243003255 6
1.26831849831991 1.05352499097367 "3" 26 0.0126653243003255 6
1.2324426995544 0.827166707157694 "3" 26 0.0126653243003255 6
1.10936535832707 0.539756604890818 "3" 26 0.0126653243003255 6
-0.968979270711801 0.443054619072217 "1" 40 0.326130481021368 7
-0.431219870484942 -1.5733376610688 "3" 40 0.326130481021368 7
0.275126386958805 -0.297503095932491 "3" 40 0.326130481021368 7
-0.00698630288927485 -1.08440541673936 "3" 40 0.326130481021368 7
1.18026367483945 -0.840641355597872 "2" 40 0.326130481021368 7
-0.865221105309719 1.12862963067837 "1" 40 0.326130481021368 7
-0.575301139980831 1.13652842846184 "2" 40 0.326130481021368 7
-0.0525975279755385 0.264643681736759 "1" 40 0.326130481021368 7
-1.32779019240251 -0.306333542694375 "3" 40 0.326130481021368 7
-0.760430505305718 0.317917033195241 "3" 40 0.326130481021368 7
-0.318426843625447 0.378571368242122 "3" 40 0.326130481021368 7
0.391884123901714 0.339469281293131 "1" 40 0.326130481021368 7
-0.0449645951088677 -1.18570639449013 "3" 40 0.326130481021368 7
0.239928099582726 -0.582257128054587 "2" 40 0.326130481021368 7
0.79887948467853 1.08199625922466 "2" 40 0.326130481021368 7
-0.905748437310801 0.417011359207502 "1" 40 0.326130481021368 7
-0.828723947224723 1.25195110614827 "1" 40 0.326130481021368 7
-0.705036126482997 1.9372181856479 "1" 40 0.326130481021368 7
0.857964899482997 0.637868528057528 "2" 40 0.326130481021368 7
0.207555372101928 -0.145807786741142 "1" 40 0.326130481021368 7
0.0892800317298383 1.54052592766895 "1" 40 0.326130481021368 7
0.773079884473006 0.235109359742698 "2" 40 0.326130481021368 7
0.703544900137946 -0.832368965625054 "2" 40 0.326130481021368 7
0.842165126449921 -0.412025870493359 "2" 40 0.326130481021368 7
0.331780750369269 -1.29156567005866 "2" 40 0.326130481021368 7
-0.957955793430306 -0.22025368508992 "3" 40 0.326130481021368 7
2.04485334753834 -0.209968506805591 "2" 40 0.326130481021368 7
0.110201305188527 -0.937774894989133 "3" 40 0.326130481021368 7
-0.0922784752582015 -1.03347198020596 "3" 40 0.326130481021368 7
-0.00484725393132027 -0.157072813790767 "1" 40 0.326130481021368 7
-0.53199914010759 -0.140654471390804 "2" 33 0.330879823732497 8
1.83103719856074 -0.731543466845995 "1" 33 0.330879823732497 8
0.171079464588121 -1.20057288716242 "1" 33 0.330879823732497 8
0.496482556925412 -0.188434258239557 "1" 33 0.330879823732497 8
0.563851358731397 -2.28184041256183 "1" 33 0.330879823732497 8
-1.81366698718756 -0.456012140112607 "1" 33 0.330879823732497 8
-0.874001681136908 -0.988079269981634 "2" 33 0.330879823732497 8
-0.485239162387539 -0.824935171023974 "1" 33 0.330879823732497 8
-0.268274779155088 -0.738314806991588 "2" 33 0.330879823732497 8
0.88042413322557 0.772437281658971 "3" 33 0.330879823732497 8
-0.198958240184715 -0.734707690124218 "1" 33 0.330879823732497 8
0.142860763998904 0.18456975820015 "2" 33 0.330879823732497 8
0.629190717144557 -0.41735062222709 "1" 33 0.330879823732497 8
1.62888700481974 0.72086683678157 "3" 33 0.330879823732497 8
-1.40202704219665 1.02326589610067 "3" 33 0.330879823732497 8
1.08704318594814 1.30444894134309 "3" 33 0.330879823732497 8
-0.786340349775356 0.371465338650629 "3" 33 0.330879823732497 8
-1.60717690108028 0.535471690549212 "2" 33 0.330879823732497 8
-0.641689199046474 -0.267424773007595 "2" 33 0.330879823732497 8
0.761250953193723 -0.208644096145377 "3" 33 0.330879823732497 8
-1.84755800209056 0.750250027251824 "2" 33 0.330879823732497 8
-0.327182475736696 0.221324714794629 "2" 33 0.330879823732497 8
0.843469676741071 0.624873426016546 "3" 33 0.330879823732497 8
1.05173641646474 0.638073768590136 "3" 33 0.330879823732497 8
0.122656823131322 0.256618858673308 "3" 33 0.330879823732497 8
0.251531011399632 -0.0765755785256304 "1" 33 0.330879823732497 8
1.00436532827915 -0.156319956572134 "1" 33 0.330879823732497 8
0.498601862139315 1.40237039981768 "3" 33 0.330879823732497 8
-0.713999816647574 0.427034091801969 "2" 33 0.330879823732497 8
-0.466354678558541 0.178338570682081 "2" 33 0.330879823732497 8
-0.44261965843128 0.267535831001839 "1" 33 0.331327129954704 9
-1.04824056587662 0.344457272491758 "3" 33 0.331327129954704 9
-1.30125081085915 0.0407142034461308 "3" 33 0.331327129954704 9
1.46711315020956 1.69145808213335 "2" 33 0.331327129954704 9
-0.775340484285201 -0.360518705575787 "3" 33 0.331327129954704 9
0.178884119657324 -0.53999872723837 "1" 33 0.331327129954704 9
0.313299917231935 -0.563841872561636 "2" 33 0.331327129954704 9
0.249344492100175 -0.729524798216509 "1" 33 0.331327129954704 9
-0.956482150607771 -0.154733863129508 "2" 33 0.331327129954704 9
-0.142584743168803 0.5334653106354 "3" 33 0.331327129954704 9
0.49084594856578 -0.764752609995332 "1" 33 0.331327129954704 9
1.03764500299585 -0.763493671443136 "1" 33 0.331327129954704 9
0.243784047717787 -0.764393359331518 "3" 33 0.331327129954704 9
0.864414181695041 0.17906848477634 "2" 33 0.331327129954704 9
1.2466330300588 -2.07191087298573 "1" 33 0.331327129954704 9
-0.180098970934843 -1.27730340647368 "1" 33 0.331327129954704 9
0.916010331546136 0.452924261694963 "2" 33 0.331327129954704 9
0.492742390177223 -1.1977850837571 "3" 33 0.331327129954704 9
1.64533057510203 -1.46278292663216 "1" 33 0.331327129954704 9
0.424462233458236 -0.175828493583287 "1" 33 0.331327129954704 9
-0.550067252285505 0.0641180992787049 "3" 33 0.331327129954704 9
-0.222844866881484 -0.0583195688812953 "1" 33 0.331327129954704 9
-1.81909511146339 0.308152746198811 "3" 33 0.331327129954704 9
-0.285128266920315 1.44064275660715 "2" 33 0.331327129954704 9
0.128205772314503 2.11663244452576 "2" 33 0.331327129954704 9
-1.66143839750631 0.4865198501891 "3" 33 0.331327129954704 9
-0.17090565319969 0.591199362749469 "2" 33 0.331327129954704 9
-0.257280654019689 0.906334555473181 "2" 33 0.331327129954704 9
0.524036345578927 1.2846413390604 "2" 33 0.331327129954704 9
-0.409373951969257 0.177323359542683 "3" 33 0.331327129954704 9
0.398949660042796 2.00890160552951 "3" 38 0.334013235679557 10
-0.538526210039863 1.32957725480598 "3" 38 0.334013235679557 10
1.25190787427731 1.0481526333946 "3" 38 0.334013235679557 10
-0.302821685169877 1.58411951301904 "3" 38 0.334013235679557 10
2.01367616162468 0.0982986943384917 "2" 38 0.334013235679557 10
0.305513630832212 1.49197144565113 "3" 38 0.334013235679557 10
-0.114721825148976 0.703029156623067 "2" 38 0.334013235679557 10
-0.0722518626914388 -0.29738447957649 "1" 38 0.334013235679557 10
-0.502263037672466 0.626776497457976 "2" 38 0.334013235679557 10
-0.773573942191835 1.91037109064967 "3" 38 0.334013235679557 10
-0.490291499302409 -1.76365013904368 "1" 38 0.334013235679557 10
-1.06745326724109 -1.38362338390019 "1" 38 0.334013235679557 10
-0.764534709577923 -2.5373436977923 "1" 38 0.334013235679557 10
-1.27242961799923 -0.768119201486046 "2" 38 0.334013235679557 10
-0.235762310753257 -2.0633531179495 "1" 38 0.334013235679557 10
-1.95472440985971 -0.647223658393917 "1" 38 0.334013235679557 10
-0.540276105682754 0.7761562084963 "3" 38 0.334013235679557 10
-0.440617017047422 -0.298053963171449 "1" 38 0.334013235679557 10
-0.224521364418675 -1.57789329781688 "2" 38 0.334013235679557 10
-0.602469788794492 -0.727682785204798 "1" 38 0.334013235679557 10
0.44337891653322 -0.301188313696658 "2" 38 0.334013235679557 10
0.866903940958098 -0.466153955736099 "3" 38 0.334013235679557 10
0.728646653490292 -0.700495938629728 "2" 38 0.334013235679557 10
-0.111725453711925 -0.165703286201701 "1" 38 0.334013235679557 10
0.805979877893942 1.04118133479804 "3" 38 0.334013235679557 10
-0.0492078195483951 0.585376518481457 "3" 38 0.334013235679557 10
1.71418080320036 0.0341052217667737 "2" 38 0.334013235679557 10
-0.12412385571657 -0.0256367760431964 "1" 38 0.334013235679557 10
0.993109088930501 0.561272108414393 "2" 38 0.334013235679557 10
0.6600491747849 -0.0757832887837856 "2" 38 0.334013235679557 10
-0.317579402252517 1.47666832876454 "3" 50 0.339631810719101 11
-1.90138127920553 0.469483096696032 "1" 50 0.339631810719101 11
-1.47551065154709 1.46778882888588 "1" 50 0.339631810719101 11
0.850334920469181 0.75920963087772 "3" 50 0.339631810719101 11
-0.750477627537347 -0.799644854082706 "1" 50 0.339631810719101 11
-0.784551993232979 0.155797429776691 "1" 50 0.339631810719101 11
-0.30814917484983 0.703559963410705 "2" 50 0.339631810719101 11
-0.0837906174828449 1.10115907026946 "3" 50 0.339631810719101 11
-1.64078402733506 0.145373816277927 "1" 50 0.339631810719101 11
-0.397164803231179 -0.166193594549551 "1" 50 0.339631810719101 11
1.07312238770265 -0.451304216609269 "3" 50 0.339631810719101 11
0.402056752088905 0.719853603059911 "2" 50 0.339631810719101 11
1.1385678858073 0.546641515519229 "2" 50 0.339631810719101 11
1.20747551807419 0.902497833461724 "3" 50 0.339631810719101 11
1.11477915119912 0.438849779172375 "3" 50 0.339631810719101 11
-0.110170526890745 -0.171526079233125 "2" 50 0.339631810719101 11
0.800622868503743 -0.934229390499832 "2" 50 0.339631810719101 11
0.339951161628387 -0.395870434564498 "3" 50 0.339631810719101 11
1.39144760457148 0.223101143680361 "3" 50 0.339631810719101 11
0.302008937269285 -0.374025446587897 "1" 50 0.339631810719101 11
-0.554286291367059 1.47240325825452 "1" 50 0.339631810719101 11
0.126836276136007 -0.869608018920167 "2" 50 0.339631810719101 11
-0.996582235812332 0.432835148418514 "1" 50 0.339631810719101 11
-0.308817250694007 0.455189682621157 "3" 50 0.339631810719101 11
0.444795144045145 -0.763929699063163 "2" 50 0.339631810719101 11
-1.71058358116376 -1.78766019248229 "1" 50 0.339631810719101 11
0.15378889145106 -1.54781256342955 "2" 50 0.339631810719101 11
0.461636984532854 -0.101339827981001 "3" 50 0.339631810719101 11
1.49716413968407 -1.37070790961442 "2" 50 0.339631810719101 11
0.0352408394388985 -1.73655990152928 "2" 50 0.339631810719101 11
-1.28557497696943 -0.700842866405695 "3" 30 0.363408741827025 12
-0.736993310898099 -0.82364861917998 "3" 30 0.363408741827025 12
0.205566855537465 -1.67641305326072 "3" 30 0.363408741827025 12
-0.783417949835215 0.62329363050812 "1" 30 0.363408741827025 12
0.885870643605365 -1.22911500414385 "2" 30 0.363408741827025 12
-0.608594840521168 0.492388733660577 "1" 30 0.363408741827025 12
-0.850854698651239 0.355907322720353 "3" 30 0.363408741827025 12
-0.517411067977222 -0.351578943479173 "1" 30 0.363408741827025 12
-0.551647018419014 -0.618325545429521 "3" 30 0.363408741827025 12
-1.16648324845412 0.995129330928239 "1" 30 0.363408741827025 12
-0.235386447275689 -0.341570474148611 "1" 30 0.363408741827025 12
0.24445418144326 -0.389576567988298 "2" 30 0.363408741827025 12
-0.415485498859452 -1.40019179986239 "3" 30 0.363408741827025 12
-0.601486983619654 -0.578442255208044 "3" 30 0.363408741827025 12
0.491863871494912 -0.362154521778357 "3" 30 0.363408741827025 12
-1.15330637739317 -0.142654594237334 "1" 30 0.363408741827025 12
-0.518081895633855 1.51458554434891 "1" 30 0.363408741827025 12
-0.309492267728402 0.663298654507257 "1" 30 0.363408741827025 12
-0.0734158864746656 0.245028719593172 "2" 30 0.363408741827025 12
0.0491360444462665 0.0177131775387724 "3" 30 0.363408741827025 12
0.983652886224077 0.274961003023825 "2" 30 0.363408741827025 12
1.0331607290297 0.368548397856919 "2" 30 0.363408741827025 12
1.23203738093118 -1.1958255547234 "2" 30 0.363408741827025 12
1.25389254895613 0.229657928784872 "2" 30 0.363408741827025 12
0.51196159164611 1.16459818366194 "1" 30 0.363408741827025 12
0.412629190751088 0.450101201576165 "2" 30 0.363408741827025 12
1.92812329800134 0.273634402610741 "2" 30 0.363408741827025 12
0.0917796055614693 0.43830770002395 "1" 30 0.363408741827025 12
-0.0437917825785792 0.892031439556269 "2" 30 0.363408741827025 12
0.52729542366061 0.811154428945279 "3" 30 0.363408741827025 12
-0.0582387940200537 0.416779332846707 "2" 36 0.370364561541385 13
-1.11529200371465 1.02938275404895 "2" 36 0.370364561541385 13
-0.240803383660472 0.982180187842463 "3" 36 0.370364561541385 13
0.155055226707817 -1.53806342419199 "1" 36 0.370364561541385 13
-0.272553650059713 1.09863602473898 "3" 36 0.370364561541385 13
1.56349249235768 -0.620902670816253 "1" 36 0.370364561541385 13
0.871138372363563 -0.0620083694042608 "2" 36 0.370364561541385 13
0.750714290483222 -0.188962656568848 "3" 36 0.370364561541385 13
-0.767636122586552 -0.198282661968281 "1" 36 0.370364561541385 13
-0.177931548149286 1.03810311270267 "3" 36 0.370364561541385 13
-1.10614822259083 -0.283133457114858 "1" 36 0.370364561541385 13
-0.319588170208278 -0.548983574649612 "1" 36 0.370364561541385 13
-1.42623666403062 -0.385842395192717 "1" 36 0.370364561541385 13
-1.60362320056759 0.277616533632191 "3" 36 0.370364561541385 13
1.52258999718698 -0.561509307082105 "2" 36 0.370364561541385 13
-1.27108048986365 1.43323919378823 "3" 36 0.370364561541385 13
0.0683367683589612 -0.695596653971522 "1" 36 0.370364561541385 13
0.771843415390358 -0.186719470268824 "2" 36 0.370364561541385 13
1.39272020387802 -0.550539893028985 "2" 36 0.370364561541385 13
-0.787587660723551 0.128454890467229 "3" 36 0.370364561541385 13
1.6563576955439 -0.673959085789656 "2" 36 0.370364561541385 13
0.696828714949044 0.205590865515701 "3" 36 0.370364561541385 13
-0.688163866433498 1.15087240839209 "3" 36 0.370364561541385 13
-0.580816931570616 -0.0957882291764617 "1" 36 0.370364561541385 13
0.613936889634662 -1.21979664628237 "2" 36 0.370364561541385 13
-1.00243771665837 0.582681626341758 "3" 36 0.370364561541385 13
0.0917736623496847 1.13813655210695 "2" 36 0.370364561541385 13
0.152966509743441 -0.175515873237721 "1" 36 0.370364561541385 13
0.603763381182115 -1.39101952984281 "1" 36 0.370364561541385 13
0.506620804708283 -0.105049583836641 "2" 36 0.370364561541385 13
0.767581205159253 0.196501697719632 "1" 47 0.370613715804737 14
-2.1566996143964 -0.56315088265798 "3" 47 0.370613715804737 14
-0.782922211758037 -0.653944067618494 "3" 47 0.370613715804737 14
-0.750895909245317 0.872628300597102 "2" 47 0.370613715804737 14
-0.839206491519085 -0.890115512978555 "3" 47 0.370613715804737 14
-0.212961943044367 0.959739111540659 "2" 47 0.370613715804737 14
0.294278861208401 0.392084836424722 "2" 47 0.370613715804737 14
0.0380335135091866 -0.33199219876043 "1" 47 0.370613715804737 14
-0.873476422359267 -0.747902693953333 "3" 47 0.370613715804737 14
-0.0800092751340484 1.10819118364862 "2" 47 0.370613715804737 14
1.388577324339 -1.0491443261295 "1" 47 0.370613715804737 14
-0.659025466231521 0.120048092503748 "3" 47 0.370613715804737 14
0.890909937427106 -2.12497026472451 "1" 47 0.370613715804737 14
0.209580443899489 -0.207326805794339 "3" 47 0.370613715804737 14
0.363223362749426 0.463502072284266 "2" 47 0.370613715804737 14
0.269433324889035 -0.0856149251083778 "1" 47 0.370613715804737 14
1.03374578700061 1.18104671354554 "2" 47 0.370613715804737 14
1.12100538905588 0.781456369990392 "2" 47 0.370613715804737 14
0.362510667053915 0.343037126402856 "3" 47 0.370613715804737 14
-0.250789162234914 -0.148764777013007 "1" 47 0.370613715804737 14
0.515915664007588 0.388125807218943 "1" 47 0.370613715804737 14
0.176226124517499 0.206680326620657 "1" 47 0.370613715804737 14
-0.357262839905674 -1.11020739807673 "3" 47 0.370613715804737 14
-0.914383839188387 0.220109053727562 "2" 47 0.370613715804737 14
-0.206675612387435 0.370435658378115 "3" 47 0.370613715804737 14
-0.551155356791462 -0.440523748415222 "3" 47 0.370613715804737 14
-0.677841868739343 0.716088387737666 "2" 47 0.370613715804737 14
0.281277980036009 -0.0539078624535075 "2" 47 0.370613715804737 14
1.20073751849292 0.0952226196706104 "1" 47 0.370613715804737 14
0.400268909589939 -0.00733189432710833 "1" 47 0.370613715804737 14
0.926677644302643 1.86925313510282 "3" 37 0.379022715120013 15
-2.3308633821589 0.586880100231981 "2" 37 0.379022715120013 15
-0.00747384080843817 2.10144581289475 "2" 37 0.379022715120013 15
-0.0082806574466018 -0.484590093352024 "1" 37 0.379022715120013 15
-1.03721141265329 0.648589407281813 "2" 37 0.379022715120013 15
0.356197560601493 0.770395324734497 "2" 37 0.379022715120013 15
0.198457252448572 0.871965164117839 "3" 37 0.379022715120013 15
0.174814673499614 1.03993199982627 "2" 37 0.379022715120013 15
-1.24297493108 0.293293108570763 "2" 37 0.379022715120013 15
-0.591052806400081 0.0489132435170572 "2" 37 0.379022715120013 15
0.140299512644259 -0.802184638054557 "2" 37 0.379022715120013 15
0.294625037076144 -0.769877658084873 "1" 37 0.379022715120013 15
-0.192350898036996 -0.171709333304236 "1" 37 0.379022715120013 15
0.206094024769371 -0.618831784315256 "3" 37 0.379022715120013 15
1.71389899011587 -0.0174483315544551 "3" 37 0.379022715120013 15
-0.691938803457365 -0.45582509792419 "1" 37 0.379022715120013 15
0.531463034067337 -1.23109805886271 "1" 37 0.379022715120013 15
1.05347874965957 -0.234974287913153 "3" 37 0.379022715120013 15
0.790695464515162 -0.192360271569708 "3" 37 0.379022715120013 15
-0.553854492756625 -0.920422580994905 "1" 37 0.379022715120013 15
1.87269063479548 1.26953959636078 "3" 37 0.379022715120013 15
0.313360924460275 -0.214293010689067 "3" 37 0.379022715120013 15
-0.0950499791323304 0.92113815127244 "2" 37 0.379022715120013 15
-0.0026811503045242 -0.600802572934131 "3" 37 0.379022715120013 15
-0.208471538388585 -0.644114860122833 "1" 37 0.379022715120013 15
-1.75440674742031 -0.798943533918771 "1" 37 0.379022715120013 15
-0.0904017353731644 -0.782917123283199 "1" 37 0.379022715120013 15
0.122655138969274 -0.115631504574474 "2" 37 0.379022715120013 15
0.504202762338571 -0.714540806618159 "3" 37 0.379022715120013 15
-0.39259902884643 -0.650779495840316 "1" 37 0.379022715120013 15
-0.0249224497811358 0.39377034503038 "2" 48 0.396475472131117 16
0.397282632475329 1.01564384362432 "3" 48 0.396475472131117 16
1.1652444269128 0.344372930790756 "1" 48 0.396475472131117 16
-0.551760117464631 0.438342805407495 "3" 48 0.396475472131117 16
1.34063354200523 -0.524067827563713 "1" 48 0.396475472131117 16
-0.870571945689124 1.23356573209852 "3" 48 0.396475472131117 16
-0.573182655537274 0.955069335322652 "3" 48 0.396475472131117 16
0.466567284442107 0.576469189283783 "1" 48 0.396475472131117 16
-0.0538143958428771 0.0935832723284519 "1" 48 0.396475472131117 16
-1.39304120590026 1.19259101220271 "1" 48 0.396475472131117 16
0.490121768451179 -1.44906736409639 "2" 48 0.396475472131117 16
0.687889855685222 0.497660210368654 "1" 48 0.396475472131117 16
1.83653859870989 -1.69287981656486 "2" 48 0.396475472131117 16
0.783947978855041 -0.220160353767571 "1" 48 0.396475472131117 16
1.1145565094656 0.662877639169248 "1" 48 0.396475472131117 16
0.0149338577893933 0.634017894471903 "3" 48 0.396475472131117 16
-1.74441648441759 -0.0781024741880314 "3" 48 0.396475472131117 16
-0.774624319237261 0.404303134479844 "3" 48 0.396475472131117 16
0.619614605920508 0.613480307101323 "1" 48 0.396475472131117 16
0.158727905528528 -0.146309373366776 "2" 48 0.396475472131117 16
-0.455333358240671 0.433743560009238 "3" 48 0.396475472131117 16
-0.0852510563108857 -0.291539019899029 "2" 48 0.396475472131117 16
1.1005280962066 -0.69695913726316 "1" 48 0.396475472131117 16
-0.227126050699659 -0.0925771994411468 "2" 48 0.396475472131117 16
-0.996120131081846 -0.732839488521963 "2" 48 0.396475472131117 16
-1.06535102595922 -0.589996381529646 "2" 48 0.396475472131117 16
0.151314873408427 -0.242034069060479 "3" 48 0.396475472131117 16
-0.228733346809379 -0.430654468514119 "3" 48 0.396475472131117 16
-0.613639699446431 -1.57134656922281 "2" 48 0.396475472131117 16
-0.670013693437608 -0.730957668689585 "2" 48 0.396475472131117 16
1.09674567634123 -0.320457862728969 "3" 26 0.399773830350273 17
-0.261639773425546 0.359369538428106 "1" 26 0.399773830350273 17
1.11231059568907 -0.497873688500496 "2" 26 0.399773830350273 17
2.13332087928633 0.42020419234279 "2" 26 0.399773830350273 17
0.269205716087295 -2.15989271228667 "3" 26 0.399773830350273 17
1.37418529418105 -0.381970287664102 "3" 26 0.399773830350273 17
1.33922527220166 -0.167962652975453 "3" 26 0.399773830350273 17
1.29283085901262 -0.109268781345032 "2" 26 0.399773830350273 17
-0.486016122097787 -0.233583189510462 "3" 26 0.399773830350273 17
-0.300440314767951 1.01414727631081 "2" 26 0.399773830350273 17
-1.3811446815569 -1.39891411608406 "1" 26 0.399773830350273 17
-0.827071494782273 -0.275068185948244 "3" 26 0.399773830350273 17
-1.16218000378925 -0.940264939217027 "3" 26 0.399773830350273 17
-1.30946268730196 -0.0186952220379093 "1" 26 0.399773830350273 17
-0.527289407423559 -0.785144946462921 "1" 26 0.399773830350273 17
-3.12973513124831 0.139391457054775 "1" 26 0.399773830350273 17
-0.292440989295114 -0.0713934054898837 "1" 26 0.399773830350273 17
-0.77941503194437 -0.490757090991908 "2" 26 0.399773830350273 17
0.594808650858147 -0.796111466848549 "3" 26 0.399773830350273 17
-1.04499540653619 -0.359360628044279 "1" 26 0.399773830350273 17
1.86393548259244 1.87785536052017 "2" 26 0.399773830350273 17
0.0169321774297491 0.070353641726635 "1" 26 0.399773830350273 17
-0.650320808225939 0.979141860276466 "1" 26 0.399773830350273 17
0.213797524357141 1.75548896113625 "2" 26 0.399773830350273 17
1.9178764319122 1.24291928870157 "2" 26 0.399773830350273 17
-1.66681023637584 0.420023639803782 "1" 26 0.399773830350273 17
-0.388464795865973 -0.500262504758111 "3" 26 0.399773830350273 17
0.209916056724185 1.50250010328302 "2" 26 0.399773830350273 17
1.05502009159298 -0.27075560708167 "3" 26 0.399773830350273 17
-0.282683823629151 -0.0036580316086182 "2" 26 0.399773830350273 17
-0.921425647981299 -0.425592827883143 "3" 42 0.425744673607178 18
-0.851044785495839 -0.0180862185275315 "2" 42 0.425744673607178 18
-1.72059390337869 -0.208702800006665 "3" 42 0.425744673607178 18
0.0170009459368572 2.38589592238495 "2" 42 0.425744673607178 18
-2.05663070868506 -0.858204926488844 "3" 42 0.425744673607178 18
0.176795649008395 0.730944652101117 "1" 42 0.425744673607178 18
0.0335034388762006 0.278085229568465 "2" 42 0.425744673607178 18
0.50516504914303 0.230828556790622 "1" 42 0.425744673607178 18
-0.697274551944561 -0.195399205761991 "3" 42 0.425744673607178 18
0.077610584356783 -0.162935045216204 "3" 42 0.425744673607178 18
-0.401243085327038 -1.47789467535487 "1" 42 0.425744673607178 18
0.103779196126411 0.161475983922538 "3" 42 0.425744673607178 18
0.407844509395361 -1.44864930819385 "3" 42 0.425744673607178 18
-0.244713356510449 -0.710428115379222 "1" 42 0.425744673607178 18
1.56924746789992 -0.497697058045921 "2" 42 0.425744673607178 18
0.506658289434408 -2.35610429714612 "1" 42 0.425744673607178 18
-0.0636390061381625 0.280096438829228 "2" 42 0.425744673607178 18
0.509360155406952 -0.77912609676663 "1" 42 0.425744673607178 18
1.33835697962958 0.0612544660187393 "1" 42 0.425744673607178 18
-0.307866344621863 -0.384750258697697 "3" 42 0.425744673607178 18
1.04046870975344 1.48673360382321 "2" 42 0.425744673607178 18
0.264105609296512 0.0513874190085217 "2" 42 0.425744673607178 18
-0.287448723624307 -0.607164494372727 "1" 42 0.425744673607178 18
-0.305044775844127 1.4877839493586 "2" 42 0.425744673607178 18
0.628843072515594 2.26388785595819 "2" 42 0.425744673607178 18
-0.716790945128157 -0.565199863839004 "3" 42 0.425744673607178 18
-1.2626938119938 0.0466526682885525 "3" 42 0.425744673607178 18
1.33157468772852 0.536502915494353 "1" 42 0.425744673607178 18
0.787904152710273 0.791393713138679 "2" 42 0.425744673607178 18
0.538191149455114 -0.0969881830053557 "1" 42 0.425744673607178 18
0.783078227547343 0.103871883379155 "2" 41 0.428887621680539 19
-0.648994596884742 2.41016746167486 "2" 41 0.428887621680539 19
0.160410322011025 1.54501996167143 "3" 41 0.428887621680539 19
0.380483309685838 0.750912182156725 "3" 41 0.428887621680539 19
0.114134760734789 1.03558179292537 "2" 41 0.428887621680539 19
-0.130006206504836 -0.559782174170714 "1" 41 0.428887621680539 19
-0.33568072482001 -0.0139496578342108 "3" 41 0.428887621680539 19
0.193850355106721 0.392834049692124 "2" 41 0.428887621680539 19
0.361249368676142 0.855533094534047 "2" 41 0.428887621680539 19
-1.21193518612665 0.101549694011775 "1" 41 0.428887621680539 19
1.09402225832033 -0.650474673517861 "3" 41 0.428887621680539 19
-0.127769172967702 0.498447658479615 "2" 41 0.428887621680539 19
1.93284818066085 0.298478031315438 "3" 41 0.428887621680539 19
0.367557726258225 0.693906801465558 "2" 41 0.428887621680539 19
0.358717858436157 -1.20790630700518 "3" 41 0.428887621680539 19
-0.520723966713854 -0.0498394173940734 "1" 41 0.428887621680539 19
-0.223613325915079 -1.39437258871053 "1" 41 0.428887621680539 19
-0.120973919493428 -1.63025079365272 "3" 41 0.428887621680539 19
0.0512329607236381 -0.631196604752545 "1" 41 0.428887621680539 19
-0.238351083592477 0.342107035294533 "2" 41 0.428887621680539 19
-0.458591746207372 -0.644546691218717 "1" 41 0.428887621680539 19
-0.422393959733521 -0.692585468038095 "1" 41 0.428887621680539 19
-0.111284191656291 0.769038294988976 "2" 41 0.428887621680539 19
-1.01255765737819 0.950519776448698 "1" 41 0.428887621680539 19
0.132949821331713 -0.25446799115349 "2" 41 0.428887621680539 19
-0.663590044349295 0.024441733401739 "3" 41 0.428887621680539 19
-1.30891101160074 0.0469355041280948 "1" 41 0.428887621680539 19
0.150470405355985 -0.357476378391233 "3" 41 0.428887621680539 19
1.4920050892921 -1.62498359168935 "3" 41 0.428887621680539 19
-0.0376338501966789 -1.10751261803943 "1" 41 0.428887621680539 19
-0.0898647702254132 1.96630635642454 "1" 65 0.439489613491724 20
-0.934625724740204 0.242905389804077 "3" 65 0.439489613491724 20
-1.34348139725122 0.726933920423579 "3" 65 0.439489613491724 20
0.698670601510705 1.10912041174937 "2" 65 0.439489613491724 20
-2.0353045573178 -0.175950891717129 "3" 65 0.439489613491724 20
0.338091576972267 0.175458774844642 "1" 65 0.439489613491724 20
-1.09401003785572 0.378943663788712 "1" 65 0.439489613491724 20
-0.54971681655527 0.350209756752391 "3" 65 0.439489613491724 20
-0.585683172143844 -0.859962223283802 "2" 65 0.439489613491724 20
-0.0735968735548872 1.27040820329018 "1" 65 0.439489613491724 20
-0.85676286850798 -1.07013764945798 "3" 65 0.439489613491724 20
0.555366581879034 -1.63940449765158 "2" 65 0.439489613491724 20
-0.0118557201831502 -0.447998138075989 "2" 65 0.439489613491724 20
0.478069475436212 0.123987514581825 "1" 65 0.439489613491724 20
2.32478156580462 -0.972782602204794 "2" 65 0.439489613491724 20
0.612245153072555 -0.426429568524945 "2" 65 0.439489613491724 20
0.129927287796609 -0.22961922847452 "2" 65 0.439489613491724 20
0.610128419358771 -0.691907019370293 "3" 65 0.439489613491724 20
0.621244323531797 -0.325566638128193 "1" 65 0.439489613491724 20
-0.419095985597715 -0.88979700362048 "3" 65 0.439489613491724 20
0.240481547101033 -0.0257538974865737 "2" 65 0.439489613491724 20
0.0938805822413366 -0.196630498435441 "3" 65 0.439489613491724 20
-0.200786212259916 0.117916900714282 "1" 65 0.439489613491724 20
-0.335236536752805 -0.573479689151561 "3" 65 0.439489613491724 20
0.507172837495525 1.08797556185796 "1" 65 0.439489613491724 20
-0.98449399205853 -1.13161023237189 "3" 65 0.439489613491724 20
-0.668693941368082 -0.323276181825463 "2" 65 0.439489613491724 20
1.29802690712997 1.1064035110002 "1" 65 0.439489613491724 20
1.45596673461951 1.39426775239308 "1" 65 0.439489613491724 20
0.219155012422586 -0.0705317578441985 "2" 65 0.439489613491724 20
