"X1" "X2" "cl" "nbases" "wilks.lambda" ".sample"
1.44754366674556 0.395196042222096 "1" 90 0.0031046399289346 1
-0.85410061874805 1.5629104217905 "2" 90 0.0031046399289346 1
-0.918698857673778 1.48911863140561 "2" 90 0.0031046399289346 1
1.52712762420089 0.321581232855745 "1" 90 0.0031046399289346 1
-0.661218812361383 1.04928023291547 "2" 90 0.0031046399289346 1
-0.388548047278429 -1.20598311140269 "3" 90 0.0031046399289346 1
-0.891934774169588 -1.76251911531026 "3" 90 0.0031046399289346 1
-1.32178824641519 1.69752581863265 "2" 90 0.0031046399289346 1
-1.12730362039226 1.1619021783407 "2" 90 0.0031046399289346 1
-0.360779091749488 -1.47654247446449 "3" 90 0.0031046399289346 1
-0.552827930303743 1.46589583972489 "2" 90 0.0031046399289346 1
-0.261276281324884 -1.5096990329587 "3" 90 0.0031046399289346 1
-0.555513421970062 -1.50768312440325 "3" 90 0.0031046399289346 1
0.70311607436686 0.146506638865455 "1" 90 0.0031046399289346 1
1.29234173829979 0.152656214398318 "1" 90 0.0031046399289346 1
-0.162547472014778 -2.1686319061646 "3" 90 0.0031046399289346 1
1.49580842157547 0.261250465406047 "1" 90 0.0031046399289346 1
-0.092011992255736 -1.64181574570619 "3" 90 0.0031046399289346 1
1.21426203960004 0.0648185035193251 "1" 90 0.0031046399289346 1
-1.67686496859161 1.59916793315048 "2" 90 0.0031046399289346 1
-0.741770544904397 1.30542536907278 "2" 90 0.0031046399289346 1
-0.28049445372861 -1.62251150523544 "3" 90 0.0031046399289346 1
1.33445580373165 0.85335001830335 "1" 90 0.0031046399289346 1
-0.635346663318975 1.32894371537476 "2" 90 0.0031046399289346 1
-0.14144388212678 -1.95607437627483 "3" 90 0.0031046399289346 1
-0.411909863685707 1.07918204702161 "2" 90 0.0031046399289346 1
-0.434525099062968 -1.73104896471491 "3" 90 0.0031046399289346 1
0.723944018691773 0.338193241468722 "1" 90 0.0031046399289346 1
1.19638882403619 0.364489051439491 "1" 90 0.0031046399289346 1
1.53591643082817 -0.0548842392726375 "1" 90 0.0031046399289346 1
-1.77775927149371 1.13060924174493 "1" 70 0.00405878166973351 2
1.18210670638693 0.417631573082847 "3" 70 0.00405878166973351 2
-0.54058481009822 -1.22504068304692 "2" 70 0.00405878166973351 2
-0.192050512373264 -1.18149388582883 "2" 70 0.00405878166973351 2
1.68453011715822 0.0883064502373005 "3" 70 0.00405878166973351 2
-1.4179701294469 1.11369951720024 "1" 70 0.00405878166973351 2
-0.0829033806957591 -1.08759115209671 "2" 70 0.00405878166973351 2
1.01144322290788 0.159074043881714 "3" 70 0.00405878166973351 2
1.59145977909608 0.152871111429613 "3" 70 0.00405878166973351 2
-1.26322809648858 1.07823870043391 "1" 70 0.00405878166973351 2
-0.945453174023146 1.27677558112462 "1" 70 0.00405878166973351 2
0.0933958565841111 -1.49001633993272 "2" 70 0.00405878166973351 2
0.39643715964113 -1.37343983496125 "2" 70 0.00405878166973351 2
-0.665797130254696 -1.24290922725387 "2" 70 0.00405878166973351 2
1.30935917271398 0.240958365551757 "3" 70 0.00405878166973351 2
-1.92261628705565 0.941856899854094 "1" 70 0.00405878166973351 2
0.0812043858239466 -1.26991720532423 "2" 70 0.00405878166973351 2
1.08495232228978 0.0646657370932901 "3" 70 0.00405878166973351 2
0.26932556189005 -1.72815054730716 "2" 70 0.00405878166973351 2
-0.874196731415387 1.3027404316912 "1" 70 0.00405878166973351 2
-0.643503101133658 0.663849526128837 "1" 70 0.00405878166973351 2
-0.57766144022532 -1.20017621684462 "2" 70 0.00405878166973351 2
1.3600849340902 0.206667542021122 "3" 70 0.00405878166973351 2
-0.916599377863573 0.833158740269873 "1" 70 0.00405878166973351 2
-1.04295373760376 0.949922043654655 "1" 70 0.00405878166973351 2
1.47138566636184 0.601944137636241 "3" 70 0.00405878166973351 2
-0.273365468333002 -1.42739786562278 "2" 70 0.00405878166973351 2
0.588825044748735 0.807003475833854 "3" 70 0.00405878166973351 2
1.74079173787828 0.123621901048556 "3" 70 0.00405878166973351 2
-0.728659019066529 1.07253793830046 "1" 70 0.00405878166973351 2
-1.1606922628503 0.985796202822651 "2" 94 0.00486555815708209 3
0.978379021242012 0.57866246040157 "1" 94 0.00486555815708209 3
-0.202690901649633 -1.22411838593889 "3" 94 0.00486555815708209 3
0.841478283033979 0.54267316298716 "1" 94 0.00486555815708209 3
0.338179026388923 -1.00193681511865 "3" 94 0.00486555815708209 3
-1.25787952975759 0.22952903076551 "2" 94 0.00486555815708209 3
1.01287215887552 0.780066061286361 "1" 94 0.00486555815708209 3
1.33438524668198 1.17113736337172 "1" 94 0.00486555815708209 3
-0.766995998398603 1.02435553235169 "2" 94 0.00486555815708209 3
-1.19075557690289 1.0278179413386 "2" 94 0.00486555815708209 3
0.936977406962404 0.573130948783045 "1" 94 0.00486555815708209 3
-0.62166460575697 0.574613407004257 "2" 94 0.00486555815708209 3
-0.126999908217172 -1.77242351011575 "3" 94 0.00486555815708209 3
1.27764142579048 1.02935068504307 "1" 94 0.00486555815708209 3
0.216874872091703 -1.32430249760276 "3" 94 0.00486555815708209 3
-1.3439768116843 0.493773382234169 "2" 94 0.00486555815708209 3
0.90137474181544 0.927272970829535 "1" 94 0.00486555815708209 3
0.146591317191981 -1.51519987743784 "3" 94 0.00486555815708209 3
1.24339460672728 0.0343737890439111 "1" 94 0.00486555815708209 3
-1.32466289873291 0.6453428602102 "2" 94 0.00486555815708209 3
-1.28903694737155 0.859150917955394 "2" 94 0.00486555815708209 3
-0.246179185781924 -1.59008510363107 "3" 94 0.00486555815708209 3
-0.872443016025435 0.408297728084346 "2" 94 0.00486555815708209 3
-0.550618464830746 0.715914062386768 "2" 94 0.00486555815708209 3
-0.00802891976094657 -1.37749572652527 "3" 94 0.00486555815708209 3
0.869757249910037 0.875844284335931 "1" 94 0.00486555815708209 3
0.045824425997414 -1.49765333972531 "3" 94 0.00486555815708209 3
-0.422794957961302 -1.13038805676845 "3" 94 0.00486555815708209 3
1.32687862446496 0.389348483785772 "1" 94 0.00486555815708209 3
-0.0851884214918321 -1.43284796215767 "3" 94 0.00486555815708209 3
-0.0421174840754924 -1.17202661466161 "3" 125 0.00495864830683162 4
-0.0266414269183198 1.43007042495028 "1" 125 0.00495864830683162 4
-0.518964854838112 -1.11081655118684 "3" 125 0.00495864830683162 4
1.35437649213169 -0.50492674202634 "2" 125 0.00495864830683162 4
1.53132126782855 0.0594033167809943 "2" 125 0.00495864830683162 4
1.73674300792588 -0.618602814550229 "2" 125 0.00495864830683162 4
-0.79623973012521 -0.947196580776965 "3" 125 0.00495864830683162 4
1.06188102144858 -0.787162790824451 "2" 125 0.00495864830683162 4
1.63083548701024 -0.0798737186373565 "2" 125 0.00495864830683162 4
1.22139508898242 -0.561779068867894 "2" 125 0.00495864830683162 4
-0.818311480975906 1.6494581533357 "1" 125 0.00495864830683162 4
1.01254960171074 -0.470366995859357 "2" 125 0.00495864830683162 4
1.30335868148785 -0.325997053736513 "2" 125 0.00495864830683162 4
-0.191301442225507 -0.819291602186137 "3" 125 0.00495864830683162 4
-0.891194454109987 1.56695970723857 "1" 125 0.00495864830683162 4
1.69222471107804 -0.734851830669388 "2" 125 0.00495864830683162 4
-1.0695418033565 1.35759748731136 "1" 125 0.00495864830683162 4
-0.515274763523438 1.46052219610977 "1" 125 0.00495864830683162 4
-1.0919156589701 -1.23285503888378 "3" 125 0.00495864830683162 4
-0.333406685576604 1.55671121141813 "1" 125 0.00495864830683162 4
0.757320846991897 -0.384138269575079 "2" 125 0.00495864830683162 4
0.21428296991505 1.75201502678611 "1" 125 0.00495864830683162 4
-1.14433836448598 1.68079017076342 "1" 125 0.00495864830683162 4
-1.19605186036222 -1.34602979088808 "3" 125 0.00495864830683162 4
-1.25845994480429 -1.46339903822481 "3" 125 0.00495864830683162 4
-0.914744401061939 -1.05227614431484 "3" 125 0.00495864830683162 4
-0.752010097585955 -0.937644369121719 "3" 125 0.00495864830683162 4
-0.736854716304627 -0.88058574868782 "3" 125 0.00495864830683162 4
-0.0163114125577179 1.28199315565969 "1" 125 0.00495864830683162 4
-1.20260859465303 1.6342999133252 "1" 125 0.00495864830683162 4
-1.1182741915189 1.40751087681105 "3" 86 0.00504456345678324 5
0.778407236111286 -0.401359492790602 "2" 86 0.00504456345678324 5
-0.838542256422764 -1.19643455100051 "1" 86 0.00504456345678324 5
-0.314353053570206 1.42385523783793 "3" 86 0.00504456345678324 5
-1.06225334956329 -0.982638210791252 "1" 86 0.00504456345678324 5
-0.340867297860959 0.705844481481309 "3" 86 0.00504456345678324 5
-0.977954668924412 -1.26100082598547 "1" 86 0.00504456345678324 5
1.56335922031875 -0.3036628561577 "2" 86 0.00504456345678324 5
0.0243499145943651 1.85464478549697 "3" 86 0.00504456345678324 5
1.27110409593469 0.219587744683597 "2" 86 0.00504456345678324 5
-0.233326014443334 1.63643176696196 "3" 86 0.00504456345678324 5
-0.282005824332317 1.28561477830541 "3" 86 0.00504456345678324 5
-0.710398795090064 -1.19632437916606 "1" 86 0.00504456345678324 5
1.99682013367945 -0.381926498428146 "2" 86 0.00504456345678324 5
-0.280809370232014 1.52616487400475 "3" 86 0.00504456345678324 5
-1.05168956760175 -1.00561471213822 "1" 86 0.00504456345678324 5
-0.7519283893224 -1.36589162052128 "1" 86 0.00504456345678324 5
0.918226728207279 -0.3237035017229 "2" 86 0.00504456345678324 5
1.03478182221013 0.0809308600380977 "2" 86 0.00504456345678324 5
-0.590446321326403 1.54430220052478 "3" 86 0.00504456345678324 5
1.61594767625772 -0.195884518455885 "2" 86 0.00504456345678324 5
1.46604625083587 -0.668530842052028 "2" 86 0.00504456345678324 5
-1.2699503990637 -1.58196193863972 "1" 86 0.00504456345678324 5
1.2896893265266 -0.116533827187447 "2" 86 0.00504456345678324 5
-1.11295965184609 -0.825602602042661 "1" 86 0.00504456345678324 5
-0.0381224484647518 1.40572400564189 "3" 86 0.00504456345678324 5
-0.909775744577355 -1.43196801499441 "1" 86 0.00504456345678324 5
-0.0887523554653069 1.38809875788812 "3" 86 0.00504456345678324 5
0.710502066272587 -0.247121089567614 "2" 86 0.00504456345678324 5
-0.696824771322706 -0.99255088803396 "1" 86 0.00504456345678324 5
0.550909305649893 -1.39504850996993 "2" 120 0.00509548286193246 6
1.06612792513454 1.45698086290386 "3" 120 0.00509548286193246 6
0.471425432604915 -1.92071827659071 "2" 120 0.00509548286193246 6
-1.83717016561598 0.617698105667706 "1" 120 0.00509548286193246 6
0.898067545428356 1.39128635306472 "3" 120 0.00509548286193246 6
1.20723943278317 1.01977150846048 "3" 120 0.00509548286193246 6
0.226038037341855 -1.68673794560871 "2" 120 0.00509548286193246 6
0.990938347442923 0.920271833861295 "3" 120 0.00509548286193246 6
-0.623773247690652 0.20392192019677 "1" 120 0.00509548286193246 6
-0.0832871806933313 -1.66660527577412 "2" 120 0.00509548286193246 6
-1.680876570651 0.273195433749237 "1" 120 0.00509548286193246 6
0.471972095706844 -1.66893434916987 "2" 120 0.00509548286193246 6
0.597258821572314 1.3678178793012 "3" 120 0.00509548286193246 6
-0.890223574461859 0.310826176484031 "1" 120 0.00509548286193246 6
-1.85618919599814 0.362745698195143 "1" 120 0.00509548286193246 6
-0.502239679631121 0.263481434460939 "1" 120 0.00509548286193246 6
0.147297382791288 -1.90810757329212 "2" 120 0.00509548286193246 6
-1.20628196346125 0.440562747181827 "1" 120 0.00509548286193246 6
-0.442839754716162 -0.996937896904577 "2" 120 0.00509548286193246 6
0.0228147203318397 -1.51819857711063 "2" 120 0.00509548286193246 6
0.0316589325892452 -1.3519795544395 "2" 120 0.00509548286193246 6
0.544988198687935 -1.29372118536177 "2" 120 0.00509548286193246 6
-1.20561000450373 0.29418989378407 "1" 120 0.00509548286193246 6
-0.655579798220813 0.383558294465103 "1" 120 0.00509548286193246 6
0.896847825672072 1.26576783562554 "3" 120 0.00509548286193246 6
0.761367449811191 0.907352298340346 "3" 120 0.00509548286193246 6
1.17825292977407 1.29891728101816 "3" 120 0.00509548286193246 6
0.980806101321742 0.650031589539199 "3" 120 0.00509548286193246 6
-1.25711108020884 0.816773164814212 "1" 120 0.00509548286193246 6
1.1971717312087 1.16183883310809 "3" 120 0.00509548286193246 6
-1.19753491153136 0.549492961589027 "3" 83 0.00510310313695066 7
0.608494670821753 1.40682416139533 "1" 83 0.00510310313695066 7
0.657334222303255 0.84391662698096 "1" 83 0.00510310313695066 7
-1.4087159998161 0.0553970784254648 "3" 83 0.00510310313695066 7
-1.30138825694344 0.365518748431709 "3" 83 0.00510310313695066 7
-1.29630086777353 0.413886439130965 "3" 83 0.00510310313695066 7
-1.52289436471704 -0.175693127981346 "3" 83 0.00510310313695066 7
0.145303672528978 -1.68835178228998 "2" 83 0.00510310313695066 7
-1.50006724415322 0.0592817210714689 "3" 83 0.00510310313695066 7
0.310201490244723 -0.881286160086751 "2" 83 0.00510310313695066 7
-1.25923644022299 0.4009126465323 "3" 83 0.00510310313695066 7
-1.3432303575554 -0.112479496795735 "3" 83 0.00510310313695066 7
0.710390173797268 -0.87807334021739 "2" 83 0.00510310313695066 7
1.10713525140333 0.500076365242235 "1" 83 0.00510310313695066 7
0.558697485125937 0.991918776334364 "1" 83 0.00510310313695066 7
0.490732372277037 0.619316503477421 "1" 83 0.00510310313695066 7
0.428448357801354 0.637089264947778 "1" 83 0.00510310313695066 7
0.639710066481112 -1.43643798594848 "2" 83 0.00510310313695066 7
0.952833404684258 -0.727964957328115 "2" 83 0.00510310313695066 7
-1.44614625270552 0.481469049831648 "3" 83 0.00510310313695066 7
0.934989885119059 1.28786562879828 "1" 83 0.00510310313695066 7
-1.22127129210206 0.443649393423519 "3" 83 0.00510310313695066 7
0.792217373754211 1.54258804729517 "1" 83 0.00510310313695066 7
1.08851319252842 -1.10644574859419 "2" 83 0.00510310313695066 7
0.518039904796157 -1.04545151883567 "2" 83 0.00510310313695066 7
0.750289198690465 -1.43801669358152 "2" 83 0.00510310313695066 7
0.938941830539028 -1.60622929535906 "2" 83 0.00510310313695066 7
0.395404694523299 0.465613976923802 "1" 83 0.00510310313695066 7
0.875245469321944 -1.13721013880367 "2" 83 0.00510310313695066 7
0.593863270779058 1.16882285599047 "1" 83 0.00510310313695066 7
-0.484854389530491 0.632243062110368 "3" 79 0.00517877929135171 8
1.43195881678798 0.113434649544421 "1" 79 0.00517877929135171 8
-0.797044115849599 -0.854948767766369 "2" 79 0.00517877929135171 8
-0.777637623393877 0.943291050142278 "3" 79 0.00517877929135171 8
-0.738727170236401 -1.06006084229904 "2" 79 0.00517877929135171 8
-0.72556640503725 0.538068535612612 "3" 79 0.00517877929135171 8
-0.95445884581571 0.942925238286834 "3" 79 0.00517877929135171 8
0.162926069499558 1.04199531535394 "3" 79 0.00517877929135171 8
0.880417062411181 0.684690207309027 "1" 79 0.00517877929135171 8
-0.583615379176738 -1.27316803402584 "2" 79 0.00517877929135171 8
-1.19389233610806 1.12745114937881 "3" 79 0.00517877929135171 8
1.60510265023549 0.0853129182729982 "1" 79 0.00517877929135171 8
-0.601876214074489 -1.44706902043603 "2" 79 0.00517877929135171 8
-0.912814436879299 0.913632136132035 "3" 79 0.00517877929135171 8
-0.39980153001735 -1.10090973899417 "2" 79 0.00517877929135171 8
-0.805634561374352 -1.17767992737164 "2" 79 0.00517877929135171 8
-0.452359749209982 -1.38970955326415 "2" 79 0.00517877929135171 8
-0.121943651267607 -1.40692593473726 "2" 79 0.00517877929135171 8
1.06026397295835 -0.0183986827216566 "1" 79 0.00517877929135171 8
1.14530339581992 0.0956428777260052 "1" 79 0.00517877929135171 8
-0.961197663386065 1.48537460437385 "3" 79 0.00517877929135171 8
1.74258587305978 0.20089896678655 "1" 79 0.00517877929135171 8
-0.502254500701459 0.754681883720994 "3" 79 0.00517877929135171 8
1.02975576243935 0.283427010876371 "1" 79 0.00517877929135171 8
-0.493722836630034 -1.19685882642602 "2" 79 0.00517877929135171 8
1.37667781811548 0.415681207278001 "1" 79 0.00517877929135171 8
-0.862613730576478 -1.11413695318992 "2" 79 0.00517877929135171 8
1.62831070349566 0.254377117487089 "1" 79 0.00517877929135171 8
-1.14071615517669 0.797580347974651 "3" 79 0.00517877929135171 8
1.44742916961916 0.729158002865266 "1" 79 0.00517877929135171 8
-1.10599796088989 -1.3104102856057 "2" 82 0.00520443727348711 9
0.381446380143024 1.61795538153341 "3" 82 0.00520443727348711 9
1.29330515922181 -1.24903243826233 "1" 82 0.00520443727348711 9
-1.40649282712214 -0.161691011517937 "2" 82 0.00520443727348711 9
0.298919238786288 1.79301120700508 "3" 82 0.00520443727348711 9
1.34442388028773 -0.924719752971091 "1" 82 0.00520443727348711 9
-1.41988245386611 -0.470855414613187 "2" 82 0.00520443727348711 9
-0.0445501343680548 1.26283750624911 "3" 82 0.00520443727348711 9
0.131670140484951 1.76885806557969 "3" 82 0.00520443727348711 9
1.01256789858257 -1.4882044943323 "1" 82 0.00520443727348711 9
-1.64018194101371 -0.333334114290393 "2" 82 0.00520443727348711 9
0.766839181608177 -0.800083517981433 "1" 82 0.00520443727348711 9
0.608187372532645 1.54049629584708 "3" 82 0.00520443727348711 9
1.79505363867524 -0.804762504909481 "1" 82 0.00520443727348711 9
-1.63714226395913 -0.616667590269141 "2" 82 0.00520443727348711 9
0.949748589150474 -1.06813788043685 "1" 82 0.00520443727348711 9
1.14756967158619 -0.513679074200245 "1" 82 0.00520443727348711 9
0.0495975662837288 1.20133842570492 "3" 82 0.00520443727348711 9
1.01743165229382 -1.28100879513239 "1" 82 0.00520443727348711 9
-1.3719735553318 -0.382746719544512 "2" 82 0.00520443727348711 9
0.549003982678003 -0.739736089343226 "1" 82 0.00520443727348711 9
-0.817755868951491 -0.799946324939713 "2" 82 0.00520443727348711 9
0.439113167727184 1.30258070006217 "3" 82 0.00520443727348711 9
-1.62071535716817 -0.515948175108579 "2" 82 0.00520443727348711 9
-0.00454508496182515 1.53048418588601 "3" 82 0.00520443727348711 9
-1.11636548538556 -0.386516250610618 "2" 82 0.00520443727348711 9
0.382572578406261 1.7525884355937 "3" 82 0.00520443727348711 9
-0.717479739366083 -0.51214416745111 "2" 82 0.00520443727348711 9
0.209810817344185 1.30072856146587 "3" 82 0.00520443727348711 9
0.525821756591684 -0.711254163406822 "1" 82 0.00520443727348711 9
0.141425026136233 1.53279970320592 "3" 167 0.00582470585694182 10
-0.0857458587294283 1.18607640190093 "3" 167 0.00582470585694182 10
0.0635162994119345 1.52466583793033 "3" 167 0.00582470585694182 10
-1.69394123364005 -0.401382113795272 "1" 167 0.00582470585694182 10
1.07871937734283 -0.934313746663322 "2" 167 0.00582470585694182 10
1.40677826969193 -0.556015081250301 "2" 167 0.00582470585694182 10
1.12918350634654 -0.299857117451727 "2" 167 0.00582470585694182 10
-0.657352753458196 -0.219817841426279 "1" 167 0.00582470585694182 10
-1.40796387637199 -0.800022917672129 "1" 167 0.00582470585694182 10
0.013388921305504 1.63607461406086 "3" 167 0.00582470585694182 10
-0.581063643161442 1.13792067644187 "3" 167 0.00582470585694182 10
-0.0628840412103424 1.06467312292131 "3" 167 0.00582470585694182 10
-0.455955757694388 1.39574590881849 "3" 167 0.00582470585694182 10
-0.937900801406679 -0.44865451780739 "1" 167 0.00582470585694182 10
-1.10083315190364 -0.233035609183267 "1" 167 0.00582470585694182 10
0.393953538316056 1.26992659543071 "3" 167 0.00582470585694182 10
1.31117170915928 -0.6126365140648 "2" 167 0.00582470585694182 10
-1.02462973109565 -1.1077479884067 "1" 167 0.00582470585694182 10
0.88108741356496 -0.934573783616562 "2" 167 0.00582470585694182 10
-1.27680531210711 -0.62865802006418 "1" 167 0.00582470585694182 10
-1.52811681968816 -0.610032079250907 "1" 167 0.00582470585694182 10
1.34391342163006 -1.03415051163261 "2" 167 0.00582470585694182 10
-1.01122928483882 -0.839202017589969 "1" 167 0.00582470585694182 10
0.230608092563903 1.03779739047137 "3" 167 0.00582470585694182 10
1.58421463758513 -0.387834235778075 "2" 167 0.00582470585694182 10
0.617468647930943 -1.01548553405222 "2" 167 0.00582470585694182 10
-0.215181162314972 1.12789323377509 "3" 167 0.00582470585694182 10
1.42305404979046 -0.336564495035617 "2" 167 0.00582470585694182 10
-0.892700029963634 -1.031101137583 "1" 167 0.00582470585694182 10
1.31382054680873 -0.482488222632542 "2" 167 0.00582470585694182 10
-1.59622091839253 0.120194475250243 "2" 115 0.0061723772872045 11
0.440645444292133 1.15801836387872 "1" 115 0.0061723772872045 11
0.843905217462128 -1.41072990541137 "3" 115 0.0061723772872045 11
0.481977480138876 -1.22653965522986 "3" 115 0.0061723772872045 11
1.06839576498846 1.16636635617793 "1" 115 0.0061723772872045 11
0.681236558478779 0.902190881116027 "1" 115 0.0061723772872045 11
-1.54227509272865 0.398154328940015 "2" 115 0.0061723772872045 11
0.0707228956162377 -1.07259291237665 "3" 115 0.0061723772872045 11
-0.795435915398824 0.474460847966164 "2" 115 0.0061723772872045 11
1.07952821758154 0.805864575901155 "1" 115 0.0061723772872045 11
-0.68176040398232 0.290589110253133 "2" 115 0.0061723772872045 11
0.561898744824699 0.976488170845789 "1" 115 0.0061723772872045 11
-1.11801822732258 -0.150324285854881 "2" 115 0.0061723772872045 11
0.892445670974777 -1.17230153992478 "3" 115 0.0061723772872045 11
-0.136336988242433 -1.17310667700751 "3" 115 0.0061723772872045 11
0.501178309491428 -0.702212450430183 "3" 115 0.0061723772872045 11
0.820526333733901 -1.12784879810036 "3" 115 0.0061723772872045 11
0.902399559600198 0.954315495089493 "1" 115 0.0061723772872045 11
0.58471277476793 -1.59317448659231 "3" 115 0.0061723772872045 11
0.717618006668314 1.13584044501524 "1" 115 0.0061723772872045 11
0.142024787451701 -1.07896280560666 "3" 115 0.0061723772872045 11
-1.00567585583402 -0.0152383100414018 "2" 115 0.0061723772872045 11
-1.36434055650654 0.0984661078475839 "2" 115 0.0061723772872045 11
0.868602125780552 0.541521572692368 "1" 115 0.0061723772872045 11
1.08991210935461 1.09153233944401 "1" 115 0.0061723772872045 11
-0.948047835895826 0.187529703527733 "2" 115 0.0061723772872045 11
-1.77472671901988 0.156590667581198 "2" 115 0.0061723772872045 11
0.995222031951643 1.13808011387399 "1" 115 0.0061723772872045 11
-0.12308322868951 -1.46391394014387 "3" 115 0.0061723772872045 11
-1.65703029114478 0.590742211319037 "2" 115 0.0061723772872045 11
-0.726126810875197 -0.536371649706875 "2" 76 0.00627787440072695 12
-1.25547494106547 1.69748639902593 "3" 76 0.00627787440072695 12
-0.882900458232965 1.1255668291902 "3" 76 0.00627787440072695 12
-0.788806970944988 -1.25294491529625 "2" 76 0.00627787440072695 12
-0.560169525357534 -1.00883466112322 "2" 76 0.00627787440072695 12
0.760573297406353 0.324443089868431 "1" 76 0.00627787440072695 12
-0.179612511828597 -1.5191222523423 "2" 76 0.00627787440072695 12
-0.635783568137448 1.38891378141874 "3" 76 0.00627787440072695 12
-0.59281186744133 0.764832515894217 "3" 76 0.00627787440072695 12
-0.386284454003246 1.32145689772894 "3" 76 0.00627787440072695 12
-0.824344547394267 1.50587900667405 "3" 76 0.00627787440072695 12
1.05497860884936 0.00955805457823892 "1" 76 0.00627787440072695 12
-0.398803898652721 -1.46957394377891 "2" 76 0.00627787440072695 12
-0.238074609617153 0.781608390461923 "3" 76 0.00627787440072695 12
-0.538833809766806 -1.61011225450132 "2" 76 0.00627787440072695 12
1.27570730658781 -0.523921181108303 "1" 76 0.00627787440072695 12
-0.525775301126956 -1.77541301435128 "2" 76 0.00627787440072695 12
-0.631879337300158 -1.43975951293534 "2" 76 0.00627787440072695 12
-1.19889336972963 -0.901199778119209 "2" 76 0.00627787440072695 12
1.28993852438244 -0.0291950191914404 "1" 76 0.00627787440072695 12
1.39671386731301 0.499483224873802 "1" 76 0.00627787440072695 12
-0.542669041215628 -1.04245573882813 "2" 76 0.00627787440072695 12
1.38319425574388 -0.144666654912723 "1" 76 0.00627787440072695 12
-0.7937991613404 1.18150457137128 "3" 76 0.00627787440072695 12
1.71855786947009 0.112785039466766 "1" 76 0.00627787440072695 12
1.26858716288807 0.142516129055087 "1" 76 0.00627787440072695 12
0.994771668654615 0.283149502221852 "1" 76 0.00627787440072695 12
-0.0374846514900095 0.872683333248499 "3" 76 0.00627787440072695 12
1.08102949012347 0.0923250441240626 "1" 76 0.00627787440072695 12
-0.485523215898607 1.14937876699328 "3" 76 0.00627787440072695 12
-1.12461956583033 0.14765397564392 "3" 129 0.00678869228806297 13
-0.752456710158296 0.270511785511611 "3" 129 0.00678869228806297 13
0.0984846458213202 -1.29997717586951 "2" 129 0.00678869228806297 13
0.957651349171808 1.22931430977238 "1" 129 0.00678869228806297 13
1.06663315477347 0.970827204465205 "1" 129 0.00678869228806297 13
-1.0669979258723 0.0127817198220722 "3" 129 0.00678869228806297 13
-1.22103552564765 0.220341330802168 "3" 129 0.00678869228806297 13
0.616159479090565 0.372709881685253 "1" 129 0.00678869228806297 13
0.0449910622042486 -1.09585544817517 "2" 129 0.00678869228806297 13
0.905609787967287 1.26554987746947 "1" 129 0.00678869228806297 13
-0.0513846658235749 -0.919273596509548 "2" 129 0.00678869228806297 13
0.480328548798755 -1.56176709620176 "2" 129 0.00678869228806297 13
-0.0808080308463971 -0.793764020543864 "2" 129 0.00678869228806297 13
1.10135563698407 0.780317561504543 "1" 129 0.00678869228806297 13
1.06517131219284 0.583016383107117 "1" 129 0.00678869228806297 13
0.711270906370358 0.999110217851223 "1" 129 0.00678869228806297 13
0.0773850140402219 -0.814123600759705 "2" 129 0.00678869228806297 13
-1.12064563088082 0.0980250596514473 "3" 129 0.00678869228806297 13
-0.98052390322744 0.511813047752667 "3" 129 0.00678869228806297 13
0.420794361138067 -1.76575965808631 "2" 129 0.00678869228806297 13
0.379431628557314 -1.23734806590639 "2" 129 0.00678869228806297 13
0.342088781170415 -1.43987315450408 "2" 129 0.00678869228806297 13
0.870690849588058 0.779654690454077 "1" 129 0.00678869228806297 13
-0.979803786768415 0.770158508071177 "3" 129 0.00678869228806297 13
0.1424235863837 -1.19385928640589 "2" 129 0.00678869228806297 13
1.04896772575435 1.49142342144114 "1" 129 0.00678869228806297 13
-1.33302096199089 0.345518355293473 "3" 129 0.00678869228806297 13
-1.52253892137513 -0.289058789898428 "3" 129 0.00678869228806297 13
1.50508974913979 0.595396846896549 "1" 129 0.00678869228806297 13
-1.60069195072539 0.966535715665171 "3" 129 0.00678869228806297 13
0.601919768221808 -0.629729812959753 "1" 93 0.00700695909858457 14
0.348997912175264 -1.08113047154808 "1" 93 0.00700695909858457 14
-1.70943439156481 0.297418491710737 "2" 93 0.00700695909858457 14
-1.47503946722055 -0.0715985919083394 "2" 93 0.00700695909858457 14
-1.05634210158541 -0.0652052231452069 "2" 93 0.00700695909858457 14
0.526080551776716 1.15639567156507 "3" 93 0.00700695909858457 14
0.507638004608282 1.64365653163128 "3" 93 0.00700695909858457 14
-0.996986167024844 -0.49471126255193 "2" 93 0.00700695909858457 14
0.439726373560263 1.29711062808566 "3" 93 0.00700695909858457 14
-1.06485305301696 0.210812591404615 "2" 93 0.00700695909858457 14
0.572270479996727 1.27567242698747 "3" 93 0.00700695909858457 14
1.12180128791048 0.756612935578559 "3" 93 0.00700695909858457 14
0.867970978058539 -1.53743677706076 "1" 93 0.00700695909858457 14
0.641898494629684 -1.44791459484369 "1" 93 0.00700695909858457 14
1.04155163796264 0.796451195597214 "3" 93 0.00700695909858457 14
0.75479136181771 0.888064452756728 "3" 93 0.00700695909858457 14
0.746858267716494 0.819770455106165 "3" 93 0.00700695909858457 14
0.874979399142072 -1.09168226029379 "1" 93 0.00700695909858457 14
0.498234843325925 -0.906732347889339 "1" 93 0.00700695909858457 14
0.644118235375069 -1.2818460021308 "1" 93 0.00700695909858457 14
-1.30233398431371 -0.069558520409643 "2" 93 0.00700695909858457 14
0.452443517468954 -0.675318351832127 "1" 93 0.00700695909858457 14
-1.22068254311626 0.344923213621521 "2" 93 0.00700695909858457 14
-1.70419496742724 -0.0304233682018013 "2" 93 0.00700695909858457 14
0.581906572121166 2.17494774379155 "3" 93 0.00700695909858457 14
0.445140011015704 -1.24583781318425 "1" 93 0.00700695909858457 14
-1.25978113336345 -0.146874319386517 "2" 93 0.00700695909858457 14
-0.869362431223667 -0.10663045456334 "2" 93 0.00700695909858457 14
0.174287182955169 1.64684335987448 "3" 93 0.00700695909858457 14
0.816395360018245 -2.42604952580167 "1" 93 0.00700695909858457 14
0.5298947662129 -1.36088801242478 "1" 105 0.00707398685262566 15
1.81022309816961 0.236327877579543 "3" 105 0.00707398685262566 15
-0.4880544281262 0.813400238482484 "2" 105 0.00707398685262566 15
1.04419008729797 0.811721141135667 "3" 105 0.00707398685262566 15
0.0214586130417016 -1.55334709510289 "1" 105 0.00707398685262566 15
-0.314884274414073 -1.73369268236417 "1" 105 0.00707398685262566 15
-0.789587268400095 -1.30782163771035 "1" 105 0.00707398685262566 15
-2.04905293508968 1.19126152130673 "2" 105 0.00707398685262566 15
-0.75201095796118 0.972723965815089 "2" 105 0.00707398685262566 15
1.08319844920391 0.537066049708619 "3" 105 0.00707398685262566 15
1.44546968174248 0.444760193424316 "3" 105 0.00707398685262566 15
-1.11487995563951 0.848716089430348 "2" 105 0.00707398685262566 15
-1.27347822227314 -1.4637264670626 "1" 105 0.00707398685262566 15
0.334419826285866 -1.64367273324453 "1" 105 0.00707398685262566 15
1.43037731242737 1.0280572568334 "3" 105 0.00707398685262566 15
0.285211588558763 -2.17611682966503 "1" 105 0.00707398685262566 15
1.28172234811974 0.398025327620443 "3" 105 0.00707398685262566 15
-0.386516006575982 0.472298120337843 "2" 105 0.00707398685262566 15
0.619094576329187 1.11875731874496 "3" 105 0.00707398685262566 15
-0.557117465797033 -1.24171489239069 "1" 105 0.00707398685262566 15
-0.671350810375113 -1.56792239545179 "1" 105 0.00707398685262566 15
-0.773067000263025 0.969743126220279 "2" 105 0.00707398685262566 15
1.61529735574218 0.531858372506081 "3" 105 0.00707398685262566 15
-0.976892454617359 1.07106750090812 "2" 105 0.00707398685262566 15
0.176028421900513 -1.5435209356276 "1" 105 0.00707398685262566 15
-1.10135227141907 0.628570881918159 "2" 105 0.00707398685262566 15
-1.31547264547539 1.17767049184701 "2" 105 0.00707398685262566 15
0.928894055731199 0.425208964334109 "3" 105 0.00707398685262566 15
-1.24118751093268 1.2106648043621 "2" 105 0.00707398685262566 15
1.19942402659615 0.704524438529123 "3" 105 0.00707398685262566 15
-1.10417107558657 0.350234621591222 "3" 104 0.00758516756381705 16
-0.0189157761250539 1.06010293538151 "2" 104 0.00758516756381705 16
0.895788289627139 -0.609603468062359 "1" 104 0.00758516756381705 16
0.338140361958375 1.32647852479367 "2" 104 0.00758516756381705 16
-1.16453378980522 -0.307750879630778 "3" 104 0.00758516756381705 16
-1.06701385579903 -0.618572639562313 "3" 104 0.00758516756381705 16
0.383729738522957 1.22220087974586 "2" 104 0.00758516756381705 16
-0.777964048051928 0.456190453630558 "3" 104 0.00758516756381705 16
-1.53687479159012 0.0260007216607202 "3" 104 0.00758516756381705 16
1.05769744066723 -1.43872968983104 "1" 104 0.00758516756381705 16
0.315451793235165 1.49219444116251 "2" 104 0.00758516756381705 16
0.349680916873338 1.2407983750512 "2" 104 0.00758516756381705 16
0.656601172167271 -1.58504574055977 "1" 104 0.00758516756381705 16
0.694911662196092 -0.906093740785862 "1" 104 0.00758516756381705 16
-0.903386306741368 -0.00732073102733071 "3" 104 0.00758516756381705 16
0.487735788423915 -1.42755324174456 "1" 104 0.00758516756381705 16
0.801696461706818 -1.31852040516172 "1" 104 0.00758516756381705 16
1.47253784987577 -0.976397131213585 "1" 104 0.00758516756381705 16
0.634395093854968 0.665345060879948 "2" 104 0.00758516756381705 16
0.548606613059192 -1.43401409311842 "1" 104 0.00758516756381705 16
-0.923983689309929 -0.556188740871893 "3" 104 0.00758516756381705 16
0.796493533631938 -0.947000074713244 "1" 104 0.00758516756381705 16
-1.00812892796896 0.387079696717492 "3" 104 0.00758516756381705 16
0.244052985644625 1.18612653240202 "2" 104 0.00758516756381705 16
-1.13941873371787 0.318859838547863 "3" 104 0.00758516756381705 16
-1.50653953931528 0.179346053597093 "3" 104 0.00758516756381705 16
0.70808987402003 -1.66233774859478 "1" 104 0.00758516756381705 16
0.339962475776586 1.58428050948594 "2" 104 0.00758516756381705 16
-0.0801188176357448 1.09678985071396 "2" 104 0.00758516756381705 16
0.505477300405656 1.2030998295161 "2" 104 0.00758516756381705 16
0.609723824086828 1.46708783609916 "1" 60 0.00173312415298532 17
0.592098476034463 1.81011056468878 "1" 60 0.00173312415298532 17
0.396767701362017 1.94507112840927 "1" 60 0.00173312415298532 17
0.736679134860554 1.85603132682894 "1" 60 0.00173312415298532 17
0.856572747251834 1.7860445490332 "1" 60 0.00173312415298532 17
0.573001824428458 1.91346738884903 "1" 60 0.00173312415298532 17
0.313075549862083 1.59997976621654 "1" 60 0.00173312415298532 17
0.0362187332289989 1.69515169025099 "1" 60 0.00173312415298532 17
0.497089651186773 2.56278849148515 "1" 60 0.00173312415298532 17
0.576218446234045 2.17106305735081 "1" 60 0.00173312415298532 17
1.19887773801034 -0.912802459752667 "2" 60 0.00173312415298532 17
1.17284467538962 -0.935640733766776 "2" 60 0.00173312415298532 17
1.13177379603358 -1.22994872862416 "2" 60 0.00173312415298532 17
1.32581747672387 -1.24949852793235 "2" 60 0.00173312415298532 17
0.890566561718766 -1.81118901236553 "2" 60 0.00173312415298532 17
1.3146952977251 -0.775834004717667 "2" 60 0.00173312415298532 17
1.03131713928679 -0.838966052174997 "2" 60 0.00173312415298532 17
1.20998109037684 -1.9768693807878 "2" 60 0.00173312415298532 17
1.53548878535257 -1.23388130914924 "2" 60 0.00173312415298532 17
1.35727591266333 -0.826036237256848 "2" 60 0.00173312415298532 17
-1.89895215029643 -0.71723377800501 "3" 60 0.00173312415298532 17
-1.6005465873985 -0.990359297721402 "3" 60 0.00173312415298532 17
-1.82358786660961 -0.438909185047867 "3" 60 0.00173312415298532 17
-1.73049756086556 -0.231865465130206 "3" 60 0.00173312415298532 17
-1.95272597895223 -0.638290474719794 "3" 60 0.00173312415298532 17
-1.44556065282131 -0.754372443869379 "3" 60 0.00173312415298532 17
-1.28099637005265 -0.610915127592464 "3" 60 0.00173312415298532 17
-1.5691325203493 -1.34072769692462 "3" 60 0.00173312415298532 17
-1.9137541056861 -0.995507029131805 "3" 60 0.00173312415298532 17
-2.14033076878517 -0.297948854541275 "3" 60 0.00173312415298532 17
-1.6719698161342 -0.800176939234217 "2" 124 0.00774514599673064 18
-0.100380898608431 0.710637268644356 "3" 124 0.00774514599673064 18
0.652727874884805 -1.20655925429108 "1" 124 0.00774514599673064 18
-0.940966371239263 -0.579044532048192 "2" 124 0.00774514599673064 18
0.30019586417498 1.71799063083353 "3" 124 0.00774514599673064 18
0.00331024698640183 0.88213215181963 "3" 124 0.00774514599673064 18
0.0907382653320299 1.74034958519056 "3" 124 0.00774514599673064 18
-0.751609128309314 -0.218716719339113 "2" 124 0.00774514599673064 18
0.672461474671762 -0.278250372326695 "1" 124 0.00774514599673064 18
-0.979691857926636 -0.285433460006403 "2" 124 0.00774514599673064 18
-0.859249588000134 -0.251877593364222 "2" 124 0.00774514599673064 18
1.08224932461196 -1.2510194612166 "1" 124 0.00774514599673064 18
-0.894449443979319 0.00751883262244732 "2" 124 0.00774514599673064 18
0.53720260839283 -0.758605299814733 "1" 124 0.00774514599673064 18
0.919674145818317 -0.974593572649836 "1" 124 0.00774514599673064 18
-1.10821952248136 -0.45083027034972 "2" 124 0.00774514599673064 18
-0.824009249767925 0.069851533843276 "2" 124 0.00774514599673064 18
-0.0738108222154903 1.28382136072092 "3" 124 0.00774514599673064 18
1.34907724460855 -1.76618149990001 "1" 124 0.00774514599673064 18
-0.0254385819607353 1.6912621840287 "3" 124 0.00774514599673064 18
-0.831992354935646 -0.447261355201786 "2" 124 0.00774514599673064 18
1.02886894558623 -1.30550357372127 "1" 124 0.00774514599673064 18
0.181647993537507 1.60852791495634 "3" 124 0.00774514599673064 18
0.791354726330009 -0.939344918453098 "1" 124 0.00774514599673064 18
1.16988179418002 -1.30056048685858 "1" 124 0.00774514599673064 18
0.172104553744112 1.47564030228217 "3" 124 0.00774514599673064 18
0.155120658274341 1.45014857943935 "3" 124 0.00774514599673064 18
1.05686999580801 -1.12545551161345 "1" 124 0.00774514599673064 18
0.0440375139157328 0.984242574221135 "3" 124 0.00774514599673064 18
-1.14573559529915 0.317291901786581 "2" 124 0.00774514599673064 18
0.494892422537475 -1.72012626474071 "1" 84 0.0086127908899963 19
-0.776156311826397 0.793249441839595 "3" 84 0.0086127908899963 19
1.15290582940227 0.829080332929395 "2" 84 0.0086127908899963 19
1.23348654198345 1.19480915480656 "2" 84 0.0086127908899963 19
-0.0422377063943693 -1.24336654116384 "1" 84 0.0086127908899963 19
0.812686305699178 -1.15624812500101 "1" 84 0.0086127908899963 19
-0.0678797893641715 -1.24406244608417 "1" 84 0.0086127908899963 19
1.67033353502792 1.1897804227683 "2" 84 0.0086127908899963 19
0.822410125619553 0.711196494057263 "2" 84 0.0086127908899963 19
0.439901023961065 -1.31617784354277 "1" 84 0.0086127908899963 19
1.01860209834331 1.29855298703621 "2" 84 0.0086127908899963 19
-1.37759980347719 0.193100683937394 "3" 84 0.0086127908899963 19
-1.85071454357723 0.585598013471174 "3" 84 0.0086127908899963 19
0.406769288912182 0.318586839007056 "2" 84 0.0086127908899963 19
-1.47245716095673 0.25708905873671 "3" 84 0.0086127908899963 19
-1.47924148540736 -0.263357717870099 "3" 84 0.0086127908899963 19
-0.0698416974692118 -1.72180413084232 "1" 84 0.0086127908899963 19
-1.51323965655262 -0.0539042948930611 "3" 84 0.0086127908899963 19
0.920743683622075 -0.585650432689426 "1" 84 0.0086127908899963 19
-1.22849794663985 0.526220941546828 "3" 84 0.0086127908899963 19
-1.31905615303592 1.25442076361143 "3" 84 0.0086127908899963 19
1.07454469819465 1.01041709086948 "2" 84 0.0086127908899963 19
-1.52629320467413 0.154080082765478 "3" 84 0.0086127908899963 19
1.36049290838069 0.993889228290248 "2" 84 0.0086127908899963 19
0.452804219345857 -1.09079269942045 "1" 84 0.0086127908899963 19
-0.109681549070227 -1.47422769691225 "1" 84 0.0086127908899963 19
1.17215076520447 1.03923183761872 "2" 84 0.0086127908899963 19
0.601814802618196 0.55069198353637 "2" 84 0.0086127908899963 19
-0.900723209333277 0.345103058257746 "3" 84 0.0086127908899963 19
0.0990819689263363 -1.37538022192584 "1" 84 0.0086127908899963 19
-0.991340931695484 0.628064980997665 "3" 124 0.00919269092604303 20
-0.864599180360178 0.789338950946628 "3" 124 0.00919269092604303 20
-0.946906277538588 0.579868762858906 "3" 124 0.00919269092604303 20
-0.24471780324126 -1.54461904610523 "2" 124 0.00919269092604303 20
0.684872241272926 0.906240920653437 "1" 124 0.00919269092604303 20
0.857990379655754 1.04295804882115 "1" 124 0.00919269092604303 20
-1.38413519345542 -0.0700254452748767 "3" 124 0.00919269092604303 20
0.438012927020814 0.990182160082712 "1" 124 0.00919269092604303 20
-0.974181701891275 0.17957587578693 "3" 124 0.00919269092604303 20
0.284395820504853 -1.46449543388793 "2" 124 0.00919269092604303 20
0.793136790404798 1.26493031835006 "1" 124 0.00919269092604303 20
-0.278358670593427 -1.35654579295007 "2" 124 0.00919269092604303 20
-1.09490555957932 -0.0201629667889773 "3" 124 0.00919269092604303 20
1.48862337247106 1.05649930177473 "1" 124 0.00919269092604303 20
0.653060696794053 0.481834871117591 "1" 124 0.00919269092604303 20
0.101083650496159 -0.835929551636892 "2" 124 0.00919269092604303 20
0.789155355168943 0.83651482144197 "1" 124 0.00919269092604303 20
0.558513991266733 -1.03052074323764 "2" 124 0.00919269092604303 20
1.19022635614833 0.848711966063602 "1" 124 0.00919269092604303 20
-1.01638578473839 0.137212234160533 "3" 124 0.00919269092604303 20
0.50078326095608 0.789367663376731 "1" 124 0.00919269092604303 20
-0.571239884655538 0.778414855252357 "3" 124 0.00919269092604303 20
0.475622862816912 -0.887091943413572 "2" 124 0.00919269092604303 20
-1.10120717425062 0.128513159115463 "3" 124 0.00919269092604303 20
-1.05618540833363 -0.1389285498731 "3" 124 0.00919269092604303 20
0.306860534586133 -1.11538812216878 "2" 124 0.00919269092604303 20
0.229004536599728 -1.14458375867797 "2" 124 0.00919269092604303 20
-0.0735286020870883 -0.947800583337325 "2" 124 0.00919269092604303 20
0.617202820803198 -1.26582607064623 "2" 124 0.00919269092604303 20
0.629146575453748 0.383689117198137 "1" 124 0.00919269092604303 20
