"X1" "X2" "cl" "nbases" "wilks.lambda" ".sample"
-1.66817967201513 0.574486778398544 "3" 89 0.00025372347459561 1
0.23034936032442 -1.87023328938173 "1" 89 0.00025372347459561 1
-1.52042402842578 0.869167275541693 "3" 89 0.00025372347459561 1
0.379774280989063 -1.68788767982117 "1" 89 0.00025372347459561 1
1.52430191626113 1.06092862054072 "2" 89 0.00025372347459561 1
0.161551687977093 -1.85242185118011 "1" 89 0.00025372347459561 1
1.23052912148905 1.31193840462471 "2" 89 0.00025372347459561 1
1.10988404474159 0.990393811457564 "2" 89 0.00025372347459561 1
-1.34795136614456 0.85821519474957 "3" 89 0.00025372347459561 1
1.37041494917199 1.03584675796875 "2" 89 0.00025372347459561 1
0.269091214599445 -1.76020050343543 "1" 89 0.00025372347459561 1
-1.50999899421554 0.573740874948721 "3" 89 0.00025372347459561 1
-1.6847991199797 0.861655290347537 "3" 89 0.00025372347459561 1
1.07661720300674 1.28275193931379 "2" 89 0.00025372347459561 1
0.308631459662669 -1.5776229457867 "1" 89 0.00025372347459561 1
1.09074504667382 1.04832397939854 "2" 89 0.00025372347459561 1
0.228954071659459 -1.70137903599119 "1" 89 0.00025372347459561 1
1.06944868824416 1.16975968966444 "2" 89 0.00025372347459561 1
0.220756495158125 -1.94617154815948 "1" 89 0.00025372347459561 1
0.420057031531077 -2.18591665444354 "1" 89 0.00025372347459561 1
-1.64684754703629 0.721017746043365 "3" 89 0.00025372347459561 1
-1.11735866082835 0.630290632547079 "3" 89 0.00025372347459561 1
1.13116572559588 1.21206675536135 "2" 89 0.00025372347459561 1
0.386785512089823 -2.0640137897004 "1" 89 0.00025372347459561 1
-0.0659791531864212 -1.97149591016991 "1" 89 0.00025372347459561 1
-1.17574867937607 0.660381603869766 "3" 89 0.00025372347459561 1
1.43971747380528 1.14889486439506 "2" 89 0.00025372347459561 1
-1.41241693586375 0.746465192953145 "3" 89 0.00025372347459561 1
-1.33190561834881 0.605662835053622 "3" 89 0.00025372347459561 1
0.832834492439576 1.25535496089169 "2" 89 0.00025372347459561 1
1.39991956692463 -0.879036381844581 "3" 98 0.00027265325101798 2
-0.582421581863705 2.04807433466245 "2" 98 0.00027265325101798 2
-1.22047571167235 -1.61337428024869 "1" 98 0.00027265325101798 2
-0.840387163712553 -1.40720293723056 "1" 98 0.00027265325101798 2
1.79430054513721 -0.663094360248766 "3" 98 0.00027265325101798 2
-0.5399035189061 -1.26881227364498 "1" 98 0.00027265325101798 2
-1.06099182968057 -1.51861269444604 "1" 98 0.00027265325101798 2
-1.05943883112209 1.87285567897878 "2" 98 0.00027265325101798 2
-0.013002844027276 2.27486052875844 "2" 98 0.00027265325101798 2
-1.36417609985429 -1.20769653478972 "1" 98 0.00027265325101798 2
-0.681687098639462 -1.14601975509143 "1" 98 0.00027265325101798 2
-1.05943422357383 -1.36806130177297 "1" 98 0.00027265325101798 2
-0.671067761978924 2.03561633766192 "2" 98 0.00027265325101798 2
-0.609520660024277 2.07851552940207 "2" 98 0.00027265325101798 2
1.75055386082653 -0.837851056376597 "3" 98 0.00027265325101798 2
1.26301553940708 -0.849118351954171 "3" 98 0.00027265325101798 2
-1.07452611390207 -1.50740564836066 "1" 98 0.00027265325101798 2
-0.511127808613276 2.10858001594879 "2" 98 0.00027265325101798 2
1.20134808130511 -0.639626339076997 "3" 98 0.00027265325101798 2
-0.344729388565838 2.19043528551643 "2" 98 0.00027265325101798 2
-0.755080295536067 2.06993101178479 "2" 98 0.00027265325101798 2
1.45869767512417 -0.799389569839315 "3" 98 0.00027265325101798 2
-1.2078661479891 -1.51202399145087 "1" 98 0.00027265325101798 2
1.58960622106256 -0.781123329439012 "3" 98 0.00027265325101798 2
-0.798943075574133 -1.22484627087593 "1" 98 0.00027265325101798 2
-0.814507125818911 1.83297106989737 "2" 98 0.00027265325101798 2
1.63909715963112 -0.539079993204068 "3" 98 0.00027265325101798 2
-0.310591375018322 2.31506596973588 "2" 98 0.00027265325101798 2
1.85818706077408 -0.438296471649812 "3" 98 0.00027265325101798 2
1.56515294588065 -0.626234220801766 "3" 98 0.00027265325101798 2
-1.00683213456165 -1.90327051901674 "3" 80 0.000279620514241686 3
-0.768532774648131 -2.27047194870086 "3" 80 0.000279620514241686 3
-0.709602823997214 1.41332890054041 "2" 80 0.000279620514241686 3
1.6210955587045 0.707012989762261 "1" 80 0.000279620514241686 3
-0.558954931802039 1.2565616498405 "2" 80 0.000279620514241686 3
-0.701978768802995 1.54953350685846 "2" 80 0.000279620514241686 3
1.55384502553255 0.898846092843628 "1" 80 0.000279620514241686 3
-1.06980953117328 -1.8918165622994 "3" 80 0.000279620514241686 3
-0.779797493800605 1.63459456200595 "2" 80 0.000279620514241686 3
1.48143541903738 0.354404506261243 "1" 80 0.000279620514241686 3
-0.992585693720886 1.5010349136351 "2" 80 0.000279620514241686 3
-0.792200739799721 1.23994467760001 "2" 80 0.000279620514241686 3
1.65480126167234 0.600604405518821 "1" 80 0.000279620514241686 3
1.74793360044187 0.652662835838265 "1" 80 0.000279620514241686 3
-1.00833096623767 -1.96721685072471 "3" 80 0.000279620514241686 3
-0.955066831677669 1.41422605597432 "2" 80 0.000279620514241686 3
-1.00530655496434 -1.98897084409236 "3" 80 0.000279620514241686 3
-0.388309242269234 -2.08129432226855 "3" 80 0.000279620514241686 3
-0.582460196745476 -2.02209177705392 "3" 80 0.000279620514241686 3
-0.598012611949824 1.41665816696129 "2" 80 0.000279620514241686 3
1.78897936846003 0.47463135447919 "1" 80 0.000279620514241686 3
1.88127738041815 0.552711288801218 "1" 80 0.000279620514241686 3
-1.05653821704419 1.50252385458975 "2" 80 0.000279620514241686 3
1.54510667461659 0.977589648744905 "1" 80 0.000279620514241686 3
1.45792122365789 0.516312110962885 "1" 80 0.000279620514241686 3
-0.817567404720402 -1.97033455196828 "3" 80 0.000279620514241686 3
-0.700333554292512 -2.46935240680953 "3" 80 0.000279620514241686 3
-0.971168480699049 -2.20843487677779 "3" 80 0.000279620514241686 3
-0.598405722174624 1.46479251190136 "2" 80 0.000279620514241686 3
1.32939916254021 0.645280626592579 "1" 80 0.000279620514241686 3
1.8054428446867 -0.83826329230995 "3" 89 0.000282541490737376 4
1.47563323236503 -0.865059402625845 "3" 89 0.000282541490737376 4
0.333448580287986 1.83503862941797 "1" 89 0.000282541490737376 4
0.132476808490071 2.00940396150957 "1" 89 0.000282541490737376 4
-1.63282615644565 -0.873389554104791 "2" 89 0.000282541490737376 4
1.50054108337131 -0.872895788177451 "3" 89 0.000282541490737376 4
1.23062709950975 -0.938773087966912 "3" 89 0.000282541490737376 4
0.450135570232937 1.55418598500643 "1" 89 0.000282541490737376 4
-1.7516436588167 -0.549776998917556 "2" 89 0.000282541490737376 4
0.0479706214016809 1.86826667163773 "1" 89 0.000282541490737376 4
1.03320641872474 -0.814475332970716 "3" 89 0.000282541490737376 4
-1.71206344896518 -0.698367625283283 "2" 89 0.000282541490737376 4
1.4198520578989 -0.980324044739714 "3" 89 0.000282541490737376 4
-1.52553764413554 -1.00163953271811 "2" 89 0.000282541490737376 4
1.41865687792736 -1.07552190483423 "3" 89 0.000282541490737376 4
0.43998894423773 1.55370343919325 "1" 89 0.000282541490737376 4
-1.90216273444964 -0.594572686683149 "2" 89 0.000282541490737376 4
0.213964364045155 1.69505360997337 "1" 89 0.000282541490737376 4
1.18016651986701 -1.2333245646018 "3" 89 0.000282541490737376 4
-1.52961604320871 -0.654640571607971 "2" 89 0.000282541490737376 4
-1.71434261693425 -0.865260584552229 "2" 89 0.000282541490737376 4
-1.5985413488882 -0.72155537059693 "2" 89 0.000282541490737376 4
-2.0118323379472 -0.791697222198833 "2" 89 0.000282541490737376 4
-1.7163436077059 -0.897280213539061 "2" 89 0.000282541490737376 4
1.49667863754506 -1.10716954419047 "3" 89 0.000282541490737376 4
0.67728439952435 1.88431647100202 "1" 89 0.000282541490737376 4
0.592701721783903 1.71584676975056 "1" 89 0.000282541490737376 4
1.36855946556711 -0.889413327220205 "3" 89 0.000282541490737376 4
0.00750352322549641 1.59351690389659 "1" 89 0.000282541490737376 4
0.270070826804694 1.55406820845171 "1" 89 0.000282541490737376 4
0.424979256538095 -1.85963301846063 "1" 142 0.000288521698478389 5
0.416415855904291 -2.0845081087015 "1" 142 0.000288521698478389 5
1.34763589684771 1.71161816043427 "3" 142 0.000288521698478389 5
1.17585235773427 1.43010781710154 "3" 142 0.000288521698478389 5
-0.0186471307658502 -1.68886719899192 "1" 142 0.000288521698478389 5
0.407278187278781 -2.1410625290254 "1" 142 0.000288521698478389 5
1.07185963750411 1.83711590012586 "3" 142 0.000288521698478389 5
-1.47206037996499 0.127733065182444 "2" 142 0.000288521698478389 5
0.0709657885121848 -1.71627805389805 "1" 142 0.000288521698478389 5
0.162823521672306 -2.07706252006103 "1" 142 0.000288521698478389 5
-1.46475897674888 0.268445283487653 "2" 142 0.000288521698478389 5
0.927937136049162 1.64883509473097 "3" 142 0.000288521698478389 5
1.28345084198014 1.66089251242426 "3" 142 0.000288521698478389 5
1.4072947012163 1.55083948327482 "3" 142 0.000288521698478389 5
1.27823211155239 1.34195436720284 "3" 142 0.000288521698478389 5
-1.14782627953882 0.28841195820102 "2" 142 0.000288521698478389 5
-1.65375688826333 0.496452521721301 "2" 142 0.000288521698478389 5
1.17401157142439 1.44424125567669 "3" 142 0.000288521698478389 5
-0.252773884455735 -1.6850924628779 "1" 142 0.000288521698478389 5
-1.30357663437277 0.516757730779698 "2" 142 0.000288521698478389 5
-1.29748151228074 0.39063597077949 "2" 142 0.000288521698478389 5
0.0764654979643778 -1.58995662840924 "1" 142 0.000288521698478389 5
0.517625531671169 -2.08170207277136 "1" 142 0.000288521698478389 5
-1.64862884013334 0.315708331017671 "2" 142 0.000288521698478389 5
-1.1155354150172 0.324562010639814 "2" 142 0.000288521698478389 5
1.10083452114032 1.49428188876879 "3" 142 0.000288521698478389 5
-1.40362262277704 0.298286189605736 "2" 142 0.000288521698478389 5
0.0223594895416908 -1.90719422209038 "1" 142 0.000288521698478389 5
1.2826865557795 1.41421150613128 "3" 142 0.000288521698478389 5
-1.37003989599249 0.270265768001271 "2" 142 0.000288521698478389 5
0.571766280126991 -1.52614005987382 "2" 86 0.000310484698694321 6
-1.84786917716792 0.476876218882182 "3" 86 0.000310484698694321 6
-1.68099747473913 -0.109374863108242 "3" 86 0.000310484698694321 6
0.581375670892835 -1.69966737437301 "2" 86 0.000310484698694321 6
1.05178132979273 -2.04217621114114 "2" 86 0.000310484698694321 6
1.50705546752219 1.2725955839074 "1" 86 0.000310484698694321 6
0.966406863408787 -1.64390606125397 "2" 86 0.000310484698694321 6
-1.98662291855693 0.223201822157223 "3" 86 0.000310484698694321 6
-2.26990243618854 0.543458330045433 "3" 86 0.000310484698694321 6
1.32767717272181 1.26987379157985 "1" 86 0.000310484698694321 6
0.8967603085837 -1.62409256696841 "2" 86 0.000310484698694321 6
1.18948464664515 1.25930833042047 "1" 86 0.000310484698694321 6
-2.07779272076981 0.219800945345533 "3" 86 0.000310484698694321 6
-1.88239736947391 0.373987537265846 "3" 86 0.000310484698694321 6
0.973002193489696 1.12819174651028 "1" 86 0.000310484698694321 6
1.06208589098391 1.37040028561753 "1" 86 0.000310484698694321 6
1.02001571809654 1.34971766163564 "1" 86 0.000310484698694321 6
1.11208958267044 1.41714199757267 "1" 86 0.000310484698694321 6
0.566940087397578 -1.75504931105196 "2" 86 0.000310484698694321 6
0.829804847276045 -1.57069699202127 "2" 86 0.000310484698694321 6
0.664387004220606 -1.34064245404727 "2" 86 0.000310484698694321 6
1.08318910690986 1.52353403747365 "1" 86 0.000310484698694321 6
-1.79644620449026 -0.00788617111718411 "3" 86 0.000310484698694321 6
1.06159124519382 1.44968270824808 "1" 86 0.000310484698694321 6
-1.93233490023722 0.248119828249175 "3" 86 0.000310484698694321 6
1.34654808167547 1.03069899534749 "1" 86 0.000310484698694321 6
0.626705347159176 -1.26892278838988 "2" 86 0.000310484698694321 6
-1.83005958518835 0.261764847580791 "3" 86 0.000310484698694321 6
-1.65833564332146 0.412873405937883 "3" 86 0.000310484698694321 6
0.524091585366179 -1.24267322043097 "2" 86 0.000310484698694321 6
-0.249412402676313 1.82473627468374 "3" 114 0.000327458641119654 7
-1.26275851363498 -1.74947728225557 "1" 114 0.000327458641119654 7
1.94296690217323 -0.156054901702205 "2" 114 0.000327458641119654 7
0.0733856952515326 2.00199602511914 "3" 114 0.000327458641119654 7
1.74029525111914 -0.409417474009815 "2" 114 0.000327458641119654 7
-1.52159516355506 -1.74178074147369 "1" 114 0.000327458641119654 7
-0.427103926531057 2.03468197691125 "3" 114 0.000327458641119654 7
0.82143572266883 -0.113210683900988 "2" 114 0.000327458641119654 7
0.308103869774347 1.91618542791371 "3" 114 0.000327458641119654 7
1.45504154452952 -0.205626240324977 "2" 114 0.000327458641119654 7
-0.0888561207324391 1.863248985652 "3" 114 0.000327458641119654 7
-1.26776975631803 -1.75478972777631 "1" 114 0.000327458641119654 7
-0.39623001866729 2.19789007573517 "3" 114 0.000327458641119654 7
0.0066099499858851 1.95622158593001 "3" 114 0.000327458641119654 7
-0.895377553525521 -1.89102299032259 "1" 114 0.000327458641119654 7
1.12126568403735 0.0600488325643739 "2" 114 0.000327458641119654 7
-1.12747920675634 -1.85469743897643 "1" 114 0.000327458641119654 7
1.47421990874583 -0.315056668707665 "2" 114 0.000327458641119654 7
1.38701646501386 -0.186045218487272 "2" 114 0.000327458641119654 7
-0.457605695162761 2.01743138245766 "3" 114 0.000327458641119654 7
-1.35068506790439 -1.86662758417685 "1" 114 0.000327458641119654 7
-1.19645883221491 -1.67645273296336 "1" 114 0.000327458641119654 7
-1.22278878381265 -1.70299472667441 "1" 114 0.000327458641119654 7
-0.341470382573553 2.05331078556343 "3" 114 0.000327458641119654 7
-1.31872864850199 -1.37872307805737 "1" 114 0.000327458641119654 7
-1.24790750959257 -1.69622469450389 "1" 114 0.000327458641119654 7
1.20550384426049 -0.387270303677708 "2" 114 0.000327458641119654 7
1.48389199688381 -0.322395616613446 "2" 114 0.000327458641119654 7
-0.166102122030929 2.02562848880753 "3" 114 0.000327458641119654 7
1.51859286974698 -0.543511736733456 "2" 114 0.000327458641119654 7
-0.201236681125579 -1.89646798157294 "3" 90 0.000385174406736696 8
1.96500762486633 0.454761030747295 "1" 90 0.000385174406736696 8
1.74074005794431 0.217528914561316 "1" 90 0.000385174406736696 8
1.62360624960699 0.545769192889332 "1" 90 0.000385174406736696 8
1.51735690656343 0.80042828402935 "1" 90 0.000385174406736696 8
0.130392294672817 -1.87802458034706 "3" 90 0.000385174406736696 8
0.0200511529773759 -1.9815728481578 "3" 90 0.000385174406736696 8
-0.404574384125701 -1.57975235914243 "3" 90 0.000385174406736696 8
-1.58639477143506 1.03465573889265 "2" 90 0.000385174406736696 8
-1.38968013511312 1.64000930216968 "2" 90 0.000385174406736696 8
-1.58010940658785 1.37952432249355 "2" 90 0.000385174406736696 8
1.75497372980858 0.109132588690015 "1" 90 0.000385174406736696 8
-1.77396747078741 1.30658568668686 "2" 90 0.000385174406736696 8
-1.65790640700989 1.56497033876208 "2" 90 0.000385174406736696 8
1.5500856010362 -0.135683464581548 "1" 90 0.000385174406736696 8
-0.297014215862386 -1.66535214817524 "3" 90 0.000385174406736696 8
-1.31384742174908 1.46808558780572 "2" 90 0.000385174406736696 8
1.87737270487527 0.309329039937156 "1" 90 0.000385174406736696 8
-0.138600421866497 -1.66503001833469 "3" 90 0.000385174406736696 8
-1.34977632764149 1.45143670876456 "2" 90 0.000385174406736696 8
-0.323602471152378 -1.95964572743855 "3" 90 0.000385174406736696 8
-1.70383872499865 1.22839472964533 "2" 90 0.000385174406736696 8
-1.42171314153387 1.67896425940622 "2" 90 0.000385174406736696 8
1.48563881286278 0.441107472666345 "1" 90 0.000385174406736696 8
-0.0536855949371508 -1.71812996856519 "3" 90 0.000385174406736696 8
1.3622758029577 0.547209599213833 "1" 90 0.000385174406736696 8
1.57360338371651 0.555961389889235 "1" 90 0.000385174406736696 8
0.128413648908351 -1.9604275485328 "3" 90 0.000385174406736696 8
-1.43098694714233 1.35076118824892 "2" 90 0.000385174406736696 8
-0.102583447728215 -1.64452873065117 "3" 90 0.000385174406736696 8
0.0385386036121002 1.5059175505929 "1" 80 0.000481489033105884 9
-0.0950574748129555 1.61264058922737 "1" 80 0.000481489033105884 9
-0.00735438251772212 1.93936926104093 "1" 80 0.000481489033105884 9
0.160393068301499 1.7987787386088 "1" 80 0.000481489033105884 9
0.0951189664991883 2.27783928551924 "1" 80 0.000481489033105884 9
0.0720714058089811 1.87657645654401 "1" 80 0.000481489033105884 9
-0.042476263682898 1.84014894896405 "1" 80 0.000481489033105884 9
0.117682452720457 2.0485856868413 "1" 80 0.000481489033105884 9
-0.321213999478679 1.78543615588126 "1" 80 0.000481489033105884 9
-0.110114049205759 2.10224793690055 "1" 80 0.000481489033105884 9
-1.7865395594554 -0.570856191106554 "2" 80 0.000481489033105884 9
-1.27288380283333 -0.50497521084302 "2" 80 0.000481489033105884 9
-1.48270182565251 -0.800808477898973 "2" 80 0.000481489033105884 9
-1.44616211033089 -0.476202095168613 "2" 80 0.000481489033105884 9
-1.69770692354719 -0.738936327200777 "2" 80 0.000481489033105884 9
-1.72502906878095 -0.417819550680508 "2" 80 0.000481489033105884 9
-1.06789866912515 -0.37040900681773 "2" 80 0.000481489033105884 9
-1.48136623346298 -1.1069389362287 "2" 80 0.000481489033105884 9
-1.41085116598206 -0.631349019109035 "2" 80 0.000481489033105884 9
-1.78511328534226 -0.116657514116395 "2" 80 0.000481489033105884 9
1.52177414786522 -1.35955520663191 "3" 80 0.000481489033105884 9
1.51767661999888 -1.4651827492594 "3" 80 0.000481489033105884 9
1.64337788230247 -1.15822642877535 "3" 80 0.000481489033105884 9
1.19593435070561 -1.02995840362178 "3" 80 0.000481489033105884 9
1.37653453386894 -1.41824029860917 "3" 80 0.000481489033105884 9
1.51862679098831 -1.19956715010829 "3" 80 0.000481489033105884 9
1.68697395528313 -1.40222572853863 "3" 80 0.000481489033105884 9
1.62691133423899 -1.42352228859095 "3" 80 0.000481489033105884 9
1.74537094961328 -1.45681592800774 "3" 80 0.000481489033105884 9
1.41548375240369 -1.13929409880688 "3" 80 0.000481489033105884 9
1.34367693786504 0.869857694232519 "2" 103 0.000402151466322126 10
0.420970923646576 -1.77451516637914 "3" 103 0.000402151466322126 10
1.34232399729347 1.19908251766442 "2" 103 0.000402151466322126 10
0.330163383322668 -1.48590596550881 "3" 103 0.000402151466322126 10
-2.02170731288951 0.537008273134393 "1" 103 0.000402151466322126 10
1.30318243167306 1.0393405303576 "2" 103 0.000402151466322126 10
-1.68008097116737 1.20014376513724 "1" 103 0.000402151466322126 10
1.31551485749279 0.931371868367533 "2" 103 0.000402151466322126 10
0.43027508491994 -2.10379175441401 "3" 103 0.000402151466322126 10
-2.17950869303755 0.850939489193297 "1" 103 0.000402151466322126 10
0.895104390855591 -1.68979167848346 "3" 103 0.000402151466322126 10
-1.86424309621659 0.819487097497803 "1" 103 0.000402151466322126 10
1.47616812836422 1.21561492962578 "2" 103 0.000402151466322126 10
0.764291812042624 -1.8841815109092 "3" 103 0.000402151466322126 10
0.448749403710637 -1.67669938272799 "3" 103 0.000402151466322126 10
1.49510869882897 0.605609538604586 "2" 103 0.000402151466322126 10
-2.0946272276927 0.777875951162138 "1" 103 0.000402151466322126 10
1.38326837799602 1.08245897078387 "2" 103 0.000402151466322126 10
1.40901832064114 0.778988918324414 "2" 103 0.000402151466322126 10
1.34906497206246 1.07548617251844 "2" 103 0.000402151466322126 10
-2.12928506776138 0.786038669721986 "1" 103 0.000402151466322126 10
0.539659700719498 -1.39451876924837 "3" 103 0.000402151466322126 10
-1.6027963112244 0.948249908210672 "1" 103 0.000402151466322126 10
0.646702604649167 -1.81188554078987 "3" 103 0.000402151466322126 10
1.55100856735683 0.737374015889843 "2" 103 0.000402151466322126 10
-1.86627776899783 0.838609847385154 "1" 103 0.000402151466322126 10
-2.07341185970773 0.643530034600613 "1" 103 0.000402151466322126 10
0.563107432362412 -1.78230650826213 "3" 103 0.000402151466322126 10
0.93055563544457 -1.64088367696055 "3" 103 0.000402151466322126 10
-2.42597735255263 0.307411761271219 "1" 103 0.000402151466322126 10
-1.47510618442705 0.742261943996826 "3" 103 0.00041054762137492 11
1.85371006357496 0.772643317465109 "1" 103 0.00041054762137492 11
-1.71552014799027 1.28303250566498 "3" 103 0.00041054762137492 11
-1.14468473949727 1.51691508311227 "3" 103 0.00041054762137492 11
-0.174935358470955 -1.63448819073361 "2" 103 0.00041054762137492 11
1.82662749890149 0.714254049245313 "1" 103 0.00041054762137492 11
-0.29636765298457 -1.46949772580194 "2" 103 0.00041054762137492 11
-1.77176160269123 1.06713044928302 "3" 103 0.00041054762137492 11
-1.33175060088696 1.13803519156432 "3" 103 0.00041054762137492 11
1.8662944763742 0.639809813434535 "1" 103 0.00041054762137492 11
-0.379704468481233 -2.00893364433551 "2" 103 0.00041054762137492 11
-1.70605486420883 0.999795919517365 "3" 103 0.00041054762137492 11
-1.1934237778114 1.3363654939282 "3" 103 0.00041054762137492 11
1.82934656070554 0.444694776809147 "1" 103 0.00041054762137492 11
-0.444341073081811 -1.77111816769792 "2" 103 0.00041054762137492 11
1.71308602791373 0.370582310488342 "1" 103 0.00041054762137492 11
-1.57438610279225 1.60680979514885 "3" 103 0.00041054762137492 11
1.64518730710027 0.272317165458349 "1" 103 0.00041054762137492 11
-0.245628132706451 -1.57291756293644 "2" 103 0.00041054762137492 11
1.95012884542199 0.153164454205447 "1" 103 0.00041054762137492 11
-0.432126730560461 -1.84557153959658 "2" 103 0.00041054762137492 11
-1.25810997633741 1.28169430991544 "3" 103 0.00041054762137492 11
-1.52409288506731 1.47536408124392 "3" 103 0.00041054762137492 11
1.5413531397506 0.302291568985446 "1" 103 0.00041054762137492 11
1.83454056828465 0.0695848587028137 "1" 103 0.00041054762137492 11
-0.137791997060577 -1.90138974792594 "2" 103 0.00041054762137492 11
1.87130075311648 0.4670241938239 "1" 103 0.00041054762137492 11
-0.43196466967033 -1.54573810751713 "2" 103 0.00041054762137492 11
-0.454573419927453 -1.41927871305806 "2" 103 0.00041054762137492 11
-0.239250856490091 -1.48483788239049 "2" 103 0.00041054762137492 11
-1.52451658220816 -1.33923885662157 "3" 86 0.000415316813326964 12
-1.3841257914442 -1.32534135955117 "3" 86 0.000415316813326964 12
-1.2363398402594 -1.30568102044247 "3" 86 0.000415316813326964 12
1.4501090681595 -0.408754768798386 "2" 86 0.000415316813326964 12
1.65677901956755 -0.317102543053868 "2" 86 0.000415316813326964 12
1.67811139059761 -0.616891774110467 "2" 86 0.000415316813326964 12
1.6396405163368 -0.074464627969188 "2" 86 0.000415316813326964 12
-0.373639345559566 1.67486731892471 "1" 86 0.000415316813326964 12
-0.549604068985655 1.89106973923791 "1" 86 0.000415316813326964 12
-1.24074234178088 -1.44485454974473 "3" 86 0.000415316813326964 12
-1.36436061614625 -1.29480138837229 "3" 86 0.000415316813326964 12
-0.387462394851643 1.40729839717848 "1" 86 0.000415316813326964 12
0.332449902854723 1.62467585138265 "1" 86 0.000415316813326964 12
-1.23679768639305 -1.57035496489903 "3" 86 0.000415316813326964 12
-0.596560814643146 1.72222218877078 "1" 86 0.000415316813326964 12
-1.26043300923012 -1.23732810428187 "3" 86 0.000415316813326964 12
1.76067502083585 -0.411278358934737 "2" 86 0.000415316813326964 12
1.75562979818101 -0.541825197254549 "2" 86 0.000415316813326964 12
-0.891715828823749 -1.2496925930724 "3" 86 0.000415316813326964 12
1.57830058391247 -0.0591084958359201 "2" 86 0.000415316813326964 12
-1.217391858496 -1.42929498349392 "3" 86 0.000415316813326964 12
1.36120738163394 -0.286380187566267 "2" 86 0.000415316813326964 12
-0.584164206609959 1.86415310865455 "1" 86 0.000415316813326964 12
1.4730865712154 -0.390599254266666 "2" 86 0.000415316813326964 12
-0.510236963614626 1.57574530684583 "1" 86 0.000415316813326964 12
1.58247180888992 -0.689935546757036 "2" 86 0.000415316813326964 12
-0.394548779421857 1.90115895674278 "1" 86 0.000415316813326964 12
-0.418510933358809 1.99170072230851 "1" 86 0.000415316813326964 12
-0.259686284086179 1.72864450369448 "1" 86 0.000415316813326964 12
-0.837623716271521 -1.38860751871414 "3" 86 0.000415316813326964 12
-1.48650649854736 0.147060603979779 "1" 104 0.000468654884729087 13
-1.70822608830256 -0.275127144233714 "1" 104 0.000468654884729087 13
-1.904687845449 -0.263653004088175 "1" 104 0.000468654884729087 13
0.968789397043338 1.69136247452649 "2" 104 0.000468654884729087 13
1.04096003559235 -1.54140765788724 "3" 104 0.000468654884729087 13
0.662091763817218 1.53487639462137 "2" 104 0.000468654884729087 13
0.708688450028084 1.80088008450201 "2" 104 0.000468654884729087 13
0.551083742286141 -1.84517046633403 "3" 104 0.000468654884729087 13
-1.2164551766071 -0.0213970293372224 "1" 104 0.000468654884729087 13
0.569579469858268 1.73546216595448 "2" 104 0.000468654884729087 13
1.24336278425998 -1.79943211741312 "3" 104 0.000468654884729087 13
-1.73990700247666 0.00745843375854791 "1" 104 0.000468654884729087 13
-1.60547888084532 -0.0593137504617969 "1" 104 0.000468654884729087 13
0.566003863045874 1.72434636997374 "2" 104 0.000468654884729087 13
-1.44561909035811 -0.12278188475342 "1" 104 0.000468654884729087 13
0.703973398941319 -1.20243714307563 "3" 104 0.000468654884729087 13
-1.5762874698854 -0.466129100205043 "1" 104 0.000468654884729087 13
-1.66076340894012 -0.423283141871543 "1" 104 0.000468654884729087 13
0.745225598326923 -1.62367338550886 "3" 104 0.000468654884729087 13
0.68098478682913 1.9714272400732 "2" 104 0.000468654884729087 13
0.812655839192233 2.03765844014308 "2" 104 0.000468654884729087 13
1.04964592400003 -1.4703289925381 "3" 104 0.000468654884729087 13
0.82470948914831 -1.76199712018915 "3" 104 0.000468654884729087 13
0.532017338709855 1.62248831355086 "2" 104 0.000468654884729087 13
1.19804528079721 -1.50756357941922 "3" 104 0.000468654884729087 13
1.17195969066005 -1.29238929504101 "3" 104 0.000468654884729087 13
0.863882236166476 -1.53991108996907 "3" 104 0.000468654884729087 13
-1.82307563032487 -0.424048699583635 "1" 104 0.000468654884729087 13
0.87850624480213 1.60970300891206 "2" 104 0.000468654884729087 13
0.394841758231582 1.75732107191436 "2" 104 0.000468654884729087 13
-1.49006979707742 -0.776206574064869 "3" 90 0.000472992754467656 14
-1.15373842946963 -0.772445890205389 "3" 90 0.000472992754467656 14
-1.73131868783551 -0.817620110330844 "3" 90 0.000472992754467656 14
0.122337055499291 1.9071212999733 "1" 90 0.000472992754467656 14
-0.0943529665858292 1.65922480559774 "1" 90 0.000472992754467656 14
1.57582267361987 -1.02889173129191 "2" 90 0.000472992754467656 14
-1.62398410586647 -0.878988516369619 "3" 90 0.000472992754467656 14
1.44128259686421 -0.828615157650106 "2" 90 0.000472992754467656 14
-1.00669048338147 -0.788829334022477 "3" 90 0.000472992754467656 14
-1.79323093301681 -0.524066133085626 "3" 90 0.000472992754467656 14
-1.3975326086349 -0.634117787880221 "3" 90 0.000472992754467656 14
-1.54659446228797 -0.579996181166623 "3" 90 0.000472992754467656 14
-0.247444385934827 1.67579838727938 "1" 90 0.000472992754467656 14
-0.341771461806855 1.62031938100344 "1" 90 0.000472992754467656 14
-0.12369359991529 1.80717082161833 "1" 90 0.000472992754467656 14
1.39897602369739 -1.18916563777135 "2" 90 0.000472992754467656 14
-1.49179898631208 -0.904640967295405 "3" 90 0.000472992754467656 14
1.45968827559985 -0.897295614941699 "2" 90 0.000472992754467656 14
1.22439499592414 -1.32680556247179 "2" 90 0.000472992754467656 14
-1.42822506650861 -0.410539220298218 "3" 90 0.000472992754467656 14
1.56900237496887 -1.14343472308872 "2" 90 0.000472992754467656 14
0.213708799213299 1.56337231079116 "1" 90 0.000472992754467656 14
0.061003291108614 1.88528535357103 "1" 90 0.000472992754467656 14
1.60421854031749 -1.116440654155 "2" 90 0.000472992754467656 14
1.68151778798003 -1.23842229885475 "2" 90 0.000472992754467656 14
-0.0121240659888627 1.81427528917606 "1" 90 0.000472992754467656 14
-0.172511184184718 2.38744039426436 "1" 90 0.000472992754467656 14
1.84644014278448 -1.25847335256471 "2" 90 0.000472992754467656 14
1.77538492912954 -0.999657606225068 "2" 90 0.000472992754467656 14
-0.31869626189982 1.79464501045959 "1" 90 0.000472992754467656 14
1.06518429928557 -0.535015174436921 "1" 123 0.000503530285574077 15
0.459568844651579 1.90876599139929 "3" 123 0.000503530285574077 15
0.47138178123066 1.60534789761867 "3" 123 0.000503530285574077 15
-1.48234933233968 -1.06554463864226 "2" 123 0.000503530285574077 15
1.27738181902493 -0.900665911418411 "1" 123 0.000503530285574077 15
-1.47715177172925 -1.02888751950207 "2" 123 0.000503530285574077 15
-1.50776653353672 -0.891353301455568 "2" 123 0.000503530285574077 15
0.789376478215608 -0.827472229069679 "1" 123 0.000503530285574077 15
1.172409454094 -0.807236100601196 "1" 123 0.000503530285574077 15
-1.72236047388416 -1.14576559632535 "2" 123 0.000503530285574077 15
-1.65491305829558 -0.610051125956138 "2" 123 0.000503530285574077 15
-1.62252815363463 -0.402091212022791 "2" 123 0.000503530285574077 15
1.28989307032733 -0.463577380542506 "1" 123 0.000503530285574077 15
0.405928967715376 1.69458334278785 "3" 123 0.000503530285574077 15
0.447965178882692 1.79111462723528 "3" 123 0.000503530285574077 15
1.10863053251296 -0.843422343107493 "1" 123 0.000503530285574077 15
-1.63722659378085 -0.51795951572192 "2" 123 0.000503530285574077 15
1.27258094688276 -0.837541358648207 "1" 123 0.000503530285574077 15
-1.57521502341687 -0.963170679213647 "2" 123 0.000503530285574077 15
0.240281896020365 1.32390759086678 "3" 123 0.000503530285574077 15
-1.87099356317362 -0.702926565066839 "2" 123 0.000503530285574077 15
0.125502201160375 1.46386645423454 "3" 123 0.000503530285574077 15
1.34068030977204 -1.00189525603798 "1" 123 0.000503530285574077 15
0.306901966321463 1.58803087674217 "3" 123 0.000503530285574077 15
1.13804149106896 -1.00157374905608 "1" 123 0.000503530285574077 15
1.31976414321701 -0.997370414512425 "1" 123 0.000503530285574077 15
0.657328193209107 1.65402399169296 "3" 123 0.000503530285574077 15
0.76083751831883 1.51276303926525 "3" 123 0.000503530285574077 15
-1.45383223936856 -0.696182680816415 "2" 123 0.000503530285574077 15
0.354697651248292 1.69729894031113 "3" 123 0.000503530285574077 15
1.90348192783095 0.0729913725798091 "3" 98 0.000512798588554237 16
-0.35903297525571 1.68022817107398 "2" 98 0.000512798588554237 16
-0.515873730253596 1.41650563323815 "2" 98 0.000512798588554237 16
-1.05471493671814 -1.96636465133615 "1" 98 0.000512798588554237 16
1.96816373057729 -0.180363476172549 "3" 98 0.000512798588554237 16
1.66401770413773 -0.212596171502062 "3" 98 0.000512798588554237 16
-1.28872204289743 -1.93164791647561 "1" 98 0.000512798588554237 16
-0.92364685286578 -1.69707893711176 "1" 98 0.000512798588554237 16
1.8735498914504 -0.0762642423831132 "3" 98 0.000512798588554237 16
-0.643861833828337 2.17384569036529 "2" 98 0.000512798588554237 16
-0.796269381088719 -1.51104975399193 "1" 98 0.000512798588554237 16
1.99557774687254 -0.319248383673849 "3" 98 0.000512798588554237 16
-1.24737971515065 -1.6157140402253 "1" 98 0.000512798588554237 16
-1.15478801464073 1.92105315024796 "2" 98 0.000512798588554237 16
1.70016479640753 -0.0409864879515371 "3" 98 0.000512798588554237 16
-0.91173351086752 -1.61277209033343 "1" 98 0.000512798588554237 16
-1.1816996453604 -1.67789911840054 "1" 98 0.000512798588554237 16
-0.661689950689603 1.68029463732338 "2" 98 0.000512798588554237 16
1.86670371279406 -0.592250182077679 "3" 98 0.000512798588554237 16
-0.925330222254995 -1.6021695562712 "1" 98 0.000512798588554237 16
-0.973516309320945 2.04284268118328 "2" 98 0.000512798588554237 16
-0.768349797535318 1.66309111214621 "2" 98 0.000512798588554237 16
1.33692395390186 -0.150830605776161 "3" 98 0.000512798588554237 16
-1.01954632090931 -1.37582435126376 "1" 98 0.000512798588554237 16
1.49223806931221 0.0512265371377502 "3" 98 0.000512798588554237 16
-0.42350849960456 1.89047049902114 "2" 98 0.000512798588554237 16
-1.27868959336399 -1.81141896676718 "1" 98 0.000512798588554237 16
-0.631748209739491 2.05013101536832 "2" 98 0.000512798588554237 16
-1.13988544201876 1.92319408232794 "2" 98 0.000512798588554237 16
2.09916545107942 -0.191395650299388 "3" 98 0.000512798588554237 16
-1.21707293437233 1.32405312540293 "3" 118 0.000531330124426077 17
1.99854661886263 0.0110930547475478 "2" 118 0.000531330124426077 17
-0.794477767249548 -2.0693369817449 "1" 118 0.000531330124426077 17
1.71414375894951 0.28549266087862 "2" 118 0.000531330124426077 17
1.71878642908518 0.0877641287692635 "2" 118 0.000531330124426077 17
-0.437208898863423 -1.36042060573635 "1" 118 0.000531330124426077 17
-1.72383724883918 1.33894802357849 "3" 118 0.000531330124426077 17
-0.29592283634092 -1.73265356099881 "1" 118 0.000531330124426077 17
-1.40945746402837 1.6617673038647 "3" 118 0.000531330124426077 17
-1.59743626970997 1.83978758112672 "3" 118 0.000531330124426077 17
-0.169784406275915 -1.92513111813754 "1" 118 0.000531330124426077 17
-0.0818775208560981 -1.65291888088704 "1" 118 0.000531330124426077 17
-1.40753228927187 1.82040325948556 "3" 118 0.000531330124426077 17
1.75297890111006 -0.0189090446612439 "2" 118 0.000531330124426077 17
-0.37708027553752 -1.78371279858621 "1" 118 0.000531330124426077 17
1.80306800908575 0.39743317561339 "2" 118 0.000531330124426077 17
-1.69540951061432 1.40357981763321 "3" 118 0.000531330124426077 17
2.01924557556548 0.336635581344329 "2" 118 0.000531330124426077 17
-0.167841567546485 -1.48581436614971 "1" 118 0.000531330124426077 17
2.02426357250655 0.223217485061816 "2" 118 0.000531330124426077 17
-1.64575628961855 1.22363798141884 "3" 118 0.000531330124426077 17
0.102789598686907 -1.6154221926425 "1" 118 0.000531330124426077 17
1.64593676142648 0.257336622194202 "2" 118 0.000531330124426077 17
-0.239735842825388 -1.70905607679543 "1" 118 0.000531330124426077 17
-1.33301591026885 1.45549527586539 "3" 118 0.000531330124426077 17
1.34606481650355 0.16035160153909 "2" 118 0.000531330124426077 17
-1.3024860884589 1.5145609960823 "3" 118 0.000531330124426077 17
1.35889666435047 -0.159182894080546 "2" 118 0.000531330124426077 17
-1.37795817699444 1.95288497314288 "3" 118 0.000531330124426077 17
-0.210829408460475 -1.78188412732898 "1" 118 0.000531330124426077 17
0.120368792353571 -1.76020303624956 "2" 137 0.000532692404290563 18
-1.92056223359521 0.316290838659297 "1" 137 0.000532692404290563 18
0.0956896642210062 -2.08803697778746 "2" 137 0.000532692404290563 18
-0.135386140486504 -1.48536115103576 "2" 137 0.000532692404290563 18
1.46157042277575 1.32354069634641 "3" 137 0.000532692404290563 18
0.552412069605631 -2.30112437544336 "2" 137 0.000532692404290563 18
1.93072438315087 1.06245213964193 "3" 137 0.000532692404290563 18
-0.113357853033087 -1.7595439821472 "2" 137 0.000532692404290563 18
-0.00653633958003555 -1.92869779850304 "2" 137 0.000532692404290563 18
1.64621377253694 1.65593402549754 "3" 137 0.000532692404290563 18
1.5250273523902 1.65506596027141 "3" 137 0.000532692404290563 18
0.22971732723547 -1.83191216344646 "2" 137 0.000532692404290563 18
-1.83609093639392 0.90605666056193 "1" 137 0.000532692404290563 18
-1.57467182676664 0.16378479300318 "1" 137 0.000532692404290563 18
0.413193374394604 -2.40046957849933 "2" 137 0.000532692404290563 18
0.137627967562939 -1.76158785955936 "2" 137 0.000532692404290563 18
-1.62899720442153 0.2272364892753 "1" 137 0.000532692404290563 18
1.62020024749051 1.65976773331581 "3" 137 0.000532692404290563 18
-1.3583294169268 -0.0467103286612435 "1" 137 0.000532692404290563 18
1.65944382401197 1.7137187747618 "3" 137 0.000532692404290563 18
-0.0747473300300048 -1.62024975451139 "2" 137 0.000532692404290563 18
1.08493014945662 1.82676191207487 "3" 137 0.000532692404290563 18
-1.62528423172861 -0.0456508430551004 "1" 137 0.000532692404290563 18
1.79438918006766 1.51892361817068 "3" 137 0.000532692404290563 18
1.32137057760517 2.01281029249961 "3" 137 0.000532692404290563 18
1.44503780081582 1.73638664011162 "3" 137 0.000532692404290563 18
-2.23714410604268 0.557910381223663 "1" 137 0.000532692404290563 18
-1.46170180243182 0.0605251013774917 "1" 137 0.000532692404290563 18
-1.66730390591962 0.324922204572925 "1" 137 0.000532692404290563 18
-1.39780357831828 0.307459587533802 "1" 137 0.000532692404290563 18
0.92013294717397 1.64607628754396 "3" 101 0.00053825419215449 19
-1.93729203838943 -1.52491935703235 "1" 101 0.00053825419215449 19
1.50413456055879 -0.956331585642752 "2" 101 0.00053825419215449 19
-1.5968801441424 -1.10831906206033 "1" 101 0.00053825419215449 19
1.69649103961539 -1.11156070979175 "2" 101 0.00053825419215449 19
0.0958012428393288 2.59597342152169 "3" 101 0.00053825419215449 19
0.400821625334795 2.25180862710101 "3" 101 0.00053825419215449 19
-1.66014315915869 -1.7327265045769 "1" 101 0.00053825419215449 19
-2.1430858074122 -1.18801417224659 "1" 101 0.00053825419215449 19
0.0822549148462573 2.3152330367553 "3" 101 0.00053825419215449 19
1.43545572427035 -0.910903993528348 "2" 101 0.00053825419215449 19
-2.02499004935966 -1.2191978134679 "1" 101 0.00053825419215449 19
0.814436226766605 1.92085252470183 "3" 101 0.00053825419215449 19
1.55539159772823 -0.959698071708055 "2" 101 0.00053825419215449 19
1.76536853604182 -1.11542799574156 "2" 101 0.00053825419215449 19
0.374029566826997 2.25457177070085 "3" 101 0.00053825419215449 19
-2.09339399387986 -0.848337061003959 "1" 101 0.00053825419215449 19
-1.50480940620954 -1.48914997319281 "1" 101 0.00053825419215449 19
-1.3569127949514 -1.627934001199 "1" 101 0.00053825419215449 19
1.47480434118578 -0.82052609759052 "2" 101 0.00053825419215449 19
-1.82035978412832 -1.0225856662292 "1" 101 0.00053825419215449 19
0.242454866904706 2.37010939586395 "3" 101 0.00053825419215449 19
0.118529773716398 2.1634119547695 "3" 101 0.00053825419215449 19
0.0238106225614742 1.98981484133432 "3" 101 0.00053825419215449 19
1.52285292506441 -0.554343625482982 "2" 101 0.00053825419215449 19
-0.254954559064555 2.44876591865009 "3" 101 0.00053825419215449 19
1.5529255608153 -0.811090486812731 "2" 101 0.00053825419215449 19
1.00724403899443 -0.713352150914453 "2" 101 0.00053825419215449 19
1.54327570165498 -1.08204326893119 "2" 101 0.00053825419215449 19
-1.73739407620395 -1.16015618178912 "1" 101 0.00053825419215449 19
1.08920638266573 -0.191362994507924 "2" 113 0.000546727902900795 20
-1.5450965476214 -1.77388424941612 "3" 113 0.000546727902900795 20
1.54127261622565 -0.339548482494798 "2" 113 0.000546727902900795 20
-1.43138464504683 -1.60073021576214 "3" 113 0.000546727902900795 20
2.15358311158984 -0.451536692822572 "2" 113 0.000546727902900795 20
2.43544541573442 -0.140778262734931 "2" 113 0.000546727902900795 20
-0.0312378418893812 1.94674215452697 "1" 113 0.000546727902900795 20
-1.53532719956796 -1.86677972412584 "3" 113 0.000546727902900795 20
1.46725630332987 -0.199097320220278 "2" 113 0.000546727902900795 20
-0.31052826270868 2.15966650718772 "1" 113 0.000546727902900795 20
0.0408782435993149 1.91732357925436 "1" 113 0.000546727902900795 20
-1.54777852037977 -1.64738652306628 "3" 113 0.000546727902900795 20
2.13144940344797 -0.0556418711805769 "2" 113 0.000546727902900795 20
-0.55585161181614 1.80708289614632 "1" 113 0.000546727902900795 20
-0.462636765566393 1.74366648982313 "1" 113 0.000546727902900795 20
1.69910749365328 -0.171302406517136 "2" 113 0.000546727902900795 20
-1.11837908899429 -1.73953026315006 "3" 113 0.000546727902900795 20
-1.2117559791185 -1.41470459896566 "3" 113 0.000546727902900795 20
-1.62650642999376 -1.6408312732585 "3" 113 0.000546727902900795 20
1.53644283992529 -0.130175289013398 "2" 113 0.000546727902900795 20
-1.07573839719968 1.94597721639095 "1" 113 0.000546727902900795 20
1.17157641232032 -0.256057176643639 "2" 113 0.000546727902900795 20
0.0391052609024196 1.81982398513683 "1" 113 0.000546727902900795 20
-0.273998320785821 1.55811782429533 "1" 113 0.000546727902900795 20
-1.58317536824519 -1.72242666383792 "3" 113 0.000546727902900795 20
-0.525587307203523 1.80752937508748 "1" 113 0.000546727902900795 20
1.86363761558745 0.0270456397767556 "2" 113 0.000546727902900795 20
-1.17824720930565 -1.76867040599266 "3" 113 0.000546727902900795 20
-1.03324647040982 -1.56731850510987 "3" 113 0.000546727902900795 20
-0.122485133128753 1.94478725119447 "1" 113 0.000546727902900795 20
