"X1" "X2" "cl" "nbases" "wilks.lambda" ".sample"
0.708806770989022 1.34640820697662 "2" 68 0.000530785703022761 1
-1.95741313455209 -0.609113300192722 "3" 68 0.000530785703022761 1
1.00187254164393 -1.08207225434294 "1" 68 0.000530785703022761 1
-1.86243005311492 -0.428942927277374 "3" 68 0.000530785703022761 1
-1.58496013876481 -0.625450295152184 "3" 68 0.000530785703022761 1
0.899784030009811 1.70406838135198 "2" 68 0.000530785703022761 1
1.18240881026502 1.60893179164955 "2" 68 0.000530785703022761 1
-1.83762236792197 -0.300843058403509 "3" 68 0.000530785703022761 1
0.925299954975924 -0.71988679133335 "1" 68 0.000530785703022761 1
0.394054004837084 1.6359489246983 "2" 68 0.000530785703022761 1
-1.75477967823374 -0.401449043418519 "3" 68 0.000530785703022761 1
-1.79996973812327 -0.714003009582714 "3" 68 0.000530785703022761 1
0.661043808611592 1.57748802780433 "2" 68 0.000530785703022761 1
-1.64570591140451 -0.304030322827301 "3" 68 0.000530785703022761 1
1.02384528211282 -1.18656613427201 "1" 68 0.000530785703022761 1
0.902027237283875 -1.03750191208001 "1" 68 0.000530785703022761 1
0.920952631294205 -1.38372068524308 "1" 68 0.000530785703022761 1
0.78003484794507 1.83472290719076 "2" 68 0.000530785703022761 1
1.00953900158349 -1.28400839324675 "1" 68 0.000530785703022761 1
0.921901954519445 1.56689711489419 "2" 68 0.000530785703022761 1
-1.35200704656897 -0.475408943899206 "3" 68 0.000530785703022761 1
0.77991702791906 -1.04426549088258 "1" 68 0.000530785703022761 1
0.535833216298323 1.74231795138274 "2" 68 0.000530785703022761 1
1.04177193241517 -1.30821336856272 "1" 68 0.000530785703022761 1
0.819196178865146 -0.76908660610241 "1" 68 0.000530785703022761 1
1.36052959716439 -1.51417591338533 "1" 68 0.000530785703022761 1
-1.83893211002596 -0.679504902672119 "3" 68 0.000530785703022761 1
0.592348027460554 1.39493537792285 "2" 68 0.000530785703022761 1
0.742525494841295 1.88385446085486 "2" 68 0.000530785703022761 1
-1.56987217232498 -0.427329791849363 "3" 68 0.000530785703022761 1
-0.81519453810325 1.24829212075931 "1" 104 0.000653435392027171 2
-1.01854369253821 0.815869497032202 "1" 104 0.000653435392027171 2
-0.665405058281491 -1.49029047045256 "3" 104 0.000653435392027171 2
-0.543648959832133 -1.53169591257219 "3" 104 0.000653435392027171 2
-0.898257815261283 -1.11284205638212 "3" 104 0.000653435392027171 2
1.59031400507646 0.252704114748076 "2" 104 0.000653435392027171 2
1.66015296690222 0.345854329012779 "2" 104 0.000653435392027171 2
1.53013595912713 0.349782762305866 "2" 104 0.000653435392027171 2
-0.773844861260084 0.941449453033623 "1" 104 0.000653435392027171 2
-0.654610045542334 0.688565495555643 "1" 104 0.000653435392027171 2
-0.80683618966191 -1.486384976715 "3" 104 0.000653435392027171 2
-0.462509537283553 -1.30098809784551 "3" 104 0.000653435392027171 2
-0.963881513621908 -1.35500472466011 "3" 104 0.000653435392027171 2
-1.10044815541558 -1.22986497531422 "3" 104 0.000653435392027171 2
-0.668057710575529 -1.24999818778109 "3" 104 0.000653435392027171 2
-0.571416698367805 0.784532571012356 "1" 104 0.000653435392027171 2
-1.07428947904099 0.956123228002719 "1" 104 0.000653435392027171 2
-0.654855048646709 1.1902946946425 "1" 104 0.000653435392027171 2
1.6852756894556 0.656439352920391 "2" 104 0.000653435392027171 2
1.62111521772695 0.408756195962116 "2" 104 0.000653435392027171 2
-1.18186532238802 1.23337632917551 "1" 104 0.000653435392027171 2
-0.97424452200689 1.04285875173694 "1" 104 0.000653435392027171 2
-0.634287825490046 0.635677361232013 "1" 104 0.000653435392027171 2
1.69856652602769 0.520892553871219 "2" 104 0.000653435392027171 2
1.66131278722629 0.152638158611689 "2" 104 0.000653435392027171 2
-0.968633407734885 -1.07162078062625 "3" 104 0.000653435392027171 2
1.54544151150822 0.42081949033331 "2" 104 0.000653435392027171 2
1.88647665612031 0.190339302325671 "2" 104 0.000653435392027171 2
-1.13095797310866 -1.17639745193122 "3" 104 0.000653435392027171 2
1.68299703499041 0.169821872006331 "2" 104 0.000653435392027171 2
-1.66553342049734 -0.76599207537575 "1" 117 0.00069548915483801 3
1.22478052392214 -1.01907236444601 "2" 117 0.00069548915483801 3
1.20916705074663 -1.07803439385824 "2" 117 0.00069548915483801 3
-1.17178106920737 -0.433687015728393 "1" 117 0.00069548915483801 3
1.26543205556315 -1.19147020289312 "2" 117 0.00069548915483801 3
-0.331068299520564 1.46608872704676 "3" 117 0.00069548915483801 3
-1.44154612425564 -0.806418999961029 "1" 117 0.00069548915483801 3
-0.316789181233517 1.38983539889022 "3" 117 0.00069548915483801 3
-0.877123422132565 -0.514277138298478 "1" 117 0.00069548915483801 3
1.38975951280833 -1.00435685424479 "2" 117 0.00069548915483801 3
-0.794173904405006 -0.62191813531122 "1" 117 0.00069548915483801 3
1.44292565764742 -0.798606775223791 "2" 117 0.00069548915483801 3
-0.0259256963342784 1.45399596936895 "3" 117 0.00069548915483801 3
0.678977180522594 -1.29523341424167 "2" 117 0.00069548915483801 3
1.49757592420403 -0.836043810238541 "2" 117 0.00069548915483801 3
-0.956568075884469 -0.763977535649135 "1" 117 0.00069548915483801 3
1.00116400725056 -1.05476499740971 "2" 117 0.00069548915483801 3
0.333223596522538 1.85676750418937 "3" 117 0.00069548915483801 3
-1.38851060562629 -0.798113098037057 "1" 117 0.00069548915483801 3
-0.00622805858395276 1.69221873247603 "3" 117 0.00069548915483801 3
1.06919329304314 -0.931874884738349 "2" 117 0.00069548915483801 3
-1.34223688309522 -0.798716200321571 "1" 117 0.00069548915483801 3
-0.82937301948605 -0.241340902303639 "1" 117 0.00069548915483801 3
-0.229405482344052 1.78080740934741 "3" 117 0.00069548915483801 3
0.348234381093165 1.97673574385206 "3" 117 0.00069548915483801 3
-1.35504885364679 -0.676835213260714 "1" 117 0.00069548915483801 3
0.0876208475092635 1.59476490223949 "3" 117 0.00069548915483801 3
-0.0223977697218252 1.60848681066155 "3" 117 0.00069548915483801 3
-0.239661109694849 1.72681526561548 "3" 117 0.00069548915483801 3
1.44531694483682 -0.915782452146102 "2" 117 0.00069548915483801 3
-0.623737860265417 -1.68025418583057 "1" 146 0.000743313173567876 4
-0.724717583188945 1.51622380784308 "2" 146 0.000743313173567876 4
-0.50765811708166 -1.80773882071505 "1" 146 0.000743313173567876 4
-1.06870759481065 -1.62007304785925 "1" 146 0.000743313173567876 4
1.44929867452793 0.329253309450176 "3" 146 0.000743313173567876 4
1.52524152106233 0.578438620684825 "3" 146 0.000743313173567876 4
-0.584545198602442 1.04883578919219 "2" 146 0.000743313173567876 4
-0.902760863911399 0.692753642801136 "2" 146 0.000743313173567876 4
-0.628882120561561 1.09511044858826 "2" 146 0.000743313173567876 4
-0.943071934724869 0.938303002235016 "2" 146 0.000743313173567876 4
-0.481699954030781 -1.66861779347079 "1" 146 0.000743313173567876 4
1.26900564755915 0.731738518014856 "3" 146 0.000743313173567876 4
1.23464989082998 0.36409313529793 "3" 146 0.000743313173567876 4
-0.614283824904804 -1.64591121113783 "1" 146 0.000743313173567876 4
1.30387247844504 0.532126674164791 "3" 146 0.000743313173567876 4
1.2808462391109 0.525458109305742 "3" 146 0.000743313173567876 4
-0.716574439679424 0.799299424296676 "2" 146 0.000743313173567876 4
-0.725381885468147 -1.54767652997264 "1" 146 0.000743313173567876 4
-1.31989503654119 1.4078860641536 "2" 146 0.000743313173567876 4
1.75060724248171 0.523004720620449 "3" 146 0.000743313173567876 4
-0.672540083303307 -1.46993831840794 "1" 146 0.000743313173567876 4
-0.819161893057123 -1.60913889948139 "1" 146 0.000743313173567876 4
1.58769224942103 0.566466711225557 "3" 146 0.000743313173567876 4
1.6191600771783 0.534333634633876 "3" 146 0.000743313173567876 4
1.90994239895835 0.241214526563786 "3" 146 0.000743313173567876 4
-0.494912250566262 -1.74605996828686 "1" 146 0.000743313173567876 4
-0.773067082592058 1.1460031085205 "2" 146 0.000743313173567876 4
-0.561210245274407 -1.66617221746039 "1" 146 0.000743313173567876 4
-0.906033430434623 1.49228116553326 "2" 146 0.000743313173567876 4
-0.861475020575659 1.39875657949701 "2" 146 0.000743313173567876 4
-1.3957354220771 -1.71392962730638 "3" 85 0.000781911777773561 5
-0.467683128030966 1.50780294161478 "1" 85 0.000781911777773561 5
-1.10932695907447 -1.39152861221541 "3" 85 0.000781911777773561 5
-1.31760672913141 -1.42351800935839 "3" 85 0.000781911777773561 5
-0.0686562609832257 1.71338154407858 "1" 85 0.000781911777773561 5
-0.685884097879321 -1.12764722485326 "3" 85 0.000781911777773561 5
-1.73107162987424 -1.61953615025249 "3" 85 0.000781911777773561 5
-0.835404089452038 -1.02192388726797 "3" 85 0.000781911777773561 5
1.63997386079155 -0.417549691702363 "2" 85 0.000781911777773561 5
1.98678157864079 -0.104573521745654 "2" 85 0.000781911777773561 5
1.15032232889509 -0.375190239643333 "2" 85 0.000781911777773561 5
-0.840355967042812 1.59364952080047 "1" 85 0.000781911777773561 5
-0.273995912261518 -1.38302996300821 "3" 85 0.000781911777773561 5
-1.48634640184553 -1.45097544657937 "3" 85 0.000781911777773561 5
-0.678085110012722 1.67895375994718 "1" 85 0.000781911777773561 5
-0.754818362960472 1.82557930193769 "1" 85 0.000781911777773561 5
-0.0421457680426245 1.89858723900591 "1" 85 0.000781911777773561 5
2.10487223470306 -0.315690048248983 "2" 85 0.000781911777773561 5
-0.122481125882354 1.68533506443493 "1" 85 0.000781911777773561 5
1.7085001383293 -0.32538038132306 "2" 85 0.000781911777773561 5
1.97972835631727 -0.122474499168548 "2" 85 0.000781911777773561 5
-1.35162918370198 -1.29027334228162 "3" 85 0.000781911777773561 5
-1.53635352113816 -1.4059110152072 "3" 85 0.000781911777773561 5
2.12599125594371 -0.359328598311311 "2" 85 0.000781911777773561 5
1.53468001865125 -0.164298358970837 "2" 85 0.000781911777773561 5
-1.15379147004913 1.52084126134308 "1" 85 0.000781911777773561 5
1.60813564922858 -0.427330135528398 "2" 85 0.000781911777773561 5
-0.887648110472549 1.58537277564007 "1" 85 0.000781911777773561 5
-1.04180941785169 1.62196374303405 "1" 85 0.000781911777773561 5
1.94184324626371 -0.191378398863938 "2" 85 0.000781911777773561 5
1.53523682245396 -1.36264012286701 "1" 110 0.000905704184854818 6
0.992963518049441 -1.16079237876454 "1" 110 0.000905704184854818 6
-1.32519166425126 -0.843812266705355 "3" 110 0.000905704184854818 6
-1.6577629997101 -0.611374591619135 "3" 110 0.000905704184854818 6
1.14823818038949 -1.45035659405109 "1" 110 0.000905704184854818 6
0.382561582347975 1.40755240148087 "2" 110 0.000905704184854818 6
-1.21892992116456 -0.432501941823455 "3" 110 0.000905704184854818 6
-1.82916647524211 -0.982426814172276 "3" 110 0.000905704184854818 6
0.836914449597168 -1.07895330825797 "1" 110 0.000905704184854818 6
0.219410894818631 2.06989939910938 "2" 110 0.000905704184854818 6
0.443803143008764 1.89419886378686 "2" 110 0.000905704184854818 6
-1.46571442653598 -0.577021760817295 "3" 110 0.000905704184854818 6
0.596551590712782 1.61074071941931 "2" 110 0.000905704184854818 6
0.546767235037024 1.89907762301835 "2" 110 0.000905704184854818 6
-1.39887005476356 -0.467406095837324 "3" 110 0.000905704184854818 6
0.620572206459859 -1.23657915235791 "1" 110 0.000905704184854818 6
0.363775995025975 1.82336859249887 "2" 110 0.000905704184854818 6
0.43398592763434 1.86454430877494 "2" 110 0.000905704184854818 6
0.299884537225648 1.71940866055185 "2" 110 0.000905704184854818 6
1.14005905218218 -0.884369697213879 "1" 110 0.000905704184854818 6
-1.48483696833173 -0.651443397994576 "3" 110 0.000905704184854818 6
0.55241100688283 -1.06033002182161 "1" 110 0.000905704184854818 6
0.667118468067708 -1.2459861210398 "1" 110 0.000905704184854818 6
-1.30756817515215 -0.749816113024538 "3" 110 0.000905704184854818 6
0.218225548001501 1.68197953102564 "2" 110 0.000905704184854818 6
0.710578032201002 1.97420463342484 "2" 110 0.000905704184854818 6
-1.23123294348181 -0.562241621814335 "3" 110 0.000905704184854818 6
-1.6730168896852 -0.492485344709882 "3" 110 0.000905704184854818 6
1.64154205960945 -1.04638017392649 "1" 110 0.000905704184854818 6
1.24169026861271 -1.04805721427243 "1" 110 0.000905704184854818 6
1.60685447334682 -0.198932133312893 "1" 137 0.000915206452673442 7
-0.667755891779328 -0.790926260255166 "3" 137 0.000915206452673442 7
-0.801602816773758 1.07357893342427 "2" 137 0.000915206452673442 7
-1.16829565833507 1.15217347680945 "2" 137 0.000915206452673442 7
-0.565994246063092 -1.18290066897916 "3" 137 0.000915206452673442 7
1.22632922230529 -0.220240747636451 "1" 137 0.000915206452673442 7
1.53031577621551 0.217545246011105 "1" 137 0.000915206452673442 7
-0.720845682735187 0.828103612144492 "2" 137 0.000915206452673442 7
-0.426198212668043 -1.0350900759028 "3" 137 0.000915206452673442 7
-0.761494091890293 1.21639569896445 "2" 137 0.000915206452673442 7
-0.926205677920949 1.51663758916139 "2" 137 0.000915206452673442 7
-0.569486826268755 -1.32567549611346 "3" 137 0.000915206452673442 7
1.4107646347895 -0.0361829634161389 "1" 137 0.000915206452673442 7
-0.822831374973076 -1.07570858361014 "3" 137 0.000915206452673442 7
1.52876029063486 0.0462393904081354 "1" 137 0.000915206452673442 7
-1.03490340673892 0.886041079749359 "2" 137 0.000915206452673442 7
-0.957540065067987 0.834222856201449 "2" 137 0.000915206452673442 7
-0.670330540460714 -1.41641538863079 "3" 137 0.000915206452673442 7
-1.05162507197009 1.48613191194652 "2" 137 0.000915206452673442 7
-0.29802175837772 -0.935337770915594 "3" 137 0.000915206452673442 7
1.32406823024351 -0.0399845285366122 "1" 137 0.000915206452673442 7
-0.585581140890161 -0.89762315726067 "3" 137 0.000915206452673442 7
1.57898020571663 -0.244738461849182 "1" 137 0.000915206452673442 7
1.74036311271422 -0.291686529256423 "1" 137 0.000915206452673442 7
1.65293465010951 -0.023455470369946 "1" 137 0.000915206452673442 7
-0.759315784937593 1.34919804429227 "2" 137 0.000915206452673442 7
-0.697663869063264 -1.37433249348374 "3" 137 0.000915206452673442 7
-0.658132019570853 -0.738019389021971 "3" 137 0.000915206452673442 7
-0.99956590701856 1.38667869605211 "2" 137 0.000915206452673442 7
1.54401944742756 -0.165696416613843 "1" 137 0.000915206452673442 7
-1.23618959834135 -0.534080224093439 "2" 74 0.000973817195234729 8
0.31567841205744 1.71443122420559 "3" 74 0.000973817195234729 8
-2.04918285268705 -0.465581127855421 "2" 74 0.000973817195234729 8
-1.7930085302576 -0.207615399402516 "2" 74 0.000973817195234729 8
0.17705468836305 1.65367685833954 "3" 74 0.000973817195234729 8
-2.16791887519126 -0.0972815794877993 "2" 74 0.000973817195234729 8
-1.80562667300863 -0.243143677487226 "2" 74 0.000973817195234729 8
1.19450286297108 -1.47307904262747 "1" 74 0.000973817195234729 8
0.664478482097975 1.49839388290895 "3" 74 0.000973817195234729 8
1.58107337884233 -1.53364640625886 "1" 74 0.000973817195234729 8
-1.30756638670622 0.0314134180901254 "2" 74 0.000973817195234729 8
-0.976636601702199 -0.335530660168743 "2" 74 0.000973817195234729 8
0.140977000763698 1.53410087930386 "3" 74 0.000973817195234729 8
0.911735973486989 -1.31755525921663 "1" 74 0.000973817195234729 8
1.53796928138527 -1.3504535608652 "1" 74 0.000973817195234729 8
-1.63645381706016 -0.169973967617865 "2" 74 0.000973817195234729 8
0.731530605139407 1.28049336345023 "3" 74 0.000973817195234729 8
1.39612630860274 -1.25062829433604 "1" 74 0.000973817195234729 8
0.0652999554510666 1.36898709134885 "3" 74 0.000973817195234729 8
0.117476274573845 1.82268895158269 "3" 74 0.000973817195234729 8
0.877122337916366 -1.06818185813611 "1" 74 0.000973817195234729 8
0.775647939286099 -1.3893670177879 "1" 74 0.000973817195234729 8
-1.39147826706366 0.0471786003096708 "2" 74 0.000973817195234729 8
0.731715248792346 1.52239827838266 "3" 74 0.000973817195234729 8
0.595206165143474 1.59314423277444 "3" 74 0.000973817195234729 8
1.53578238695541 -1.33630670250349 "1" 74 0.000973817195234729 8
-1.71351097467287 -0.061035365869433 "2" 74 0.000973817195234729 8
1.11321859091616 -1.34526149585105 "1" 74 0.000973817195234729 8
0.328554390787414 1.49179224925291 "3" 74 0.000973817195234729 8
1.28642229315884 -1.37997739038434 "1" 74 0.000973817195234729 8
0.381955786951482 -1.15472109313847 "1" 116 0.00110965254067583 9
-1.52784662907299 0.289156784106203 "2" 116 0.00110965254067583 9
0.833185857695429 -1.42465454719534 "1" 116 0.00110965254067583 9
0.107259945304087 -1.75998041773634 "1" 116 0.00110965254067583 9
0.630188029185276 1.2653163530362 "3" 116 0.00110965254067583 9
0.888283748162512 1.0650141984509 "3" 116 0.00110965254067583 9
1.31831059172614 1.37769302767684 "3" 116 0.00110965254067583 9
-1.83944995823648 0.190826057123166 "2" 116 0.00110965254067583 9
-1.18104640919345 0.198667578227642 "2" 116 0.00110965254067583 9
1.17495513145308 1.49422462087523 "3" 116 0.00110965254067583 9
0.875656157663665 -1.56867406545438 "1" 116 0.00110965254067583 9
0.747429409856094 1.53753464351726 "3" 116 0.00110965254067583 9
-0.159376110261845 -1.97379792028152 "1" 116 0.00110965254067583 9
-1.41596745899185 0.0860689654280225 "2" 116 0.00110965254067583 9
0.444691972147559 -1.6413365074622 "1" 116 0.00110965254067583 9
0.773672382995971 -1.4452652506361 "1" 116 0.00110965254067583 9
0.559307981010731 -1.24397044528349 "1" 116 0.00110965254067583 9
1.26970917653294 1.2964234970583 "3" 116 0.00110965254067583 9
0.765672047104164 1.05428441457623 "3" 116 0.00110965254067583 9
-1.50924462423069 0.216521073509783 "2" 116 0.00110965254067583 9
0.727340983296414 1.3028486535361 "3" 116 0.00110965254067583 9
1.08774377738478 1.33327905758204 "3" 116 0.00110965254067583 9
-1.69597625541828 0.153649771243518 "2" 116 0.00110965254067583 9
0.954704398012431 1.71475606461604 "3" 116 0.00110965254067583 9
-1.20134211812617 0.224556354652659 "2" 116 0.00110965254067583 9
-1.63737463253547 0.360401609586797 "2" 116 0.00110965254067583 9
-1.46249986942997 0.204804879221075 "2" 116 0.00110965254067583 9
0.829950038458859 -1.72342279923235 "1" 116 0.00110965254067583 9
-1.50150472977351 0.194039444023429 "2" 116 0.00110965254067583 9
0.761611380329103 -1.62424400162723 "1" 116 0.00110965254067583 9
0.951376546720718 1.00945457904408 "1" 83 0.00115263791290173 10
0.835015352469631 1.22650195710015 "1" 83 0.00115263791290173 10
0.986771859026812 1.17099872905855 "1" 83 0.00115263791290173 10
1.16608091474173 1.59388087441325 "1" 83 0.00115263791290173 10
1.09274117522577 1.08876691029991 "1" 83 0.00115263791290173 10
0.789604291552541 1.21978961326624 "1" 83 0.00115263791290173 10
0.962450184785353 1.53190774551144 "1" 83 0.00115263791290173 10
0.929579808977833 -1.47755201983428 "2" 83 0.00115263791290173 10
-2.14241037659756 0.412939492883816 "3" 83 0.00115263791290173 10
1.0534107478043 -1.12432420394845 "2" 83 0.00115263791290173 10
-1.83990775303785 0.345482763091241 "3" 83 0.00115263791290173 10
-1.50940248000081 0.171427436575936 "3" 83 0.00115263791290173 10
-1.50945074924976 -0.174747737590518 "3" 83 0.00115263791290173 10
0.733668587113871 1.0788571460648 "1" 83 0.00115263791290173 10
-1.82937368635363 0.232445713997459 "3" 83 0.00115263791290173 10
-1.37555266053707 0.142619080755392 "3" 83 0.00115263791290173 10
-2.10870877825712 -0.189260134863765 "3" 83 0.00115263791290173 10
-1.97472017988676 0.340929944193334 "3" 83 0.00115263791290173 10
0.957368402272002 -1.60821168534501 "2" 83 0.00115263791290173 10
0.746233997865495 1.37677236015222 "1" 83 0.00115263791290173 10
-1.72404143218906 -0.154843263191616 "3" 83 0.00115263791290173 10
0.931613559508199 -1.13390650803072 "2" 83 0.00115263791290173 10
1.04191509251112 -0.649831335293435 "2" 83 0.00115263791290173 10
-1.70718331812729 -0.0598871628012317 "3" 83 0.00115263791290173 10
0.875214229944274 -1.40823370997283 "2" 83 0.00115263791290173 10
0.998584548501119 -1.43224407472206 "2" 83 0.00115263791290173 10
0.579959022549733 -1.48248543121769 "2" 83 0.00115263791290173 10
0.934839280299766 -1.76119116259836 "2" 83 0.00115263791290173 10
0.642731938362802 1.17180967378662 "1" 83 0.00115263791290173 10
0.511591874003835 -1.45786559078447 "2" 83 0.00115263791290173 10
-1.01447709289631 -0.981651722743239 "2" 111 0.00120853689058032 11
-1.17861527120181 -1.26627121160812 "2" 111 0.00120853689058032 11
-1.38205979469301 -1.19513901953722 "2" 111 0.00120853689058032 11
-1.06100076949328 -1.32442406170269 "2" 111 0.00120853689058032 11
-0.512876762925072 1.6693317349737 "3" 111 0.00120853689058032 11
-1.55587094247658 -1.12830470841978 "2" 111 0.00120853689058032 11
-0.555250764106826 1.5432976625486 "3" 111 0.00120853689058032 11
-1.49904302894977 -1.06377652355162 "2" 111 0.00120853689058032 11
-0.364846458090219 1.29607264433733 "3" 111 0.00120853689058032 11
1.85671831962496 -0.414985962176046 "1" 111 0.00120853689058032 11
-0.108216886417502 1.49112471388151 "3" 111 0.00120853689058032 11
-0.637114864299456 -1.17563939065725 "2" 111 0.00120853689058032 11
-0.53825338486335 2.02474694638355 "3" 111 0.00120853689058032 11
1.32933869815735 -0.226762982119125 "1" 111 0.00120853689058032 11
1.69368492494755 -0.357190416972707 "1" 111 0.00120853689058032 11
1.02397229982122 -0.315716354676541 "1" 111 0.00120853689058032 11
1.68525709806933 -0.185869984283006 "1" 111 0.00120853689058032 11
1.76371574885483 -0.296772515895187 "1" 111 0.00120853689058032 11
-0.200525246508626 1.49779034004967 "3" 111 0.00120853689058032 11
-1.02341042067684 -1.09847037615401 "2" 111 0.00120853689058032 11
1.54466620433495 -0.743928954580426 "1" 111 0.00120853689058032 11
1.33029520859004 -0.809558038457683 "1" 111 0.00120853689058032 11
-0.517693387360785 1.44686140814273 "3" 111 0.00120853689058032 11
1.89685406579297 -0.283067528073262 "1" 111 0.00120853689058032 11
-0.853328777569617 1.29105329230194 "3" 111 0.00120853689058032 11
-1.00132121333055 -1.38745149122222 "2" 111 0.00120853689058032 11
1.64937757413232 -0.141785473184491 "1" 111 0.00120853689058032 11
-1.01247813042719 -1.32510473514831 "2" 111 0.00120853689058032 11
-0.487407183509554 1.97632734847768 "3" 111 0.00120853689058032 11
-0.270089762529162 1.48526536006622 "3" 111 0.00120853689058032 11
1.87967539609698 -0.236223640035962 "3" 124 0.00134543459530874 12
1.4818381138609 -0.383546606399373 "3" 124 0.00134543459530874 12
1.99273947638521 -0.172912194530992 "3" 124 0.00134543459530874 12
-0.875242610105649 1.51448992407199 "1" 124 0.00134543459530874 12
-0.670892109312633 -1.21773402729854 "2" 124 0.00134543459530874 12
-0.900449311194502 -1.21871726447106 "2" 124 0.00134543459530874 12
-0.995027776512025 1.85219357251207 "1" 124 0.00134543459530874 12
1.75619282876012 -0.638434842039131 "3" 124 0.00134543459530874 12
-1.13220099007604 1.42442725465068 "1" 124 0.00134543459530874 12
-1.20037703886879 1.75873912923473 "1" 124 0.00134543459530874 12
-1.0792206901391 1.73641885266092 "1" 124 0.00134543459530874 12
-0.580152377705409 -1.16894348214655 "2" 124 0.00134543459530874 12
-0.391744264394448 2.5782916530288 "1" 124 0.00134543459530874 12
-1.06117952832474 1.66870853720903 "1" 124 0.00134543459530874 12
1.75187947053423 -0.10297018987945 "3" 124 0.00134543459530874 12
1.27285990807582 -0.881920462654463 "3" 124 0.00134543459530874 12
-1.42324937513116 1.08966331826033 "1" 124 0.00134543459530874 12
-0.996055521579715 1.57031064060648 "1" 124 0.00134543459530874 12
-0.50794330976555 -1.230052831514 "2" 124 0.00134543459530874 12
-0.450717332260736 -1.07417118671789 "2" 124 0.00134543459530874 12
-0.719301094883203 -0.871665805051911 "2" 124 0.00134543459530874 12
1.46987580912904 -0.694124494327837 "3" 124 0.00134543459530874 12
1.0211295226512 -1.2042393020936 "3" 124 0.00134543459530874 12
-0.854032135229195 -1.24459077663733 "2" 124 0.00134543459530874 12
1.4085572956174 -0.554054072489053 "3" 124 0.00134543459530874 12
-0.453311877870383 -1.39650237319226 "2" 124 0.00134543459530874 12
-0.522994694192265 -1.07365402230764 "2" 124 0.00134543459530874 12
-0.530565955514381 -1.52935732398053 "2" 124 0.00134543459530874 12
2.15519848791147 -0.0679908713496355 "3" 124 0.00134543459530874 12
-0.845288315962452 1.76856288688216 "1" 124 0.00134543459530874 12
1.33303108669772 -0.979505998717162 "1" 167 0.00136847993849033 13
-1.55815603286011 -0.278103607578545 "2" 167 0.00136847993849033 13
1.17669086501056 -1.26739165632539 "1" 167 0.00136847993849033 13
1.15729867544624 -1.21763791231458 "1" 167 0.00136847993849033 13
-1.28317628655865 -0.654855770665679 "2" 167 0.00136847993849033 13
0.295514407732915 1.11257136989896 "3" 167 0.00136847993849033 13
1.17535663916613 -1.00961286860709 "1" 167 0.00136847993849033 13
-1.26091476774913 -0.492880734562178 "2" 167 0.00136847993849033 13
0.604626242855719 1.98758277663115 "3" 167 0.00136847993849033 13
-1.35489229005721 -0.365653283660253 "2" 167 0.00136847993849033 13
0.949960452334717 -1.03999702658316 "1" 167 0.00136847993849033 13
-1.28531997376569 -0.23295116132125 "2" 167 0.00136847993849033 13
0.590794829208725 1.28264679530112 "3" 167 0.00136847993849033 13
0.525566992048605 -1.47150283285324 "1" 167 0.00136847993849033 13
-1.58100516145925 -0.500954008479536 "2" 167 0.00136847993849033 13
1.01418207106473 -1.10847153069724 "1" 167 0.00136847993849033 13
-0.835955914866622 -0.0951103470441884 "2" 167 0.00136847993849033 13
0.733553773415815 1.83190876309573 "3" 167 0.00136847993849033 13
0.304360044934225 1.5114232504822 "3" 167 0.00136847993849033 13
0.172631356464739 1.41914348750967 "3" 167 0.00136847993849033 13
-0.184693295018137 1.38904799969117 "3" 167 0.00136847993849033 13
0.81329617341847 -1.46826271701561 "1" 167 0.00136847993849033 13
-1.39316022672409 -0.0909258000725889 "2" 167 0.00136847993849033 13
1.04167103562298 -1.09124710429631 "1" 167 0.00136847993849033 13
1.26393431041585 -0.918014753977037 "1" 167 0.00136847993849033 13
-1.5788149252006 -0.689761690473181 "2" 167 0.00136847993849033 13
0.585883061809698 1.70533005828056 "3" 167 0.00136847993849033 13
-1.80462156381911 -0.423699936108585 "2" 167 0.00136847993849033 13
0.22292620878761 1.75395143841232 "3" 167 0.00136847993849033 13
0.159432211643131 1.40293480204992 "3" 167 0.00136847993849033 13
-0.307172507933199 -2.10745880800232 "1" 113 0.00106704970137305 14
-0.412131359955527 -1.50230467092245 "1" 113 0.00106704970137305 14
-0.53859374814146 -1.70522852124087 "1" 113 0.00106704970137305 14
-0.582827662726483 -2.18605179726539 "1" 113 0.00106704970137305 14
-0.0244638895329365 -1.71266707804917 "1" 113 0.00106704970137305 14
-0.206691647729575 -1.54788817030352 "1" 113 0.00106704970137305 14
-0.650550581937061 -1.63639623572451 "1" 113 0.00106704970137305 14
0.302771792411306 -1.52509640348579 "1" 113 0.00106704970137305 14
-0.668042104957215 -1.92200452909631 "1" 113 0.00106704970137305 14
-0.412504572832143 -1.64249279664229 "1" 113 0.00106704970137305 14
-1.56226133155647 1.70402965033022 "2" 113 0.00106704970137305 14
-0.794533221928931 1.50916012478458 "2" 113 0.00106704970137305 14
-0.789040161880183 1.55370091568373 "2" 113 0.00106704970137305 14
-1.20772474349867 1.45373252530518 "2" 113 0.00106704970137305 14
-1.31128511569161 1.41005276098133 "2" 113 0.00106704970137305 14
-0.91659029338825 1.56431397880498 "2" 113 0.00106704970137305 14
-0.664260958738893 2.05687142317553 "2" 113 0.00106704970137305 14
-0.560617464596079 1.87465534139995 "2" 113 0.00106704970137305 14
-0.957656950492137 1.47152457473882 "2" 113 0.00106704970137305 14
-1.43259317387742 1.43144488169989 "2" 113 0.00106704970137305 14
1.24060596968064 0.132484891137357 "3" 113 0.00106704970137305 14
1.48240365146375 -0.0786303646580317 "3" 113 0.00106704970137305 14
1.211988497497 0.327781085177175 "3" 113 0.00106704970137305 14
1.71326251695397 0.1710138762772 "3" 113 0.00106704970137305 14
1.20205278907542 0.131840034722703 "3" 113 0.00106704970137305 14
1.5777042667592 0.193382166985902 "3" 113 0.00106704970137305 14
1.46234404702755 0.181944616486171 "3" 113 0.00106704970137305 14
1.29764245803575 0.226366798616063 "3" 113 0.00106704970137305 14
1.12785241502586 0.063275887881277 "3" 113 0.00106704970137305 14
1.38091308746379 0.108643841202582 "3" 113 0.00106704970137305 14
-1.45634021677592 1.29618941006023 "1" 131 0.00144685159363788 15
1.90938750686934 0.251669242369238 "3" 131 0.00144685159363788 15
1.30369287627951 0.604421714378913 "3" 131 0.00144685159363788 15
-0.405592877792157 -1.29572816643951 "2" 131 0.00144685159363788 15
-0.120239294419051 -1.24286578953954 "2" 131 0.00144685159363788 15
-1.69501606090084 1.24878393603498 "1" 131 0.00144685159363788 15
-1.24850201681152 0.620320751126253 "1" 131 0.00144685159363788 15
-1.24053749897259 1.0676899903375 "1" 131 0.00144685159363788 15
-1.1610513603948 0.831014330922049 "1" 131 0.00144685159363788 15
-0.31616805131142 -1.89681660534535 "2" 131 0.00144685159363788 15
-1.03843505663122 0.566836627867858 "1" 131 0.00144685159363788 15
-0.204980355202865 -1.20416755348225 "2" 131 0.00144685159363788 15
-0.152715688740799 -1.24430653852076 "2" 131 0.00144685159363788 15
-0.349195446767366 -1.64841890086645 "2" 131 0.00144685159363788 15
0.0197356709320388 -1.52228181176508 "2" 131 0.00144685159363788 15
-1.13296289808603 1.03803250043249 "1" 131 0.00144685159363788 15
1.39805851264239 0.31364730458218 "3" 131 0.00144685159363788 15
-0.133423666210252 -1.44509143426626 "2" 131 0.00144685159363788 15
1.5081754922124 1.1661006540892 "3" 131 0.00144685159363788 15
-1.12912201788559 1.35899315358251 "1" 131 0.00144685159363788 15
1.41341830292218 0.679807411292426 "3" 131 0.00144685159363788 15
-0.0774623660902713 -1.31886732485883 "2" 131 0.00144685159363788 15
1.55346727616763 0.529129298867729 "3" 131 0.00144685159363788 15
-0.351010917861763 -1.46070001233207 "2" 131 0.00144685159363788 15
-1.48253496131727 0.740893242238131 "1" 131 0.00144685159363788 15
1.54959942450056 0.385052070471232 "3" 131 0.00144685159363788 15
1.77956301130497 0.349953192979385 "3" 131 0.00144685159363788 15
-1.27070278517627 0.861677006948427 "1" 131 0.00144685159363788 15
1.40924181506676 0.287477666097089 "3" 131 0.00144685159363788 15
1.12165364845019 0.0815546327382702 "3" 131 0.00144685159363788 15
-0.830654693670418 -0.849958708048077 "3" 115 0.00145277160252091 16
-0.606145765507268 1.33302849487752 "1" 115 0.00145277160252091 16
1.41892026839165 -0.457173566320048 "2" 115 0.00145277160252091 16
-1.28673836195186 -1.07453386627955 "3" 115 0.00145277160252091 16
1.19850740695472 -0.714780421929204 "2" 115 0.00145277160252091 16
-0.798666134607662 1.65990676315559 "1" 115 0.00145277160252091 16
-1.05545315592812 -1.46165043288585 "3" 115 0.00145277160252091 16
1.22155430353242 -0.673908369571076 "2" 115 0.00145277160252091 16
-0.262417789637698 1.40568517863888 "1" 115 0.00145277160252091 16
1.73421363047126 -0.225574704843499 "2" 115 0.00145277160252091 16
1.86627424075183 -0.34879916301807 "2" 115 0.00145277160252091 16
2.10607885152456 0.140904855064632 "2" 115 0.00145277160252091 16
1.23059001876542 -0.57737501555958 "2" 115 0.00145277160252091 16
-0.958646536828546 -1.07351704156724 "3" 115 0.00145277160252091 16
-0.534569531900476 1.45069003384982 "1" 115 0.00145277160252091 16
-0.741009439767937 1.45678171778616 "1" 115 0.00145277160252091 16
-0.768428205540037 1.70554810382248 "1" 115 0.00145277160252091 16
1.38860245362689 -0.400672807483437 "2" 115 0.00145277160252091 16
-0.820653371465714 1.60002800219431 "1" 115 0.00145277160252091 16
-0.340282710935893 1.65667869662575 "1" 115 0.00145277160252091 16
1.28563405580132 -0.669503082088904 "2" 115 0.00145277160252091 16
-0.626799464364019 1.06131855038828 "1" 115 0.00145277160252091 16
-1.03221825549534 -1.30398157873089 "3" 115 0.00145277160252091 16
-0.89057865863927 -0.927136406509563 "3" 115 0.00145277160252091 16
-0.56348205319269 1.52305439480217 "1" 115 0.00145277160252091 16
-1.08392501212024 -0.915654230346292 "3" 115 0.00145277160252091 16
-1.06251057542475 -0.916783619136589 "3" 115 0.00145277160252091 16
-0.495478575786472 -1.22308232272923 "3" 115 0.00145277160252091 16
-0.797214923635428 -1.04239151660928 "3" 115 0.00145277160252091 16
2.10549798657977 -0.137147937549193 "2" 115 0.00145277160252091 16
-0.144142659643732 1.41456202876023 "1" 100 0.00148674722818607 17
1.48634930271119 -1.03223232287193 "2" 100 0.00148674722818607 17
-1.25440015133986 -1.02117282057094 "3" 100 0.00148674722818607 17
1.35978840808733 -0.724634750060222 "2" 100 0.00148674722818607 17
1.46275609270046 -0.548348440336509 "2" 100 0.00148674722818607 17
-0.164655145297685 1.97181089627724 "1" 100 0.00148674722818607 17
-0.119597656500007 1.66905150473952 "1" 100 0.00148674722818607 17
1.10427853192755 -0.4160904512593 "2" 100 0.00148674722818607 17
-0.245403067485949 1.73845447186809 "1" 100 0.00148674722818607 17
-1.39518301949743 -1.04526332013598 "3" 100 0.00148674722818607 17
-1.3320629079435 -1.42265663749354 "3" 100 0.00148674722818607 17
-0.134437491104678 1.29717575169221 "1" 100 0.00148674722818607 17
-1.42179508934981 -0.614690677855678 "3" 100 0.00148674722818607 17
1.64015783104564 -0.758098961120829 "2" 100 0.00148674722818607 17
1.59346620545074 -0.539503269527119 "2" 100 0.00148674722818607 17
1.14577101175685 -0.431921586971007 "2" 100 0.00148674722818607 17
1.06434846702895 -0.827972628641684 "2" 100 0.00148674722818607 17
-0.609028753916572 1.97272426455949 "1" 100 0.00148674722818607 17
1.68902312484373 -0.581438785788333 "2" 100 0.00148674722818607 17
-0.832779303363611 -0.829814613331503 "3" 100 0.00148674722818607 17
-0.830608860749535 -0.622949025273607 "3" 100 0.00148674722818607 17
-1.11578908345502 -0.676833891205456 "3" 100 0.00148674722818607 17
0.987766533776272 -0.83435204613069 "2" 100 0.00148674722818607 17
-0.2399959357439 1.82523095112349 "1" 100 0.00148674722818607 17
-0.193647097693063 1.30124936928415 "1" 100 0.00148674722818607 17
-0.116517227525398 1.48721478559298 "1" 100 0.00148674722818607 17
-1.0342907293291 -1.16054379439502 "3" 100 0.00148674722818607 17
-0.00892145074671588 1.3502250737382 "1" 100 0.00148674722818607 17
-1.03226014252051 -0.972107566817354 "3" 100 0.00148674722818607 17
-1.30818973612264 -0.96707350784889 "3" 100 0.00148674722818607 17
-1.44041023796187 -0.194004942978119 "3" 105 0.0015970583386296 18
0.773576257071734 1.39116902212203 "2" 105 0.0015970583386296 18
-1.73693909436055 -0.431686575569291 "3" 105 0.0015970583386296 18
0.76642684118776 -1.29496737022835 "1" 105 0.0015970583386296 18
-1.65469014283323 -0.00154959209127106 "3" 105 0.0015970583386296 18
1.21801204589252 1.19768333819058 "2" 105 0.0015970583386296 18
0.342564162534524 -1.1317100070471 "1" 105 0.0015970583386296 18
0.637442426921841 -1.09254540830958 "1" 105 0.0015970583386296 18
0.163768782908652 -1.10574557563251 "1" 105 0.0015970583386296 18
0.519095077943078 -1.02428553888837 "1" 105 0.0015970583386296 18
0.463780318150292 -1.0676101951561 "1" 105 0.0015970583386296 18
1.32221484304913 1.59585256834345 "2" 105 0.0015970583386296 18
0.883282330203616 -1.55322361063417 "1" 105 0.0015970583386296 18
-1.47724191777822 -0.333096902129433 "3" 105 0.0015970583386296 18
-1.78564194687952 -0.0427607162415281 "3" 105 0.0015970583386296 18
0.488483067284502 -1.00975264411023 "1" 105 0.0015970583386296 18
1.17192094428268 1.718183104402 "2" 105 0.0015970583386296 18
-2.16766728680494 0.164909489723392 "3" 105 0.0015970583386296 18
1.5069480189669 1.21270428454459 "2" 105 0.0015970583386296 18
-1.44494771285225 -0.113982765107296 "3" 105 0.0015970583386296 18
1.19877714344088 1.25581690016994 "2" 105 0.0015970583386296 18
0.802683564774744 1.35384603664978 "2" 105 0.0015970583386296 18
-0.0934939670615242 -1.20924856432169 "1" 105 0.0015970583386296 18
-1.4746227443601 -0.186360343517069 "3" 105 0.0015970583386296 18
0.778194624420901 1.18603162142813 "2" 105 0.0015970583386296 18
-1.81198914692054 -0.0976390301050221 "3" 105 0.0015970583386296 18
1.44920108838219 1.67785813435052 "2" 105 0.0015970583386296 18
1.11727364127668 -1.63907480348812 "1" 105 0.0015970583386296 18
-1.54345624912286 -0.478369153054722 "3" 105 0.0015970583386296 18
1.02745526824296 1.25355923868557 "2" 105 0.0015970583386296 18
-1.31880500900849 0.138449794433496 "1" 105 0.00162281921142654 19
0.164421634544991 -1.16565386426164 "3" 105 0.00162281921142654 19
-1.53269229534853 -0.105913601415253 "1" 105 0.00162281921142654 19
1.255138460673 1.23929798333619 "2" 105 0.00162281921142654 19
0.423185154089644 -1.46227725404492 "3" 105 0.00162281921142654 19
0.883837371798237 1.24559394748708 "2" 105 0.00162281921142654 19
0.956244028443536 1.52108383411123 "2" 105 0.00162281921142654 19
-1.67371777499244 0.26455788415422 "1" 105 0.00162281921142654 19
0.500436229361243 -1.1120121840143 "3" 105 0.00162281921142654 19
0.675459257966933 -1.69670912496313 "3" 105 0.00162281921142654 19
0.318055735745766 -0.894168555951916 "3" 105 0.00162281921142654 19
-1.17742901300988 0.242813543586109 "1" 105 0.00162281921142654 19
1.35456495281736 0.710954767143679 "2" 105 0.00162281921142654 19
0.980254938468368 1.17560006787034 "2" 105 0.00162281921142654 19
0.991194533346741 1.18489607203845 "2" 105 0.00162281921142654 19
0.20077864929966 -1.20985451337882 "3" 105 0.00162281921142654 19
1.18204909271336 1.14516019097937 "2" 105 0.00162281921142654 19
0.25045287785456 -0.954164500509297 "3" 105 0.00162281921142654 19
-1.54463339293262 0.135794507346082 "1" 105 0.00162281921142654 19
-1.36724933454831 0.171424691697679 "1" 105 0.00162281921142654 19
-1.57487796351624 -0.0993433148700861 "1" 105 0.00162281921142654 19
0.389384369129784 1.40890259026034 "2" 105 0.00162281921142654 19
0.0620067955200069 -1.07332890449089 "3" 105 0.00162281921142654 19
1.40927461557924 0.825909247922203 "2" 105 0.00162281921142654 19
0.671535775811046 1.54133361852893 "2" 105 0.00162281921142654 19
-1.2455379735017 0.207822137575426 "1" 105 0.00162281921142654 19
-1.37173204246852 0.106729725489029 "1" 105 0.00162281921142654 19
0.484495448150188 -1.62448980027815 "3" 105 0.00162281921142654 19
-1.20355297635868 -0.17001125562347 "1" 105 0.00162281921142654 19
0.857457854371758 -1.69839773015799 "3" 105 0.00162281921142654 19
0.927775695604059 0.873885511592199 "3" 149 0.00169679247231766 20
1.60681819750235 0.936000919876315 "3" 149 0.00169679247231766 20
-1.33694761839341 0.756614317875539 "2" 149 0.00169679247231766 20
1.60229144171427 0.778021269029843 "3" 149 0.00169679247231766 20
-0.343279340505744 -1.50762512535013 "1" 149 0.00169679247231766 20
1.75550458806734 0.9356889161425 "3" 149 0.00169679247231766 20
1.65387715007606 1.22465732574142 "3" 149 0.00169679247231766 20
-0.426503072660032 -1.24220825667758 "1" 149 0.00169679247231766 20
0.0623121555967631 -1.66998438179328 "1" 149 0.00169679247231766 20
1.52605564913894 1.03827788287943 "3" 149 0.00169679247231766 20
-0.321627057237031 -1.65477542739365 "1" 149 0.00169679247231766 20
0.989205815958186 1.07850181488135 "3" 149 0.00169679247231766 20
0.0463633675234394 -1.71061030140412 "1" 149 0.00169679247231766 20
-1.00653088515888 0.290721296887927 "2" 149 0.00169679247231766 20
0.0943898723676399 -1.65859890439783 "1" 149 0.00169679247231766 20
-1.44599231916164 0.994108225682609 "2" 149 0.00169679247231766 20
-0.579175355569076 -1.47129515116686 "1" 149 0.00169679247231766 20
1.34423971226499 0.777870589614982 "3" 149 0.00169679247231766 20
-1.20283848896586 0.852381383299637 "2" 149 0.00169679247231766 20
-1.55665054562904 0.945223112373593 "2" 149 0.00169679247231766 20
-0.829478935952224 0.390960950801642 "2" 149 0.00169679247231766 20
-0.816942666896118 0.620727939106618 "2" 149 0.00169679247231766 20
-1.84031264559747 0.441987520009305 "2" 149 0.00169679247231766 20
1.42687640741329 0.884000472630243 "3" 149 0.00169679247231766 20
0.244610203368123 -1.8187940341711 "1" 149 0.00169679247231766 20
-0.207281964123992 -1.8023348234555 "1" 149 0.00169679247231766 20
-0.465800858256808 -1.3556323928251 "1" 149 0.00169679247231766 20
-1.62656305112033 0.99568793088097 "2" 149 0.00169679247231766 20
-1.20350500110294 0.644325204276377 "2" 149 0.00169679247231766 20
1.92910954973514 0.43221621505265 "3" 149 0.00169679247231766 20
