"X1" "X2" "cl" "nbases" "wilks.lambda" ".sample"
-0.0613692279177964 0.197505774278377 "2" 61 0.249226813186983 1
-1.23925278038762 -0.74131678759493 "2" 61 0.249226813186983 1
-0.702075796239484 0.554671675770151 "2" 61 0.249226813186983 1
0.67224852734807 -0.526172076870417 "1" 61 0.249226813186983 1
1.68821908617369 -1.70640651191121 "1" 61 0.249226813186983 1
0.00228439419779187 -0.873575484549213 "1" 61 0.249226813186983 1
0.489633509282143 1.72530407980021 "3" 61 0.249226813186983 1
-1.34405174157717 -0.540505819599826 "2" 61 0.249226813186983 1
-0.809967430935554 0.446104212996331 "3" 61 0.249226813186983 1
-0.21546726405606 0.971645033904823 "3" 61 0.249226813186983 1
-0.150645801497741 -0.562423704704692 "1" 61 0.249226813186983 1
0.856159733325691 -0.920613211288548 "2" 61 0.249226813186983 1
0.109979704222758 -0.659947957595965 "2" 61 0.249226813186983 1
0.897547817858927 -0.060569698090937 "1" 61 0.249226813186983 1
1.12596993589636 0.0977960818825609 "1" 61 0.249226813186983 1
0.52192177576582 0.649338059095627 "3" 61 0.249226813186983 1
0.0144612901202252 -0.926482103784888 "1" 61 0.249226813186983 1
-0.371799893905506 0.762921180796537 "3" 61 0.249226813186983 1
0.249767955377383 0.655402729410037 "3" 61 0.249226813186983 1
1.68713259153707 0.181640713118725 "1" 61 0.249226813186983 1
-1.15170589309328 0.236136556860339 "2" 61 0.249226813186983 1
-0.123887035516985 -0.556150023734159 "1" 61 0.249226813186983 1
0.267783315836523 0.421470551798902 "3" 61 0.249226813186983 1
-1.16434029078758 -0.603198928127884 "2" 61 0.249226813186983 1
-0.683917264456584 1.55893710109452 "3" 61 0.249226813186983 1
-0.639221490992956 -0.506727171288049 "1" 61 0.249226813186983 1
-0.486208671495813 -1.0993078098832 "2" 61 0.249226813186983 1
-0.251277273887748 1.39832025255626 "3" 61 0.249226813186983 1
0.589533444903162 1.19186279234746 "3" 61 0.249226813186983 1
0.222544774902263 -0.765659506686943 "2" 61 0.249226813186983 1
0.999429960690263 -0.951727939225808 "1" 42 0.00991910960471488 2
1.32661620053007 -0.737753321226962 "1" 42 0.00991910960471488 2
1.30404196021418 -1.07013469084851 "1" 42 0.00991910960471488 2
1.72518975671548 -1.16455712373578 "1" 42 0.00991910960471488 2
1.38295434065371 -0.573907202291162 "1" 42 0.00991910960471488 2
0.825009007508302 -0.729577019090293 "1" 42 0.00991910960471488 2
1.45038915124283 -0.887687123311232 "1" 42 0.00991910960471488 2
0.771016322572989 -0.529334105920238 "1" 42 0.00991910960471488 2
1.21408644034884 -0.95319224452359 "1" 42 0.00991910960471488 2
1.64863145673749 -0.41174238688254 "1" 42 0.00991910960471488 2
0.222690487949515 1.3788918429729 "2" 42 0.00991910960471488 2
-0.373098468123182 1.70677454876265 "2" 42 0.00991910960471488 2
0.595928434545832 1.25224570794014 "2" 42 0.00991910960471488 2
-0.616753166310989 1.42131730808078 "2" 42 0.00991910960471488 2
-0.257048601335966 1.06486729991276 "2" 42 0.00991910960471488 2
-0.284169204206907 1.71553801300355 "2" 42 0.00991910960471488 2
0.0509921908355715 1.16552580743117 "2" 42 0.00991910960471488 2
-0.331433167944525 1.10289597492793 "2" 42 0.00991910960471488 2
0.114795413907414 2.07057662220118 "2" 42 0.00991910960471488 2
-0.135889468928363 1.00189184128718 "2" 42 0.00991910960471488 2
-0.869342553679782 -0.910050911738479 "3" 42 0.00991910960471488 2
-1.24804327930335 -0.597701538964403 "3" 42 0.00991910960471488 2
-1.3512239401648 -1.03063431250614 "3" 42 0.00991910960471488 2
-1.13735905129573 -0.975992968742625 "3" 42 0.00991910960471488 2
-0.277318722941195 -0.517112147778078 "3" 42 0.00991910960471488 2
-0.820418746136028 -0.232091231557772 "3" 42 0.00991910960471488 2
-1.70868192328726 0.0300358267861456 "3" 42 0.00991910960471488 2
-1.5804352388677 -0.924944720647641 "3" 42 0.00991910960471488 2
-1.49162689677106 -0.483204380069662 "3" 42 0.00991910960471488 2
-1.14892869515565 -0.229215424245483 "3" 42 0.00991910960471488 2
-1.13674275649053 1.20844736394607 "2" 49 0.26628883050343 3
0.53216794252616 -0.173714832606756 "3" 49 0.26628883050343 3
0.506345279884282 0.49783585184922 "3" 49 0.26628883050343 3
-0.787110856842256 0.43449792030955 "2" 49 0.26628883050343 3
-1.63253382310963 -1.39246990564919 "1" 49 0.26628883050343 3
0.15160851181848 -0.738929501445133 "1" 49 0.26628883050343 3
0.614485556217502 1.40307547279075 "2" 49 0.26628883050343 3
1.22819936516999 1.1680200706506 "3" 49 0.26628883050343 3
-1.04305708849906 1.25943330816913 "2" 49 0.26628883050343 3
0.771656212850089 -0.00427604508451836 "3" 49 0.26628883050343 3
0.570367315655686 -0.806367328928385 "1" 49 0.26628883050343 3
-0.994130236856033 -1.13242682234565 "1" 49 0.26628883050343 3
-0.0203978348971391 -0.44173988674775 "2" 49 0.26628883050343 3
-0.940235049261544 -0.352239485494071 "3" 49 0.26628883050343 3
-1.15246641592026 -0.282395660053823 "1" 49 0.26628883050343 3
0.597344510632224 -2.14924595976942 "1" 49 0.26628883050343 3
0.892364613998021 -1.31183121046175 "1" 49 0.26628883050343 3
1.08059575256969 -0.895897111976021 "1" 49 0.26628883050343 3
0.958019998026435 0.0848072842877273 "3" 49 0.26628883050343 3
-0.157568512415655 -0.830170043488358 "1" 49 0.26628883050343 3
0.279599323201255 -0.508441548377153 "1" 49 0.26628883050343 3
-1.21141948327628 0.575937425753404 "2" 49 0.26628883050343 3
-0.740823621684836 1.71066013900511 "2" 49 0.26628883050343 3
1.64301667997524 -0.346747729127151 "3" 49 0.26628883050343 3
0.733736780494167 0.654222741290592 "3" 49 0.26628883050343 3
0.0352592848764591 1.05661770292491 "2" 49 0.26628883050343 3
0.53063584601412 0.491369443265024 "3" 49 0.26628883050343 3
-0.106733891696988 0.524800345659973 "2" 49 0.26628883050343 3
-0.862975019980578 0.20729669686637 "3" 49 0.26628883050343 3
-0.339208382978994 0.0898713047867154 "2" 49 0.26628883050343 3
-0.189131316578226 0.531947787979204 "3" 63 0.288300472543405 4
-0.225920545692667 1.55390084749129 "3" 63 0.288300472543405 4
-1.26314579167012 1.03574094904969 "3" 63 0.288300472543405 4
0.122319706619756 -0.0776292453619767 "1" 63 0.288300472543405 4
1.03907580151522 -0.905050074044247 "2" 63 0.288300472543405 4
-1.08394119776218 0.878326150366136 "1" 63 0.288300472543405 4
-0.692336953305805 -0.198916962116421 "1" 63 0.288300472543405 4
1.57237516916652 0.578877208130468 "2" 63 0.288300472543405 4
-0.35868434513291 2.10175185084437 "3" 63 0.288300472543405 4
-1.44783018682354 1.37219786710601 "3" 63 0.288300472543405 4
1.07632629421157 -0.387013671762797 "2" 63 0.288300472543405 4
1.17165141786413 -0.871154427232701 "2" 63 0.288300472543405 4
1.10201138682355 0.261167585936443 "3" 63 0.288300472543405 4
1.78176242552073 -1.32097341872138 "2" 63 0.288300472543405 4
0.0329759201193447 -1.18787057696273 "1" 63 0.288300472543405 4
0.216103176987503 -0.104546700924864 "1" 63 0.288300472543405 4
1.76091057192339 0.308139072875529 "3" 63 0.288300472543405 4
-0.0654658278185941 -0.035081068085735 "1" 63 0.288300472543405 4
0.547651842131529 -0.848368206065248 "2" 63 0.288300472543405 4
-0.311636136105249 -0.647776661075496 "2" 63 0.288300472543405 4
-0.867845919023752 1.6327986675297 "3" 63 0.288300472543405 4
-0.69060736192851 -0.0124360239521728 "1" 63 0.288300472543405 4
-0.0852135848907877 -1.10506317334526 "1" 63 0.288300472543405 4
-0.652772719888206 0.709625737025242 "3" 63 0.288300472543405 4
-0.825314312487645 0.72818499084731 "3" 63 0.288300472543405 4
0.380751155748062 -0.634731794169305 "2" 63 0.288300472543405 4
0.0894516749218973 -0.843620692791852 "1" 63 0.288300472543405 4
-2.125519481109 -0.482334867140652 "1" 63 0.288300472543405 4
-0.527251734385773 -0.499554314817007 "2" 63 0.288300472543405 4
0.519250871049789 -1.53053683661157 "2" 63 0.288300472543405 4
0.535450467167687 0.448416353129094 "2" 41 0.293225522938011 5
1.28485309760566 0.959516430263694 "3" 41 0.293225522938011 5
0.234546946716478 1.08019490786282 "3" 41 0.293225522938011 5
-1.2813027983319 0.435286167062794 "2" 41 0.293225522938011 5
-0.967015689783686 -0.967571671831465 "1" 41 0.293225522938011 5
-0.545137337552409 0.380157921750526 "2" 41 0.293225522938011 5
-0.585052787998607 -1.2759427512364 "1" 41 0.293225522938011 5
-0.665431098799968 0.985581572897211 "2" 41 0.293225522938011 5
-0.274719605501761 1.46577374709603 "2" 41 0.293225522938011 5
1.03808323859593 -0.157836855819358 "3" 41 0.293225522938011 5
0.785094420975631 1.01430778566455 "3" 41 0.293225522938011 5
-0.571904205244615 -0.26648924608886 "1" 41 0.293225522938011 5
0.390626330612781 0.594178415526981 "1" 41 0.293225522938011 5
-0.95280787773871 -1.13412165297512 "2" 41 0.293225522938011 5
1.18915037612959 -0.227463693771877 "3" 41 0.293225522938011 5
0.52805100038867 -0.279867976246555 "2" 41 0.293225522938011 5
-1.69493922675909 0.499672658280648 "2" 41 0.293225522938011 5
1.74682874003778 1.42965604101271 "3" 41 0.293225522938011 5
1.16804323402769 0.651760023434734 "3" 41 0.293225522938011 5
-0.528257167043695 -1.66387073050494 "1" 41 0.293225522938011 5
0.176853933016634 0.55401483052365 "3" 41 0.293225522938011 5
0.814706809528031 -0.310961904151637 "3" 41 0.293225522938011 5
-1.54715555516229 -2.45833536165556 "1" 41 0.293225522938011 5
-1.00607261784711 1.01668455681989 "2" 41 0.293225522938011 5
-0.261297896794707 -0.192725147671161 "1" 41 0.293225522938011 5
0.362151270857306 0.684985119792931 "3" 41 0.293225522938011 5
0.339332254830151 0.299363348884381 "2" 41 0.293225522938011 5
1.29927448809465 -1.62666378619474 "1" 41 0.293225522938011 5
-0.591671708816464 -1.40744350447402 "1" 41 0.293225522938011 5
-0.420281035209655 -0.530255597380956 "1" 41 0.293225522938011 5
-1.12836548789814 -1.08880485882744 "1" 37 0.317947768790695 6
-0.169423764080592 -0.59128429038657 "3" 37 0.317947768790695 6
0.648997995819154 -1.690069203469 "1" 37 0.317947768790695 6
-0.8396434083792 -2.11788989558886 "1" 37 0.317947768790695 6
-1.1304631451475 -0.983943196862354 "1" 37 0.317947768790695 6
0.434418432412532 -0.947161808802792 "3" 37 0.317947768790695 6
0.131608441908375 -2.71632200420092 "3" 37 0.317947768790695 6
-0.72922104360381 -0.804049493015087 "1" 37 0.317947768790695 6
-1.11554683084778 -1.28233681432444 "1" 37 0.317947768790695 6
0.244514002105516 -1.56002803735918 "1" 37 0.317947768790695 6
-0.489265194206823 1.38281885725838 "1" 37 0.317947768790695 6
-0.798391528225748 1.84572330007584 "2" 37 0.317947768790695 6
-1.43838075728291 0.982035834151348 "2" 37 0.317947768790695 6
-0.793799927721061 1.30944713695656 "2" 37 0.317947768790695 6
-0.803077472343715 1.24146062873088 "2" 37 0.317947768790695 6
0.797497524481566 1.34625655261227 "2" 37 0.317947768790695 6
-0.441071425985243 0.714571359187717 "2" 37 0.317947768790695 6
0.629158692765975 1.25810274817025 "2" 37 0.317947768790695 6
-0.687137052064979 1.40710155340252 "3" 37 0.317947768790695 6
-0.437847643138491 0.21136409857744 "1" 37 0.317947768790695 6
1.31885118894558 0.0505022026103206 "3" 37 0.317947768790695 6
-0.175151005684032 0.873362816974898 "2" 37 0.317947768790695 6
0.441522864588142 -0.646530928212828 "1" 37 0.317947768790695 6
1.77299562765428 -0.168351521469534 "3" 37 0.317947768790695 6
1.1848497068608 -0.848083617071954 "3" 37 0.317947768790695 6
-0.159385285643634 0.694780975278315 "2" 37 0.317947768790695 6
0.222647733798153 1.45407257510982 "2" 37 0.317947768790695 6
2.16847764930175 0.0434096751418995 "3" 37 0.317947768790695 6
0.898307388134995 -0.0435020380707885 "3" 37 0.317947768790695 6
0.442323723476844 0.673347393423286 "3" 37 0.317947768790695 6
-0.137591813705484 -0.405762411435959 "1" 53 0.323023573691717 7
1.8619725149641 0.731651311294151 "1" 53 0.323023573691717 7
0.145356654100277 1.34860738180544 "1" 53 0.323023573691717 7
-1.66106573402202 1.49986143506605 "2" 53 0.323023573691717 7
-1.32553786536572 0.949337497249645 "2" 53 0.323023573691717 7
0.904421382727446 0.805953326964481 "1" 53 0.323023573691717 7
-2.11268112861423 0.821491158614636 "2" 53 0.323023573691717 7
-0.542293644356943 1.40670792927739 "1" 53 0.323023573691717 7
0.440403226825095 -1.10431898931098 "3" 53 0.323023573691717 7
0.792412504584585 0.226689699020988 "3" 53 0.323023573691717 7
0.334262327062459 0.734755816859284 "1" 53 0.323023573691717 7
0.145555671347402 -1.1482412069805 "3" 53 0.323023573691717 7
0.575342869256195 -0.496117682950733 "3" 53 0.323023573691717 7
-1.23063470493588 -1.32149294027555 "2" 53 0.323023573691717 7
-0.0502233781532818 -0.869725453558985 "2" 53 0.323023573691717 7
0.0854875461589423 -0.190273087547081 "3" 53 0.323023573691717 7
-0.538463861086027 0.508729812705406 "2" 53 0.323023573691717 7
0.295555179393019 0.983841480780307 "1" 53 0.323023573691717 7
-0.158122016520049 0.168803969220388 "2" 53 0.323023573691717 7
-0.460000390798293 -1.07157821463069 "1" 53 0.323023573691717 7
1.38039268356758 -0.500062314639931 "3" 53 0.323023573691717 7
1.52552398660951 -1.66147637143729 "3" 53 0.323023573691717 7
-1.0321141012783 -1.48834904104792 "2" 53 0.323023573691717 7
0.573201830769279 1.63240059354986 "1" 53 0.323023573691717 7
-0.353266877879955 -0.203458703016027 "2" 53 0.323023573691717 7
0.234088864175538 0.324872612934581 "3" 53 0.323023573691717 7
1.01165405360083 0.189351462096881 "3" 53 0.323023573691717 7
0.871829337932012 -0.997121646083162 "3" 53 0.323023573691717 7
-1.01773291603916 -1.39734996117647 "2" 53 0.323023573691717 7
-0.557732200318921 0.522272536651787 "1" 53 0.323023573691717 7
0.0537359777809869 0.188223745259326 "1" 43 0.333597101793283 8
-1.48199812282183 0.502549041570635 "3" 43 0.333597101793283 8
0.531367878652296 -0.421131721105869 "1" 43 0.333597101793283 8
2.10088831821238 -0.932505292650357 "2" 43 0.333597101793283 8
1.64964908701956 -0.918928242551238 "1" 43 0.333597101793283 8
-0.0215451784657489 -0.606559675138282 "1" 43 0.333597101793283 8
0.0609127637689574 0.0489670441314755 "2" 43 0.333597101793283 8
0.260445608922199 0.34607484482455 "2" 43 0.333597101793283 8
0.700636451640567 1.05381112575143 "2" 43 0.333597101793283 8
-1.83844464736426 0.782352223321836 "3" 43 0.333597101793283 8
-0.287413380785529 0.518666668083002 "3" 43 0.333597101793283 8
0.373911138660101 0.984566566752102 "2" 43 0.333597101793283 8
-1.04832191981391 1.32005983250472 "3" 43 0.333597101793283 8
0.940363211404345 1.07937649762913 "2" 43 0.333597101793283 8
-0.543843281623612 0.163266473286594 "2" 43 0.333597101793283 8
0.0701897947694481 0.717492727531495 "2" 43 0.333597101793283 8
1.0629245681298 0.617493640390037 "2" 43 0.333597101793283 8
-0.0709775362740405 -0.191879400495189 "1" 43 0.333597101793283 8
-1.38004258906462 1.0533990350114 "3" 43 0.333597101793283 8
-1.24138880985258 0.380658188531247 "3" 43 0.333597101793283 8
0.294061467976255 -0.320906641126059 "2" 43 0.333597101793283 8
-1.23760549544933 -0.331093546728623 "3" 43 0.333597101793283 8
0.0989943911564922 -0.235332039122219 "1" 43 0.333597101793283 8
0.896562944399697 -1.7415046790402 "1" 43 0.333597101793283 8
0.3975251936471 0.174971602654447 "3" 43 0.333597101793283 8
-0.0804578272282675 -0.598328404133106 "3" 43 0.333597101793283 8
-1.16189850931921 -1.03049914793311 "1" 43 0.333597101793283 8
-1.16852763845187 -0.787704925948895 "3" 43 0.333597101793283 8
1.16421024657977 -0.580041474307459 "1" 43 0.333597101793283 8
0.90608589379486 -1.23551406695282 "1" 43 0.333597101793283 8
0.23231744433207 -0.180129886327439 "1" 46 0.352931947405628 9
-0.145194871347375 -1.15054653458143 "1" 46 0.352931947405628 9
-0.160477662078655 -0.258805547359215 "2" 46 0.352931947405628 9
1.71561443340756 -0.241900242956487 "1" 46 0.352931947405628 9
3.0243024930885 -0.75501659803053 "1" 46 0.352931947405628 9
0.717921442545062 -0.790754646806689 "1" 46 0.352931947405628 9
0.323081869009815 1.77475058536187 "3" 46 0.352931947405628 9
0.256345162451274 0.187044559365563 "3" 46 0.352931947405628 9
-0.226684984134198 -0.28063219840151 "3" 46 0.352931947405628 9
-0.819587408331945 0.306387678905961 "2" 46 0.352931947405628 9
-1.22069944328601 -1.12608155099924 "2" 46 0.352931947405628 9
-0.466052649420187 -1.60183768272628 "1" 46 0.352931947405628 9
-1.09047767388963 -0.921761889420001 "2" 46 0.352931947405628 9
0.0875846310267359 -0.224566824024122 "2" 46 0.352931947405628 9
-0.937557785509171 -0.685324857337333 "2" 46 0.352931947405628 9
-0.863211542198591 0.19737007031181 "3" 46 0.352931947405628 9
0.328929207549811 0.0600966187441707 "1" 46 0.352931947405628 9
-1.68575074203204 0.19104761351242 "3" 46 0.352931947405628 9
-2.83038721864821 -0.3857391668877 "2" 46 0.352931947405628 9
-0.114435197290237 0.858701624982765 "3" 46 0.352931947405628 9
0.55390467425452 0.66148256660601 "2" 46 0.352931947405628 9
0.122140813156475 -0.450235829043695 "1" 46 0.352931947405628 9
1.36544476938272 1.14109752392205 "3" 46 0.352931947405628 9
0.861678334962542 0.745008567825562 "3" 46 0.352931947405628 9
-0.293847966880946 1.38274682646464 "2" 46 0.352931947405628 9
-0.336905916403366 -0.484428238346292 "1" 46 0.352931947405628 9
-0.358908949238866 -0.326632740443491 "2" 46 0.352931947405628 9
-0.110453062314052 0.844513805181418 "3" 46 0.352931947405628 9
1.04857235335521 1.80237956415993 "3" 46 0.352931947405628 9
1.02279544448118 -0.288233171652731 "1" 46 0.352931947405628 9
0.939794568331021 0.0887472176618037 "3" 57 0.373301760192763 10
-1.09794494039996 1.44150122917417 "3" 57 0.373301760192763 10
0.965827249618041 -0.378644684629247 "2" 57 0.373301760192763 10
0.388080422433049 -0.621278621519585 "1" 57 0.373301760192763 10
-2.27583794023917 0.461228195616876 "2" 57 0.373301760192763 10
-1.06776111994538 1.2449560939329 "3" 57 0.373301760192763 10
0.787802957944176 -0.806658901052291 "1" 57 0.373301760192763 10
-0.112735434065868 -0.791534585562994 "2" 57 0.373301760192763 10
1.07780573849256 -0.0858827494339584 "1" 57 0.373301760192763 10
0.114592924413519 1.28188605056278 "3" 57 0.373301760192763 10
0.739981110230088 0.27951162042681 "1" 57 0.373301760192763 10
-0.815843493551746 1.17757659664628 "3" 57 0.373301760192763 10
0.251893997571825 1.33614612889991 "3" 57 0.373301760192763 10
-0.809317217213155 -0.258531048171258 "2" 57 0.373301760192763 10
1.37438400861894 0.671454358942283 "3" 57 0.373301760192763 10
-0.208088178770357 -0.355923026539877 "1" 57 0.373301760192763 10
-0.9878113088392 -0.403995011991447 "2" 57 0.373301760192763 10
2.39269106806245 -1.31910089768578 "1" 57 0.373301760192763 10
2.70275728447012 0.456294924521433 "1" 57 0.373301760192763 10
-0.375919011361282 1.38910818066591 "3" 57 0.373301760192763 10
-0.985336109982756 -0.84406435164345 "2" 57 0.373301760192763 10
-0.503450598134842 1.17622113346751 "1" 57 0.373301760192763 10
-1.85253944497673 -0.164794148589777 "2" 57 0.373301760192763 10
-0.486433447846048 -1.30920643693055 "2" 57 0.373301760192763 10
0.427455783141767 -1.39412696327593 "1" 57 0.373301760192763 10
0.837858036191731 -0.313658807194651 "3" 57 0.373301760192763 10
0.143123830806273 0.543632949887091 "1" 57 0.373301760192763 10
-0.62128607477513 -0.130802227062577 "2" 57 0.373301760192763 10
-0.237861681672368 -1.7381120033616 "2" 57 0.373301760192763 10
-0.705882978551567 -0.63195021576078 "3" 57 0.373301760192763 10
-1.23928361796042 0.385760922462316 "1" 55 0.375443177679475 11
-1.24282154664218 -0.416527286081208 "1" 55 0.375443177679475 11
0.252648600231618 -0.634614697980158 "2" 55 0.375443177679475 11
-0.237731031165901 0.255376954770795 "3" 55 0.375443177679475 11
-1.09527958534722 0.616817611351941 "1" 55 0.375443177679475 11
0.709940683921943 -1.57723619804507 "2" 55 0.375443177679475 11
-0.393364365143636 1.92705005741525 "1" 55 0.375443177679475 11
-0.926752363960812 1.13588569832975 "3" 55 0.375443177679475 11
-0.369980426599689 -0.862881546438128 "2" 55 0.375443177679475 11
-0.245101189751834 0.452292744617111 "3" 55 0.375443177679475 11
-0.0481262346899745 0.3198605085357 "1" 55 0.375443177679475 11
0.156222444221603 -1.34858428154286 "2" 55 0.375443177679475 11
-0.399470467049681 0.353009329697323 "1" 55 0.375443177679475 11
-0.412733076837307 0.193263179175385 "3" 55 0.375443177679475 11
-0.327227795474101 0.329344866554182 "1" 55 0.375443177679475 11
1.06544129127567 0.471631558919996 "3" 55 0.375443177679475 11
1.06512953001744 0.312626704773635 "2" 55 0.375443177679475 11
0.859544791029723 1.20191919660419 "3" 55 0.375443177679475 11
0.352509717484046 1.12893295111785 "3" 55 0.375443177679475 11
0.800616588309127 0.801270949759465 "3" 55 0.375443177679475 11
0.689111969794569 -0.917433721673921 "2" 55 0.375443177679475 11
-0.634034669129313 -1.17886816878819 "2" 55 0.375443177679475 11
-0.725571292270573 -0.528695924900287 "1" 55 0.375443177679475 11
1.83162751114127 -0.883772754186453 "3" 55 0.375443177679475 11
0.618643406237019 0.12627188095443 "1" 55 0.375443177679475 11
-0.442563328619545 -0.27043340082357 "1" 55 0.375443177679475 11
0.212524831712104 -0.534037659673109 "2" 55 0.375443177679475 11
-0.154639476882363 -0.854221934419959 "2" 55 0.375443177679475 11
0.504149494091742 0.376298732458477 "3" 55 0.375443177679475 11
-0.223430391943323 -0.38030627294487 "2" 55 0.375443177679475 11
0.621541102459714 0.588130581258129 "2" 47 0.381017525593 12
0.385007388242469 -0.05527328181049 "1" 47 0.381017525593 12
-0.349943909422116 0.72365472302308 "3" 47 0.381017525593 12
1.55081251152601 1.32299232803713 "2" 47 0.381017525593 12
2.38968051277528 1.70541803844695 "2" 47 0.381017525593 12
0.165158761631406 0.815471252810129 "3" 47 0.381017525593 12
1.6354648547563 -0.752942252042014 "2" 47 0.381017525593 12
1.38862486677022 -0.898566609493046 "2" 47 0.381017525593 12
-0.23271977422967 1.76000647203645 "3" 47 0.381017525593 12
0.637106808164585 -0.613839944248238 "2" 47 0.381017525593 12
-0.436741778412268 -1.0196211991354 "2" 47 0.381017525593 12
-1.24762010713411 0.308015854655847 "1" 47 0.381017525593 12
0.358212340747533 -1.02309133634699 "1" 47 0.381017525593 12
-0.463864902664466 0.212723493558687 "3" 47 0.381017525593 12
-0.566596979509189 -0.58041653088943 "1" 47 0.381017525593 12
-0.764982292631921 0.134445675019001 "3" 47 0.381017525593 12
0.810586475887547 0.0398521609131745 "2" 47 0.381017525593 12
-0.771203078412884 -0.790736597124065 "3" 47 0.381017525593 12
-0.656324067609477 -2.72037834465781 "1" 47 0.381017525593 12
1.15036578633948 -1.14443397075507 "2" 47 0.381017525593 12
-0.708304653058105 1.69482845580245 "3" 47 0.381017525593 12
-0.71461182870201 0.16478496487948 "3" 47 0.381017525593 12
-0.0758048814469682 0.0984175106743861 "3" 47 0.381017525593 12
-0.10576086159542 0.395044208461183 "1" 47 0.381017525593 12
-0.618693927536677 0.453755628999213 "1" 47 0.381017525593 12
-0.576742681756819 -0.765486228882699 "1" 47 0.381017525593 12
-0.396537921924292 -1.6571563711648 "2" 47 0.381017525593 12
-1.76249975494276 0.15393189021353 "1" 47 0.381017525593 12
-0.289113069812983 1.35262641203867 "1" 47 0.381017525593 12
-0.35449493849841 0.0978430157225566 "3" 47 0.381017525593 12
0.0608321924361362 0.623254136781195 "3" 40 0.382700985009358 13
0.183125548781386 0.482393256616652 "3" 40 0.382700985009358 13
-0.624942490549529 -0.160369536197273 "2" 40 0.382700985009358 13
-1.35806784369273 0.295752809163606 "3" 40 0.382700985009358 13
-0.701939374621197 -0.0028436874970853 "2" 40 0.382700985009358 13
-0.832661146574048 0.662012428934241 "1" 40 0.382700985009358 13
-2.14496501510351 -1.08466002314648 "2" 40 0.382700985009358 13
-0.436373109009719 0.437854409777543 "1" 40 0.382700985009358 13
-0.121663966700582 1.90722402041517 "3" 40 0.382700985009358 13
-1.11216448332683 -0.346174427138626 "2" 40 0.382700985009358 13
0.0767267673899856 -0.430345928728801 "2" 40 0.382700985009358 13
-0.780317885267632 0.713313564167149 "3" 40 0.382700985009358 13
-0.484329382289802 0.658801272669362 "3" 40 0.382700985009358 13
-0.635955207344323 0.129533349125038 "2" 40 0.382700985009358 13
0.29970569111736 -0.475354298066359 "1" 40 0.382700985009358 13
0.422809579507273 -1.19933080667927 "1" 40 0.382700985009358 13
-0.534479697516476 0.54478616272336 "3" 40 0.382700985009358 13
1.68877506995653 -1.57907346732004 "1" 40 0.382700985009358 13
-0.772231542189927 -0.92082725086568 "2" 40 0.382700985009358 13
-1.17998125905536 -0.164430468971956 "2" 40 0.382700985009358 13
2.08930926336156 0.448068017469808 "1" 40 0.382700985009358 13
1.44173897459996 0.962409053297887 "3" 40 0.382700985009358 13
-0.790197126850875 0.47994323113264 "3" 40 0.382700985009358 13
1.22572551081885 0.0273371309274242 "3" 40 0.382700985009358 13
0.124221457316001 -0.39539048387743 "2" 40 0.382700985009358 13
0.766104597055514 0.152092519985245 "1" 40 0.382700985009358 13
1.12844109393329 0.200506549967436 "1" 40 0.382700985009358 13
1.20700144461762 -1.12363250641426 "1" 40 0.382700985009358 13
1.24173309950052 -0.42771685018975 "1" 40 0.382700985009358 13
0.554019239700545 -0.415132178060736 "2" 40 0.382700985009358 13
-0.490732836759097 2.40602476734085 "3" 35 0.384596110205265 14
-0.34168213839646 0.20450492192197 "1" 35 0.384596110205265 14
1.43152850999532 0.857110168509309 "1" 35 0.384596110205265 14
0.891736787645649 1.07997279144585 "1" 35 0.384596110205265 14
-0.94671231884938 -0.801935564634258 "3" 35 0.384596110205265 14
0.501511598923242 -1.7579447540572 "2" 35 0.384596110205265 14
-0.295138472784604 0.811484277966104 "2" 35 0.384596110205265 14
0.945696287684466 1.49397159801444 "1" 35 0.384596110205265 14
0.724440698460178 2.1821129590091 "1" 35 0.384596110205265 14
-1.12083470636352 -0.181046854542971 "3" 35 0.384596110205265 14
0.0250509046927239 0.0941671460555727 "3" 35 0.384596110205265 14
-0.104645405537616 -2.37128420384279 "2" 35 0.384596110205265 14
-1.12629881560838 -0.0954030786120442 "2" 35 0.384596110205265 14
-0.227094878973823 -1.25406531419891 "2" 35 0.384596110205265 14
-1.3931473747657 0.611907503677454 "3" 35 0.384596110205265 14
-0.3783417432261 -1.46677551664376 "3" 35 0.384596110205265 14
0.641840216448656 -1.45775639074126 "2" 35 0.384596110205265 14
0.202834418009083 1.95614778981331 "1" 35 0.384596110205265 14
-0.740124334630981 0.63363378905412 "3" 35 0.384596110205265 14
-2.27368222064409 -1.97789351521962 "3" 35 0.384596110205265 14
0.823394925323006 0.179165222465273 "2" 35 0.384596110205265 14
-0.999274015099636 0.181892828872128 "3" 35 0.384596110205265 14
0.0494596931208775 -1.4884426298545 "3" 35 0.384596110205265 14
2.12057463986656 -0.491527244323658 "2" 35 0.384596110205265 14
1.00314150495487 0.41299279429241 "1" 35 0.384596110205265 14
0.649446204927339 1.23055143159788 "1" 35 0.384596110205265 14
-0.0607703590538115 -0.121321813048228 "1" 35 0.384596110205265 14
-0.211085362680838 -0.752751968310125 "2" 35 0.384596110205265 14
-0.0194876360601913 0.358838833864822 "1" 35 0.384596110205265 14
0.718396229382261 -0.47632997587128 "2" 35 0.384596110205265 14
-0.0833548636449263 0.734335807489465 "1" 39 0.388818395908245 15
0.0200460173857429 0.291214925599354 "2" 39 0.388818395908245 15
1.12941291383095 -1.47531133598894 "2" 39 0.388818395908245 15
-0.0178520027023397 -1.64505535340777 "3" 39 0.388818395908245 15
-2.17966447119488 -1.5126689677818 "3" 39 0.388818395908245 15
1.07717345726803 -1.81368755592658 "2" 39 0.388818395908245 15
-1.02633579607314 -1.09330284312807 "3" 39 0.388818395908245 15
-0.316218779215503 1.14813671912819 "1" 39 0.388818395908245 15
1.33252258160789 0.567036236692119 "2" 39 0.388818395908245 15
-0.236482261812036 -0.576482219327913 "3" 39 0.388818395908245 15
0.317790325802835 0.280149800130419 "1" 39 0.388818395908245 15
1.25963376515461 -1.00649925026036 "2" 39 0.388818395908245 15
0.226150387295318 0.947227000519146 "3" 39 0.388818395908245 15
-0.287907915413789 -0.211070601544008 "1" 39 0.388818395908245 15
0.0330176909429668 0.381030002072392 "2" 39 0.388818395908245 15
-1.04013579433964 -0.467806702139401 "3" 39 0.388818395908245 15
-0.382227911509238 0.0300994171800252 "3" 39 0.388818395908245 15
-0.627741471404709 1.13402290477043 "1" 39 0.388818395908245 15
0.883114601277851 0.673611148552968 "2" 39 0.388818395908245 15
-0.882267460160063 -0.143309043942086 "1" 39 0.388818395908245 15
-0.435390329511081 0.854486948727303 "1" 39 0.388818395908245 15
0.511417992801796 1.37387868831333 "1" 39 0.388818395908245 15
0.0806099489364549 -0.386657730996041 "2" 39 0.388818395908245 15
0.41526908900123 -0.0443246000261928 "2" 39 0.388818395908245 15
-0.0117058405448113 -0.128870620156109 "1" 39 0.388818395908245 15
0.900020458192033 0.969771940903198 "2" 39 0.388818395908245 15
0.82494784900937 1.41689017146767 "1" 39 0.388818395908245 15
-0.0823714400258022 -0.374146508414739 "3" 39 0.388818395908245 15
-1.36772256526109 0.466882440245696 "3" 39 0.388818395908245 15
-0.0337481756940295 -0.389580818751694 "3" 39 0.388818395908245 15
0.334977334517213 0.230386764291496 "3" 41 0.396432824245105 16
-0.756735538854905 -0.201129304161693 "3" 41 0.396432824245105 16
0.351441302520895 -0.365210257669347 "2" 41 0.396432824245105 16
1.10275710259575 0.259416893562745 "1" 41 0.396432824245105 16
-0.522322603511761 0.312625793449245 "2" 41 0.396432824245105 16
0.609727186745941 -1.0966222363077 "2" 41 0.396432824245105 16
-0.0289563549780437 1.14191969022217 "1" 41 0.396432824245105 16
0.30307687349488 1.23730156891201 "1" 41 0.396432824245105 16
0.519103874283844 -0.559487452937462 "2" 41 0.396432824245105 16
-0.508306177518237 0.305358640546344 "3" 41 0.396432824245105 16
0.162645704090605 0.285479724927858 "1" 41 0.396432824245105 16
0.0360714420861078 -1.94301086834195 "2" 41 0.396432824245105 16
0.412233810121714 0.194350429430845 "1" 41 0.396432824245105 16
-0.755540845581385 -0.770180358709821 "3" 41 0.396432824245105 16
0.400220906166544 -0.129686469547241 "1" 41 0.396432824245105 16
-1.51757069131846 0.502159988331149 "3" 41 0.396432824245105 16
0.12554162700173 0.742478343417202 "3" 41 0.396432824245105 16
-0.183487862665254 1.84599352618041 "1" 41 0.396432824245105 16
1.0875543074537 0.68173763781934 "2" 41 0.396432824245105 16
0.48154789445942 0.494741545375577 "1" 41 0.396432824245105 16
-1.21238281714301 0.130360020398969 "1" 41 0.396432824245105 16
0.211229377257194 -1.03751994632538 "2" 41 0.396432824245105 16
-0.404256267420853 -1.47553727723385 "2" 41 0.396432824245105 16
0.673061690593227 0.573535351269105 "1" 41 0.396432824245105 16
-0.73293267813865 0.224317713266298 "3" 41 0.396432824245105 16
0.910780190036802 -0.182271629112442 "2" 41 0.396432824245105 16
1.32761757538967 -0.0825056403385981 "2" 41 0.396432824245105 16
-1.5042438546576 -1.18576663621227 "3" 41 0.396432824245105 16
-1.00412289184123 0.401460344649006 "3" 41 0.396432824245105 16
0.0812703848141459 -0.534695899152011 "3" 41 0.396432824245105 16
0.465718045544543 1.55628141254725 "2" 40 0.398915405495465 17
-0.41385084381499 0.00504634853895037 "2" 40 0.398915405495465 17
1.56029234577958 -0.0283945048738631 "1" 40 0.398915405495465 17
0.819272638096977 1.14582791946995 "1" 40 0.398915405495465 17
-0.964205235370301 0.186261051316734 "2" 40 0.398915405495465 17
-0.315486023046166 -0.715885528923062 "3" 40 0.398915405495465 17
1.69531556096797 1.56973216907921 "1" 40 0.398915405495465 17
0.154712512898181 1.26178150914546 "1" 40 0.398915405495465 17
-0.0823775167845813 1.010893678673 "2" 40 0.398915405495465 17
0.304849416155768 0.388115826292666 "1" 40 0.398915405495465 17
-0.452102887009359 0.0427550049019434 "3" 40 0.398915405495465 17
-1.92812544907961 -0.460439291514731 "2" 40 0.398915405495465 17
-1.56953144879472 0.910737250456277 "3" 40 0.398915405495465 17
-1.32306900247749 0.0282459905429409 "2" 40 0.398915405495465 17
-0.167352917284309 0.685457737232677 "1" 40 0.398915405495465 17
-0.631773435915095 -1.8454011740627 "3" 40 0.398915405495465 17
-1.62872638218067 -0.645747817737804 "2" 40 0.398915405495465 17
1.12241053426802 -0.711215772444967 "1" 40 0.398915405495465 17
0.129973605705774 1.24838242428869 "2" 40 0.398915405495465 17
-1.27453941904967 0.411596524928565 "2" 40 0.398915405495465 17
0.0430446285364253 -2.01198533722846 "3" 40 0.398915405495465 17
-0.561546914551575 0.060209474318407 "1" 40 0.398915405495465 17
0.0459507949803241 0.355506499364751 "1" 40 0.398915405495465 17
0.827287951664231 -1.7707161205299 "3" 40 0.398915405495465 17
1.13362152331283 -0.652159089060836 "3" 40 0.398915405495465 17
0.612213771833754 0.637505774669517 "1" 40 0.398915405495465 17
-0.0616398189294063 0.138631650360385 "2" 40 0.398915405495465 17
1.44240687880853 -1.43683748021694 "3" 40 0.398915405495465 17
0.604603004010644 -0.934443814801646 "3" 40 0.398915405495465 17
0.412654081724394 -0.429742314732442 "3" 40 0.398915405495465 17
1.04412274895072 -0.25820040695351 "3" 44 0.410795433134958 18
-0.0217009424714774 0.943056012847617 "3" 44 0.410795433134958 18
0.186512175506122 1.64258217891615 "3" 44 0.410795433134958 18
-0.00881322883129682 -0.0872812216269985 "2" 44 0.410795433134958 18
0.104476631930637 -1.90347211067226 "1" 44 0.410795433134958 18
-1.8364029116762 0.586276667174508 "1" 44 0.410795433134958 18
0.501129387319655 0.816945444124733 "3" 44 0.410795433134958 18
0.0574065581940204 1.01074742327022 "2" 44 0.410795433134958 18
0.114930300141853 0.324730239139069 "1" 44 0.410795433134958 18
0.127269397730165 1.04838628263207 "2" 44 0.410795433134958 18
0.474063624564964 -0.032108695569384 "2" 44 0.410795433134958 18
-1.84562468815754 -1.49808999001853 "1" 44 0.410795433134958 18
-0.352562901281611 -0.693380854993645 "1" 44 0.410795433134958 18
-0.619283159629584 -1.65734540776792 "1" 44 0.410795433134958 18
0.946423749278343 -1.32126862744071 "2" 44 0.410795433134958 18
1.05126057738993 -0.311625965642174 "2" 44 0.410795433134958 18
-0.965921841584972 -0.296173268106133 "3" 44 0.410795433134958 18
3.01803402628805 0.710186662720621 "2" 44 0.410795433134958 18
0.570839322671245 0.141464973786403 "3" 44 0.410795433134958 18
-1.02255082192946 -1.28952684334241 "1" 44 0.410795433134958 18
0.726852747330778 0.761188303703074 "3" 44 0.410795433134958 18
-0.466162975473748 -0.766353180462911 "2" 44 0.410795433134958 18
-2.09819686732144 -0.537961469784373 "1" 44 0.410795433134958 18
-0.567572707401455 1.6546098991877 "3" 44 0.410795433134958 18
0.533773212359619 1.16689040531599 "2" 44 0.410795433134958 18
0.0505435957081815 0.2649114598725 "3" 44 0.410795433134958 18
-0.874643143883858 0.117648118681849 "1" 44 0.410795433134958 18
0.341834787246963 0.608112803158459 "3" 44 0.410795433134958 18
1.16343323106694 -0.725581266955053 "2" 44 0.410795433134958 18
-0.333469884035544 -0.419367565194942 "1" 44 0.410795433134958 18
0.194669603341902 -0.514965551342453 "1" 52 0.413156343161042 19
0.503597335884251 0.0943698936976691 "3" 52 0.413156343161042 19
0.180902712897597 0.848509445722966 "2" 52 0.413156343161042 19
0.152650675244652 -0.519364692859651 "3" 52 0.413156343161042 19
-0.362119653323845 -1.31396723455688 "3" 52 0.413156343161042 19
0.315297500484648 -0.618243570828698 "1" 52 0.413156343161042 19
1.14479141404407 1.21064735974099 "2" 52 0.413156343161042 19
1.16111480085963 0.371596724250549 "2" 52 0.413156343161042 19
-0.326243981348645 -0.558977806384952 "3" 52 0.413156343161042 19
0.509653355984075 0.69775534078942 "1" 52 0.413156343161042 19
-0.980455893430974 0.445573100656552 "1" 52 0.413156343161042 19
-1.78064264130656 -0.479422129859515 "1" 52 0.413156343161042 19
-0.637603116619138 -0.518419438035442 "2" 52 0.413156343161042 19
-1.32564995612401 0.0948774808779432 "1" 52 0.413156343161042 19
-1.09401022602673 -0.375393403550568 "1" 52 0.413156343161042 19
-1.65985794432909 1.03422661396727 "2" 52 0.413156343161042 19
-0.535928650810258 -0.264887436443652 "1" 52 0.413156343161042 19
-0.970076329441392 1.14118476841982 "1" 52 0.413156343161042 19
-0.815526299069515 0.897650618071334 "2" 52 0.413156343161042 19
0.114908756842768 -0.881782386997299 "3" 52 0.413156343161042 19
0.212514202709627 -0.0466011433792831 "2" 52 0.413156343161042 19
0.522642789728124 -1.37337584413068 "3" 52 0.413156343161042 19
1.37538795717916 -0.211678348860867 "3" 52 0.413156343161042 19
1.24545906305973 -0.0894230335459827 "3" 52 0.413156343161042 19
0.307250136681491 1.18920138702297 "2" 52 0.413156343161042 19
0.515989255872301 -0.179722582341718 "3" 52 0.413156343161042 19
1.14637110691523 -0.867242803482912 "3" 52 0.413156343161042 19
0.661502950126238 0.959193374131794 "2" 52 0.413156343161042 19
-0.00608561528766455 -0.0151957962717749 "1" 52 0.413156343161042 19
0.229496689262324 -0.156122904476947 "2" 52 0.413156343161042 19
1.17924425929304 0.397129616092901 "1" 39 0.414792835497468 20
0.158614135589601 0.782044019198978 "2" 39 0.414792835497468 20
-0.508354295162213 -0.253656980442789 "3" 39 0.414792835497468 20
0.66176866547805 0.359301584340656 "2" 39 0.414792835497468 20
2.31146740502596 0.676052835507228 "2" 39 0.414792835497468 20
-0.262005494001768 -0.672360628073052 "1" 39 0.414792835497468 20
-0.636609228661812 1.44304858039765 "3" 39 0.414792835497468 20
-0.986876641705881 1.901788826627 "3" 39 0.414792835497468 20
0.90647249845771 0.340033151682664 "2" 39 0.414792835497468 20
-0.0923541841324739 0.957092632994042 "3" 39 0.414792835497468 20
-0.610717734436173 0.259838941460712 "3" 39 0.414792835497468 20
-0.614524015913097 -0.88639024491423 "1" 39 0.414792835497468 20
-0.111277145375316 0.863521708831535 "3" 39 0.414792835497468 20
-0.221721762720895 0.156192573490788 "3" 39 0.414792835497468 20
0.681037965093353 -0.756347081767709 "2" 39 0.414792835497468 20
0.467284371595178 0.244602928221246 "2" 39 0.414792835497468 20
-0.35841785330827 1.20309243546209 "3" 39 0.414792835497468 20
0.483237620303008 0.115640878321021 "1" 39 0.414792835497468 20
-1.6584627067051 0.304315860340913 "1" 39 0.414792835497468 20
0.238103558064111 0.347511960049032 "2" 39 0.414792835497468 20
1.26067984953722 -0.308683202790686 "2" 39 0.414792835497468 20
0.776560051305451 -1.32203414918405 "1" 39 0.414792835497468 20
-1.04693927536574 -0.608416360882251 "1" 39 0.414792835497468 20
-0.643408237402127 -0.649765661142462 "1" 39 0.414792835497468 20
-0.408785686020666 0.16659259234716 "3" 39 0.414792835497468 20
-0.786639575346754 -0.694215232638838 "2" 39 0.414792835497468 20
-1.07427556921876 -1.08208253362469 "3" 39 0.414792835497468 20
-0.183765364589842 -1.73529082152783 "1" 39 0.414792835497468 20
1.45174221358457 -0.512623049392803 "2" 39 0.414792835497468 20
-0.37107782326036 -1.03593517898422 "1" 39 0.414792835497468 20
