"X1" "X2" "cl" "nbases" "wilks.lambda" ".sample"
-1.53958004778702 0.75277596471228 "2" 133 0.00034014653510382 1
0.220392943753512 -1.56154642126793 "3" 133 0.00034014653510382 1
1.47058024662926 1.14079768233676 "1" 133 0.00034014653510382 1
1.85199031375085 0.980136616536527 "1" 133 0.00034014653510382 1
1.55453638722062 0.960703123296179 "1" 133 0.00034014653510382 1
-1.23259452942618 0.689752575601134 "2" 133 0.00034014653510382 1
-1.54135325319808 0.134627712984217 "2" 133 0.00034014653510382 1
1.62258158825704 0.831920739941744 "1" 133 0.00034014653510382 1
1.53491457553585 1.3191673781012 "1" 133 0.00034014653510382 1
0.0392164684770875 -1.76085141415766 "3" 133 0.00034014653510382 1
1.76351580547538 0.978705914524512 "1" 133 0.00034014653510382 1
-0.13496772908914 -1.4300079935968 "3" 133 0.00034014653510382 1
-0.348884248985716 -1.52885661364846 "3" 133 0.00034014653510382 1
1.60613757400326 1.07488145167396 "1" 133 0.00034014653510382 1
1.69820240774603 0.811450323130289 "1" 133 0.00034014653510382 1
0.00804412558920365 -1.71544497160647 "3" 133 0.00034014653510382 1
-1.50426770162101 0.330745590441957 "2" 133 0.00034014653510382 1
-0.353282884262985 -1.4109643959708 "3" 133 0.00034014653510382 1
1.46765122389387 1.18431830931257 "1" 133 0.00034014653510382 1
-0.141513285963332 -1.40721072375203 "3" 133 0.00034014653510382 1
1.65876172968152 1.18586639144086 "1" 133 0.00034014653510382 1
-1.30193276589528 0.608887705156235 "2" 133 0.00034014653510382 1
0.0758406542733907 -1.67289117453204 "3" 133 0.00034014653510382 1
-1.40588355052712 0.421944652517402 "2" 133 0.00034014653510382 1
-1.75600118815447 0.470390275339749 "2" 133 0.00034014653510382 1
-0.51972024192867 -1.51986321486147 "3" 133 0.00034014653510382 1
-0.261759024501831 -1.47531351376656 "3" 133 0.00034014653510382 1
-1.40807932119626 0.346535884886149 "2" 133 0.00034014653510382 1
-1.46395911356692 0.727877888096383 "2" 133 0.00034014653510382 1
-1.65858715818286 0.531464257130112 "2" 133 0.00034014653510382 1
-1.69077262373628 -0.959819485453683 "1" 127 0.000388076492751852 2
-1.8064784679699 -1.28581423119613 "1" 127 0.000388076492751852 2
1.74188090380708 -1.0253861082986 "3" 127 0.000388076492751852 2
-1.80426083833987 -1.37889973756113 "1" 127 0.000388076492751852 2
1.41954015573701 -0.156242988249455 "3" 127 0.000388076492751852 2
0.442177370920828 1.57436374556754 "2" 127 0.000388076492751852 2
0.40490488427912 1.2428887206539 "2" 127 0.000388076492751852 2
1.55967647266536 -0.564548374808088 "3" 127 0.000388076492751852 2
0.273443317769254 1.64861063194267 "2" 127 0.000388076492751852 2
0.605911102214167 1.69050678784817 "2" 127 0.000388076492751852 2
0.248722522652954 1.87127659591818 "2" 127 0.000388076492751852 2
1.2201788923867 -0.377846355242399 "3" 127 0.000388076492751852 2
1.35499925629847 -0.275822960596573 "3" 127 0.000388076492751852 2
-1.90943715959517 -1.00202337996542 "1" 127 0.000388076492751852 2
-1.84753340719459 -0.722195710261304 "1" 127 0.000388076492751852 2
-1.98383809944713 -1.30922402699286 "1" 127 0.000388076492751852 2
0.184959593331347 1.881384919968 "2" 127 0.000388076492751852 2
0.126158089594632 1.75738149926908 "2" 127 0.000388076492751852 2
1.591537766677 -0.780640401837736 "3" 127 0.000388076492751852 2
1.65826076290939 -0.560234391269643 "3" 127 0.000388076492751852 2
-2.00027205654394 -0.958955561765495 "1" 127 0.000388076492751852 2
0.401432180799993 1.61089551236712 "2" 127 0.000388076492751852 2
-1.75464864954901 -1.43700365565133 "1" 127 0.000388076492751852 2
-1.70020233689867 -1.13318449088811 "1" 127 0.000388076492751852 2
-1.58893136003115 -1.04205166682735 "1" 127 0.000388076492751852 2
1.64534307730689 -0.76889171854383 "3" 127 0.000388076492751852 2
-0.110879611834091 2.2037124045697 "2" 127 0.000388076492751852 2
1.35213119561531 -0.409469306440316 "3" 127 0.000388076492751852 2
1.50568000214015 -0.942957809381376 "3" 127 0.000388076492751852 2
0.460317064034159 1.61019154312648 "2" 127 0.000388076492751852 2
-0.862833873259181 -1.82377070716655 "1" 113 0.000399890638344023 3
-1.09805816557898 0.95515676139431 "3" 113 0.000399890638344023 3
-0.467359137030347 -1.68625810465429 "1" 113 0.000399890638344023 3
-0.233783515649866 -1.83979074581582 "1" 113 0.000399890638344023 3
-0.340320380312666 -1.72955673860072 "1" 113 0.000399890638344023 3
1.5352064112048 0.609206093226152 "2" 113 0.000399890638344023 3
-0.544288929510156 -1.93692919454698 "1" 113 0.000399890638344023 3
-0.828962128027491 1.20669567878726 "3" 113 0.000399890638344023 3
1.43533105597638 0.562397938793372 "2" 113 0.000399890638344023 3
-0.616642024752954 1.23331733900772 "3" 113 0.000399890638344023 3
-0.127361596171313 -1.97588464217262 "1" 113 0.000399890638344023 3
1.3794262430965 0.544607951047217 "2" 113 0.000399890638344023 3
-0.172705619411089 -1.46294756181922 "1" 113 0.000399890638344023 3
1.69480314471648 0.700373560382594 "2" 113 0.000399890638344023 3
-1.23842862657645 1.24148804235353 "3" 113 0.000399890638344023 3
1.37625855988565 0.71905077850541 "2" 113 0.000399890638344023 3
1.43528485818399 0.431519246272969 "2" 113 0.000399890638344023 3
-1.20621923148796 1.3919468445236 "3" 113 0.000399890638344023 3
-0.580710159165095 -1.86294655975088 "1" 113 0.000399890638344023 3
-1.01644413391377 1.29601989163074 "3" 113 0.000399890638344023 3
-1.076784600571 0.995194161408949 "3" 113 0.000399890638344023 3
-0.714751507568562 -1.87619634758979 "1" 113 0.000399890638344023 3
-0.731701995750662 1.25893776305832 "3" 113 0.000399890638344023 3
1.43054981546283 0.695641168692379 "2" 113 0.000399890638344023 3
-0.667181795807974 1.062834166528 "3" 113 0.000399890638344023 3
-0.783576494242251 -1.98300000953935 "1" 113 0.000399890638344023 3
1.41162821348345 0.491859928973405 "2" 113 0.000399890638344023 3
-1.04557871438006 1.31370082231597 "3" 113 0.000399890638344023 3
1.27853216454839 0.551306062065851 "2" 113 0.000399890638344023 3
1.37667216260934 0.916026412688469 "2" 113 0.000399890638344023 3
-0.31333859645321 1.60123855617163 "1" 105 0.000454411766278513 4
-1.31050912735517 -1.01956977244618 "3" 105 0.000454411766278513 4
0.10803280023021 1.5946590133464 "1" 105 0.000454411766278513 4
-1.59235911134094 -1.35041159585198 "3" 105 0.000454411766278513 4
1.2742732975894 -0.515773602608591 "2" 105 0.000454411766278513 4
-1.38608728015383 -0.663934097726214 "3" 105 0.000454411766278513 4
1.8328877013478 -0.272054048840266 "2" 105 0.000454411766278513 4
-1.46575883986149 -1.1945258697521 "3" 105 0.000454411766278513 4
-1.47370458123821 -1.14425274956746 "3" 105 0.000454411766278513 4
0.0864136083011071 1.50638127348987 "1" 105 0.000454411766278513 4
1.42383684397226 -0.739322175651266 "2" 105 0.000454411766278513 4
0.164768591449711 1.47813962456802 "1" 105 0.000454411766278513 4
1.14872882870218 -0.433084462986772 "2" 105 0.000454411766278513 4
-1.50835457375803 -0.757998141482012 "3" 105 0.000454411766278513 4
-1.32786098780222 -0.837418905182897 "3" 105 0.000454411766278513 4
-1.51477495723589 -0.883481955955406 "3" 105 0.000454411766278513 4
1.48723166237559 -0.466502958834682 "2" 105 0.000454411766278513 4
0.0407293210816623 1.34870163705301 "1" 105 0.000454411766278513 4
1.38533044504817 -0.352106804814126 "2" 105 0.000454411766278513 4
0.11852933186693 1.61694286808142 "1" 105 0.000454411766278513 4
1.31524583872055 -0.801351100726168 "2" 105 0.000454411766278513 4
-1.20393627959244 -1.26174688894847 "3" 105 0.000454411766278513 4
-0.323944080046389 1.48287371364363 "1" 105 0.000454411766278513 4
-1.22638547098531 -1.10501765317809 "3" 105 0.000454411766278513 4
-0.124233191417603 1.59825821213458 "1" 105 0.000454411766278513 4
0.270640014478385 1.63579820857549 "1" 105 0.000454411766278513 4
-0.0573984840300873 1.62182715486841 "1" 105 0.000454411766278513 4
1.37909571066038 -0.350775009021435 "2" 105 0.000454411766278513 4
1.34045142911827 -0.598013898551365 "2" 105 0.000454411766278513 4
1.45245013632822 -0.737478569806976 "2" 105 0.000454411766278513 4
-0.610289120358133 1.31033684865725 "2" 95 0.000528137153471818 5
1.72569099637717 -0.432658144581693 "3" 95 0.000528137153471818 5
-1.32196225334176 -1.14975884833097 "1" 95 0.000528137153471818 5
2.04612959779554 -0.490999290049973 "3" 95 0.000528137153471818 5
1.17859230231908 0.0459207166987939 "3" 95 0.000528137153471818 5
-0.865080528661767 -1.55054381190442 "1" 95 0.000528137153471818 5
-1.11816416218948 -1.29378358482207 "1" 95 0.000528137153471818 5
-0.538598538960549 1.85453660875523 "2" 95 0.000528137153471818 5
-0.828895680320366 -1.43711951741718 "1" 95 0.000528137153471818 5
-0.350521672827826 1.66942644561585 "2" 95 0.000528137153471818 5
-0.966286235289921 -1.71079745161722 "1" 95 0.000528137153471818 5
-0.977017157852771 -1.44402285181707 "1" 95 0.000528137153471818 5
1.37209362465518 0.0829399800047385 "3" 95 0.000528137153471818 5
1.41388257828328 -0.0664617338428064 "3" 95 0.000528137153471818 5
1.54706177168059 0.15681142936983 "3" 95 0.000528137153471818 5
1.54004200688367 -0.334045106530778 "3" 95 0.000528137153471818 5
-0.398979403258752 1.38713107944527 "2" 95 0.000528137153471818 5
-0.51342256743391 1.42675504792606 "2" 95 0.000528137153471818 5
1.63050243074681 -0.121733653150704 "3" 95 0.000528137153471818 5
-0.284034135909177 1.79302516148712 "2" 95 0.000528137153471818 5
1.62828138477537 -0.128424582223811 "3" 95 0.000528137153471818 5
-0.344913912467719 1.54711659230025 "2" 95 0.000528137153471818 5
-1.05194562786936 -1.59241115631976 "1" 95 0.000528137153471818 5
-1.43914018802771 -1.19515068833151 "1" 95 0.000528137153471818 5
-0.903297029996354 -1.45431203117965 "1" 95 0.000528137153471818 5
-1.20855066339954 -1.20971854626156 "1" 95 0.000528137153471818 5
-0.508840263133757 1.54168280275988 "2" 95 0.000528137153471818 5
-0.584127314221282 1.37313973428474 "2" 95 0.000528137153471818 5
-0.401000681065779 1.45942115767991 "2" 95 0.000528137153471818 5
1.13279044306921 -0.0363026066037474 "3" 95 0.000528137153471818 5
-1.33749518200466 1.20288261078247 "3" 83 0.000572750867237393 6
1.15110237125004 0.8978727931217 "2" 83 0.000572750867237393 6
1.41264325018368 1.06963516936602 "2" 83 0.000572750867237393 6
0.0440858163419733 -1.92444436550211 "1" 83 0.000572750867237393 6
-0.0113558570103214 -2.01952446189123 "1" 83 0.000572750867237393 6
-0.30054554320008 -1.81919566962877 "1" 83 0.000572750867237393 6
-1.26769866954031 1.02239771016581 "3" 83 0.000572750867237393 6
-1.34499625145698 1.36724897495947 "3" 83 0.000572750867237393 6
0.0976806334102456 -1.93247611571104 "1" 83 0.000572750867237393 6
-1.64419205707075 1.3387490980649 "3" 83 0.000572750867237393 6
1.26499253761769 0.696428477875806 "2" 83 0.000572750867237393 6
0.216630542833837 -1.98240169653854 "1" 83 0.000572750867237393 6
0.0918409294342305 -1.78824776641072 "1" 83 0.000572750867237393 6
-1.32685707863231 1.30858113395556 "3" 83 0.000572750867237393 6
-1.08159997048116 1.38338397015533 "3" 83 0.000572750867237393 6
-1.62555425259469 0.991072574649691 "3" 83 0.000572750867237393 6
1.35755064663287 0.716948745665328 "2" 83 0.000572750867237393 6
1.16986924038964 0.804046872290119 "2" 83 0.000572750867237393 6
1.60483084374485 0.37479721942334 "2" 83 0.000572750867237393 6
1.14005738568305 1.06985105986348 "2" 83 0.000572750867237393 6
1.51457340655264 0.770621253718329 "2" 83 0.000572750867237393 6
-0.282148957136494 -1.98981069030594 "1" 83 0.000572750867237393 6
-1.61689999962439 1.283686548997 "3" 83 0.000572750867237393 6
0.114315032813227 -1.73741098088858 "1" 83 0.000572750867237393 6
-0.189749890901873 -1.65108901539967 "1" 83 0.000572750867237393 6
0.215081439439946 -1.84572193672852 "1" 83 0.000572750867237393 6
-1.44645910744003 0.999361345429139 "3" 83 0.000572750867237393 6
1.74490848038626 0.44455139605065 "2" 83 0.000572750867237393 6
1.43234663354423 0.357113055024721 "2" 83 0.000572750867237393 6
-1.09695637316434 0.591092689446284 "3" 83 0.000572750867237393 6
1.68127168390715 -0.471093441599552 "2" 118 0.000644551037276377 7
2.11661578386543 -0.177479468709315 "2" 118 0.000644551037276377 7
2.30225790192623 -0.378144410321029 "2" 118 0.000644551037276377 7
1.92959611392571 -0.508910383335446 "2" 118 0.000644551037276377 7
2.09209820883325 -0.0839592564777225 "2" 118 0.000644551037276377 7
-1.36657735754526 -1.14223718412133 "1" 118 0.000644551037276377 7
-0.24480413120087 1.18825697194809 "3" 118 0.000644551037276377 7
-1.36278907693997 -1.54312970626723 "1" 118 0.000644551037276377 7
-0.653003300462359 1.77551387921259 "3" 118 0.000644551037276377 7
1.81918338505168 0.0350322036698453 "2" 118 0.000644551037276377 7
1.82327576086797 -0.42260375789581 "2" 118 0.000644551037276377 7
-0.241987125759146 1.22384000147215 "3" 118 0.000644551037276377 7
-1.48616645367234 -1.64413382083625 "1" 118 0.000644551037276377 7
-1.45901721850542 -1.07317190877787 "1" 118 0.000644551037276377 7
-0.0528391162767211 1.33197990175973 "3" 118 0.000644551037276377 7
1.89055925415393 0.00176444680731483 "2" 118 0.000644551037276377 7
-1.7369497843823 -1.36282090683452 "1" 118 0.000644551037276377 7
1.81530725879615 -0.0442984983071037 "2" 118 0.000644551037276377 7
-0.395410553806398 1.84668440742015 "3" 118 0.000644551037276377 7
-0.668510493195926 1.80141077017594 "3" 118 0.000644551037276377 7
-0.26579035100954 1.59839582597927 "3" 118 0.000644551037276377 7
-1.68132465941571 -1.20529097378905 "1" 118 0.000644551037276377 7
-1.81951469642196 -1.24003384654943 "1" 118 0.000644551037276377 7
-1.19787356368646 -1.59036936625174 "1" 118 0.000644551037276377 7
-0.522524136958564 1.86825963163981 "3" 118 0.000644551037276377 7
-1.05765425899746 -1.74733731386876 "1" 118 0.000644551037276377 7
-0.368917136217477 1.39879316239186 "3" 118 0.000644551037276377 7
1.7214972675391 -0.0915940850354739 "2" 118 0.000644551037276377 7
-1.93795451892561 -0.887578682633437 "1" 118 0.000644551037276377 7
-0.672054685487131 1.54425580913432 "3" 118 0.000644551037276377 7
1.38551064154775 0.628680669067724 "1" 96 0.000660329670545194 8
2.05855646512991 0.625139207554519 "1" 96 0.000660329670545194 8
-0.60701206665056 -1.99075780544081 "3" 96 0.000660329670545194 8
1.79971068091648 0.70492167224123 "1" 96 0.000660329670545194 8
1.55891968514798 0.802290742319464 "1" 96 0.000660329670545194 8
-0.445200753447519 -2.00436280413358 "3" 96 0.000660329670545194 8
2.30917922786601 0.540781074032986 "1" 96 0.000660329670545194 8
-1.03540336616954 1.39649677155703 "2" 96 0.000660329670545194 8
-1.14218722007877 1.19034130185928 "2" 96 0.000660329670545194 8
1.53683001166852 1.02199552732699 "1" 96 0.000660329670545194 8
-0.843815971180453 -1.87340898755141 "3" 96 0.000660329670545194 8
1.4996432060342 0.398918719232111 "1" 96 0.000660329670545194 8
-0.92619115946487 -1.66069665688226 "3" 96 0.000660329670545194 8
-0.866111260890431 1.30085806594007 "2" 96 0.000660329670545194 8
-1.25090623069931 0.935305178087898 "2" 96 0.000660329670545194 8
-0.80255938931302 1.04644198328028 "2" 96 0.000660329670545194 8
-0.609262241495596 -1.85440156930291 "3" 96 0.000660329670545194 8
-0.801079893950989 -1.65548973464136 "3" 96 0.000660329670545194 8
-0.940194274654922 1.0661658024065 "2" 96 0.000660329670545194 8
-0.403401119752093 -1.62709992279462 "3" 96 0.000660329670545194 8
1.54625174994821 0.610096687431193 "1" 96 0.000660329670545194 8
-1.17690129113375 1.56239612450437 "2" 96 0.000660329670545194 8
1.33634614115004 0.655716104590417 "1" 96 0.000660329670545194 8
-0.963250518850987 1.30115804433212 "2" 96 0.000660329670545194 8
-0.653250992105853 -1.55808133172352 "3" 96 0.000660329670545194 8
-0.308831500525045 -2.10706213911495 "3" 96 0.000660329670545194 8
-1.02067644533872 0.914439613657993 "2" 96 0.000660329670545194 8
-0.405901916185885 -1.9503972648794 "3" 96 0.000660329670545194 8
-1.2269562420978 1.07824819718622 "2" 96 0.000660329670545194 8
1.39814604457701 0.501366729856405 "1" 96 0.000660329670545194 8
1.79688676679576 -1.09129038806807 "3" 91 0.000677403792544038 9
-1.40346354508502 -0.697395768453437 "1" 91 0.000677403792544038 9
-0.583219555417198 1.65182160258064 "2" 91 0.000677403792544038 9
1.94093987425606 -1.16209755129706 "3" 91 0.000677403792544038 9
-1.61905243719587 -0.670831753201895 "1" 91 0.000677403792544038 9
-1.0899802597473 -0.583415784599792 "1" 91 0.000677403792544038 9
-1.44082587142515 -0.763327814180699 "1" 91 0.000677403792544038 9
-0.8206295313083 1.68062789943948 "2" 91 0.000677403792544038 9
-0.258680366633487 1.66910538642602 "2" 91 0.000677403792544038 9
-1.42771407514407 -0.903559372322966 "1" 91 0.000677403792544038 9
-0.664319395362964 1.80148567337314 "2" 91 0.000677403792544038 9
-0.901100640609201 1.61414711931407 "2" 91 0.000677403792544038 9
-1.05756757514301 -1.17291573785897 "1" 91 0.000677403792544038 9
-0.48744168264352 1.7235533064352 "2" 91 0.000677403792544038 9
1.83882686008952 -0.614718364862365 "3" 91 0.000677403792544038 9
-1.03193933980801 -0.564678807400561 "1" 91 0.000677403792544038 9
1.64146064808688 -0.960584200547839 "3" 91 0.000677403792544038 9
-0.62487969960435 1.5823510110511 "2" 91 0.000677403792544038 9
1.83109323955023 -0.972773367923037 "3" 91 0.000677403792544038 9
1.67702524787954 -1.13631333449923 "3" 91 0.000677403792544038 9
2.10723682739662 -0.539148813551295 "3" 91 0.000677403792544038 9
-1.36669149142825 -0.939322629851207 "1" 91 0.000677403792544038 9
0.201876515792334 1.9853197623895 "2" 91 0.000677403792544038 9
1.75264526168408 -1.21324670766934 "3" 91 0.000677403792544038 9
-0.542085822773843 1.56834836427681 "2" 91 0.000677403792544038 9
1.6442519722708 -0.965839698818577 "3" 91 0.000677403792544038 9
-0.828627065819824 1.71727410426181 "2" 91 0.000677403792544038 9
-0.987455725541878 -0.52410772911591 "1" 91 0.000677403792544038 9
2.14169019846522 -0.598627777730925 "3" 91 0.000677403792544038 9
-1.43825933157582 -0.919838627594604 "1" 91 0.000677403792544038 9
-1.11005644432023 1.42527795942569 "2" 79 0.000697291631962224 10
-1.44654067055882 1.22134054264401 "2" 79 0.000697291631962224 10
1.86491453072068 0.133414949094216 "1" 79 0.000697291631962224 10
-0.613658080804344 -1.5970222967861 "3" 79 0.000697291631962224 10
-1.16094874655216 1.24942725894623 "2" 79 0.000697291631962224 10
-0.495701709717484 -1.44919488277863 "3" 79 0.000697291631962224 10
1.59991911919681 0.609215955880333 "1" 79 0.000697291631962224 10
-1.0172703461861 0.829970447228361 "2" 79 0.000697291631962224 10
1.78204357494197 0.44224313440976 "1" 79 0.000697291631962224 10
-1.43573378481327 0.778646540996256 "2" 79 0.000697291631962224 10
1.78278767088757 0.181738010013485 "1" 79 0.000697291631962224 10
-0.486579033790342 -1.26830707080036 "3" 79 0.000697291631962224 10
-1.56334448567367 1.13320256647628 "2" 79 0.000697291631962224 10
-0.613402469733055 -1.4659903274864 "3" 79 0.000697291631962224 10
-0.352109513804443 -1.63269261642265 "3" 79 0.000697291631962224 10
1.58738116345179 0.824388747187502 "1" 79 0.000697291631962224 10
1.84445251623433 -0.116962315793638 "1" 79 0.000697291631962224 10
1.73840126199492 0.351786243660905 "1" 79 0.000697291631962224 10
-0.664859273818007 -1.24797255049226 "3" 79 0.000697291631962224 10
1.91336306252852 0.182373887934374 "1" 79 0.000697291631962224 10
-1.32354947136659 1.23816426980448 "2" 79 0.000697291631962224 10
-1.56786260447041 1.3047637514568 "2" 79 0.000697291631962224 10
-0.121833079572966 -1.72468964762293 "3" 79 0.000697291631962224 10
1.84748018023823 -0.0997286224430625 "1" 79 0.000697291631962224 10
-1.08209436779789 1.20035585412284 "2" 79 0.000697291631962224 10
-0.697649099053526 -1.29309820937961 "3" 79 0.000697291631962224 10
-1.08000803503192 1.30871184509775 "2" 79 0.000697291631962224 10
2.31235051506295 0.0664925780303355 "1" 79 0.000697291631962224 10
-0.631244538237213 -1.2602451861244 "3" 79 0.000697291631962224 10
-0.808647839955334 -1.32561081627958 "3" 79 0.000697291631962224 10
-0.480751285365972 -1.39134390541049 "3" 73 0.000701772021403984 11
1.46977668807998 0.348577222408175 "1" 73 0.000701772021403984 11
-0.599682725566964 -1.82607964640462 "3" 73 0.000701772021403984 11
-1.386565746644 1.22788870160146 "2" 73 0.000701772021403984 11
1.70081068368566 0.527696534623379 "1" 73 0.000701772021403984 11
-0.0628868058060105 -1.36810735439002 "3" 73 0.000701772021403984 11
-1.06152796651968 1.21775467351485 "2" 73 0.000701772021403984 11
-0.489248471983333 -1.55135505470758 "3" 73 0.000701772021403984 11
-1.01117270994748 1.06293173179099 "2" 73 0.000701772021403984 11
-0.985753873863288 1.08094825871653 "2" 73 0.000701772021403984 11
-0.520679032973428 -1.71409173982712 "3" 73 0.000701772021403984 11
-0.344608629851366 -1.0070697758518 "3" 73 0.000701772021403984 11
1.36472154146488 -0.114324293537734 "1" 73 0.000701772021403984 11
-1.39395660534825 1.14408530949297 "2" 73 0.000701772021403984 11
-0.319967585168531 -1.1696125126722 "3" 73 0.000701772021403984 11
1.63354778190292 0.237717695742952 "1" 73 0.000701772021403984 11
1.6641589916551 0.57255501964227 "1" 73 0.000701772021403984 11
-1.31248067097044 1.35032669035152 "2" 73 0.000701772021403984 11
-1.44106123691053 0.890639126882726 "2" 73 0.000701772021403984 11
1.75213013931713 0.328307374516934 "1" 73 0.000701772021403984 11
1.64117936890369 0.29465391465507 "1" 73 0.000701772021403984 11
0.00458002772743684 -1.14479292133781 "3" 73 0.000701772021403984 11
-1.2100933466908 0.71908001945069 "2" 73 0.000701772021403984 11
-1.57074293300934 1.3152403521202 "2" 73 0.000701772021403984 11
1.64482914250503 0.281832568362293 "1" 73 0.000701772021403984 11
-0.138278050405026 -1.42335608557673 "3" 73 0.000701772021403984 11
1.77873916145737 0.462229689211889 "1" 73 0.000701772021403984 11
-0.514708924259913 -1.73201654481181 "3" 73 0.000701772021403984 11
-1.28439323859605 0.956097423922223 "2" 73 0.000701772021403984 11
1.47408631318122 0.42358752752078 "1" 73 0.000701772021403984 11
-0.752335634809997 -2.04639218146035 "2" 116 0.000714512299305963 12
1.79496789125175 0.170527192420596 "3" 116 0.000714512299305963 12
2.17292098698133 0.775219437389251 "3" 116 0.000714512299305963 12
-0.307468133974839 -1.66758299032549 "2" 116 0.000714512299305963 12
-0.355294934885474 -1.12238178890173 "2" 116 0.000714512299305963 12
1.84700261103778 0.227028763472245 "3" 116 0.000714512299305963 12
-1.25629397486776 1.05283829491119 "1" 116 0.000714512299305963 12
-0.0528333301905957 -1.37593086290681 "2" 116 0.000714512299305963 12
-1.78408580560172 0.988391550108221 "1" 116 0.000714512299305963 12
-0.268016130349741 -1.10513335567264 "2" 116 0.000714512299305963 12
-1.67644831767265 1.15183793591034 "1" 116 0.000714512299305963 12
-1.59350429308777 1.46044119457972 "1" 116 0.000714512299305963 12
-0.227168442689837 -1.38853597010442 "2" 116 0.000714512299305963 12
-1.49702607244957 1.32038896032956 "1" 116 0.000714512299305963 12
2.05353758488951 0.511601379994052 "3" 116 0.000714512299305963 12
1.79010860323221 -0.0486538415127876 "3" 116 0.000714512299305963 12
-1.68218694262674 1.36420069769912 "1" 116 0.000714512299305963 12
2.05296924668461 0.768121112299481 "3" 116 0.000714512299305963 12
-1.60881310556514 0.735128188551253 "1" 116 0.000714512299305963 12
-1.78777192287305 1.48794366182156 "1" 116 0.000714512299305963 12
-1.48598512703733 1.37911504972605 "1" 116 0.000714512299305963 12
1.8096343945198 0.301666140112482 "3" 116 0.000714512299305963 12
1.64378564503044 0.568969782797282 "3" 116 0.000714512299305963 12
-0.418319509589897 -1.80809027112085 "2" 116 0.000714512299305963 12
-0.28522747447915 -1.37513703622629 "2" 116 0.000714512299305963 12
-0.536854743174534 -1.92838990072251 "2" 116 0.000714512299305963 12
2.14228111090654 0.225017997030062 "3" 116 0.000714512299305963 12
-1.49863842196182 0.921428202087507 "1" 116 0.000714512299305963 12
1.93078370025589 -0.186080652158825 "3" 116 0.000714512299305963 12
-0.163719456902266 -1.35755669012728 "2" 116 0.000714512299305963 12
1.48958157636866 -1.26209513736015 "2" 93 0.000717399671833375 13
1.0276456851995 -1.05949805186453 "2" 93 0.000717399671833375 13
0.780036909038877 1.57967415212961 "1" 93 0.000717399671833375 13
-2.10661751869193 -0.407673273126199 "3" 93 0.000717399671833375 13
0.775324096064008 1.53439787798924 "1" 93 0.000717399671833375 13
-2.01516310322732 -0.367336035506883 "3" 93 0.000717399671833375 13
1.06784307051112 -1.05233043943106 "2" 93 0.000717399671833375 13
0.595651023363958 1.62960940481549 "1" 93 0.000717399671833375 13
0.592964059077682 1.63744573774486 "1" 93 0.000717399671833375 13
0.821730287382469 1.17686611869535 "1" 93 0.000717399671833375 13
1.23882969239181 -1.66132705328062 "2" 93 0.000717399671833375 13
-1.52576736814628 -0.427920545027167 "3" 93 0.000717399671833375 13
0.746162443318703 -0.983089472123654 "2" 93 0.000717399671833375 13
1.18890772554741 -0.902342208242875 "2" 93 0.000717399671833375 13
-1.5648473419269 0.0650661963103053 "3" 93 0.000717399671833375 13
0.826050617195756 1.47482908898286 "1" 93 0.000717399671833375 13
-1.73340325429624 -0.258867265910136 "3" 93 0.000717399671833375 13
0.602376266383107 1.07316740900117 "1" 93 0.000717399671833375 13
1.14584681789971 -1.33098920568234 "2" 93 0.000717399671833375 13
0.521181106473981 1.3204660912891 "1" 93 0.000717399671833375 13
0.61053861843609 1.32343220776357 "1" 93 0.000717399671833375 13
0.76456483150864 1.39858945060733 "1" 93 0.000717399671833375 13
-1.94714986514632 -0.370283443255403 "3" 93 0.000717399671833375 13
1.10719529601324 -1.38585751670178 "2" 93 0.000717399671833375 13
1.06896419775283 -1.23805658223085 "2" 93 0.000717399671833375 13
-1.61176176403492 -0.572631746675568 "3" 93 0.000717399671833375 13
-1.85214206954427 -0.00408156362526231 "3" 93 0.000717399671833375 13
-2.14695399761156 0.24511907801589 "3" 93 0.000717399671833375 13
1.04271736925624 -1.11861575098588 "2" 93 0.000717399671833375 13
-1.51030540655807 -0.0556675223144207 "3" 93 0.000717399671833375 13
-1.68040499289787 0.00320159082312229 "3" 95 0.000780688348874286 14
1.33458366736014 1.28698190208639 "2" 95 0.000780688348874286 14
0.996482190355743 1.96068012021919 "2" 95 0.000780688348874286 14
0.380702864841588 -2.06474241280337 "1" 95 0.000780688348874286 14
-1.43401913080433 -0.0832006422329306 "3" 95 0.000780688348874286 14
-1.86504001001927 0.320418853385226 "3" 95 0.000780688348874286 14
0.749579128053651 1.51023644497756 "2" 95 0.000780688348874286 14
-1.98930236445908 0.0783890601465927 "3" 95 0.000780688348874286 14
1.04971939916834 1.51046631834355 "2" 95 0.000780688348874286 14
-1.64154231455376 -0.0471286951518477 "3" 95 0.000780688348874286 14
1.15173686489989 1.68143440679206 "2" 95 0.000780688348874286 14
0.7535036429413 -1.73143201369552 "1" 95 0.000780688348874286 14
-1.74633613448011 -0.238768262501234 "3" 95 0.000780688348874286 14
0.539990986500501 -1.64993853565947 "1" 95 0.000780688348874286 14
-1.44991654598767 0.222259763133013 "3" 95 0.000780688348874286 14
0.403105460696165 -1.43877878461605 "1" 95 0.000780688348874286 14
1.05880377181314 1.35652069303527 "2" 95 0.000780688348874286 14
0.364083074658657 -1.48465143810805 "1" 95 0.000780688348874286 14
0.390342930843238 -1.33472143740261 "1" 95 0.000780688348874286 14
-1.97924067528694 0.405079517794749 "3" 95 0.000780688348874286 14
0.752770906198322 -1.78636063997263 "1" 95 0.000780688348874286 14
0.576461968146446 -1.33385674385344 "1" 95 0.000780688348874286 14
1.50651314450368 1.3871442004886 "2" 95 0.000780688348874286 14
0.63789659836092 -1.7683228444408 "1" 95 0.000780688348874286 14
1.47408160420374 1.08383125656023 "2" 95 0.000780688348874286 14
-1.72047822680595 0.533063701840381 "3" 95 0.000780688348874286 14
1.12882832687254 1.40522517690977 "2" 95 0.000780688348874286 14
1.02520387092458 -1.63108539870371 "1" 95 0.000780688348874286 14
-1.58302029303548 -0.0583514990325686 "3" 95 0.000780688348874286 14
0.81491028698789 1.90640634163854 "2" 95 0.000780688348874286 14
-0.121100895225959 -1.45271497416816 "2" 116 0.000832125521212487 15
-0.503831696379148 -1.83713684813088 "2" 116 0.000832125521212487 15
1.11579592487882 0.421508262441363 "1" 116 0.000832125521212487 15
-1.05504633887468 1.13296385077803 "3" 116 0.000832125521212487 15
-0.730139900792254 -1.47087803210574 "2" 116 0.000832125521212487 15
-0.797122851526606 1.35861459327517 "3" 116 0.000832125521212487 15
-1.30867195491588 1.15936036335946 "3" 116 0.000832125521212487 15
1.36348379107063 0.455023932267293 "1" 116 0.000832125521212487 15
1.56844664015146 0.32908745926315 "1" 116 0.000832125521212487 15
-0.962560349186502 1.3597522685018 "3" 116 0.000832125521212487 15
-0.0246291950851192 -1.64180707014279 "2" 116 0.000832125521212487 15
1.75658825630142 0.434806702031804 "1" 116 0.000832125521212487 15
1.41789666375857 0.343598055521105 "1" 116 0.000832125521212487 15
1.11555177196196 0.476339562894584 "1" 116 0.000832125521212487 15
1.24688599324013 0.400369387757216 "1" 116 0.000832125521212487 15
1.69436255321013 0.280588005587418 "1" 116 0.000832125521212487 15
-0.139626691680233 -1.72615279667141 "2" 116 0.000832125521212487 15
-1.22452615776526 1.36255314684054 "3" 116 0.000832125521212487 15
-1.30825446587169 1.46237845024739 "3" 116 0.000832125521212487 15
1.85193641185993 0.425832737220067 "1" 116 0.000832125521212487 15
-0.480148232177449 -1.75849387324054 "2" 116 0.000832125521212487 15
-0.846627385216253 1.16462696373429 "3" 116 0.000832125521212487 15
0.140861526310841 -2.00730352886181 "2" 116 0.000832125521212487 15
0.941635321493728 0.509606763506469 "1" 116 0.000832125521212487 15
-1.43035579742282 1.30383685208079 "3" 116 0.000832125521212487 15
-0.96418678700301 -2.04501165584587 "2" 116 0.000832125521212487 15
-1.20885222573701 1.36495391135888 "3" 116 0.000832125521212487 15
-0.0299813515697525 -1.71297024518112 "2" 116 0.000832125521212487 15
-0.62440592441632 1.55594521844074 "3" 116 0.000832125521212487 15
-0.453376653391658 -1.64927746275924 "2" 116 0.000832125521212487 15
-0.505068409709139 -1.83764548184474 "2" 112 0.000908533844511563 16
-1.32633584113582 1.27671950191819 "1" 112 0.000908533844511563 16
-1.03054899658429 1.30295403208929 "1" 112 0.000908533844511563 16
-0.367273015248175 -1.89340953211604 "2" 112 0.000908533844511563 16
1.07650878748856 0.351658082264191 "3" 112 0.000908533844511563 16
-0.170913829690209 -1.29316092469581 "2" 112 0.000908533844511563 16
0.111193750454549 -1.10138972366378 "2" 112 0.000908533844511563 16
-1.35104742233877 0.861323494319864 "1" 112 0.000908533844511563 16
0.0499822679049529 -1.57003717985667 "2" 112 0.000908533844511563 16
-0.0743430152149175 -1.74615120688934 "2" 112 0.000908533844511563 16
1.43953036555997 0.539111096102172 "3" 112 0.000908533844511563 16
1.38165238984462 0.134328811181631 "3" 112 0.000908533844511563 16
-1.40837345781149 1.17341371906624 "1" 112 0.000908533844511563 16
-1.48790734942892 0.777924617697021 "1" 112 0.000908533844511563 16
1.48328469581052 0.224932951434892 "3" 112 0.000908533844511563 16
-0.253433934810241 -1.36446727274405 "2" 112 0.000908533844511563 16
1.76466765061495 0.48598135063568 "3" 112 0.000908533844511563 16
1.39451195170769 0.499909203723763 "3" 112 0.000908533844511563 16
-0.298620320433722 -1.52336450888318 "2" 112 0.000908533844511563 16
1.75775957211026 0.366030524869514 "3" 112 0.000908533844511563 16
-0.113940204047818 -1.63784080892815 "2" 112 0.000908533844511563 16
-1.25387770122547 1.63591959344501 "1" 112 0.000908533844511563 16
-1.42468014447704 1.39675810878394 "1" 112 0.000908533844511563 16
0.35918676799449 -1.5898722567635 "2" 112 0.000908533844511563 16
-1.17445438883338 0.961669950742064 "1" 112 0.000908533844511563 16
-1.7083342213452 0.988967893119166 "1" 112 0.000908533844511563 16
-1.49604335135076 1.25836142857136 "1" 112 0.000908533844511563 16
1.62743472106476 0.454214122043651 "3" 112 0.000908533844511563 16
1.56258996133322 0.532956360223518 "3" 112 0.000908533844511563 16
1.43689272179683 0.334204054154105 "3" 112 0.000908533844511563 16
1.31912655166619 -0.0974942101596191 "3" 92 0.000940437032905155 17
-0.762496748305427 -1.42636405940892 "1" 92 0.000940437032905155 17
-0.730953949324793 -1.69110272400522 "1" 92 0.000940437032905155 17
1.58673208133139 -0.260718654362431 "3" 92 0.000940437032905155 17
-0.905534450799675 1.63206416075194 "2" 92 0.000940437032905155 17
-1.42257603552274 1.37467816725968 "2" 92 0.000940437032905155 17
-0.356793312830428 -0.844828641496566 "1" 92 0.000940437032905155 17
-0.944208699444633 -1.5707139264314 "1" 92 0.000940437032905155 17
-0.855682842072347 1.41679396950929 "2" 92 0.000940437032905155 17
1.90827822727763 -0.537027843841475 "3" 92 0.000940437032905155 17
1.73382064937827 -0.296263995896676 "3" 92 0.000940437032905155 17
-0.834421571877535 -1.49099900321194 "1" 92 0.000940437032905155 17
-1.08371655706371 1.50629431000856 "2" 92 0.000940437032905155 17
-0.334025934030495 -0.938807493498895 "1" 92 0.000940437032905155 17
-0.30349921724972 -1.16478387438218 "1" 92 0.000940437032905155 17
2.07918159337656 -0.0938614206351803 "3" 92 0.000940437032905155 17
2.00475563504139 0.247907023660075 "3" 92 0.000940437032905155 17
-1.49319891800224 1.11144768871509 "2" 92 0.000940437032905155 17
-0.692547673674732 -1.45814179933864 "1" 92 0.000940437032905155 17
-1.17573202132238 1.17762077054524 "2" 92 0.000940437032905155 17
1.8439701827614 -0.0359389700413934 "3" 92 0.000940437032905155 17
1.69851577377428 -0.14510028318852 "3" 92 0.000940437032905155 17
-1.44296495635955 1.05753132343038 "2" 92 0.000940437032905155 17
-0.804062225823813 1.71566538135694 "2" 92 0.000940437032905155 17
1.46794146471783 -0.249517124601246 "3" 92 0.000940437032905155 17
-0.828979034970164 1.89159331726561 "2" 92 0.000940437032905155 17
-0.926539412670993 1.85283628973661 "2" 92 0.000940437032905155 17
-0.870777882217926 -1.24657837345761 "1" 92 0.000940437032905155 17
-0.612711575382762 -1.41082548523731 "1" 92 0.000940437032905155 17
1.73910085962114 -0.0253645190441912 "3" 92 0.000940437032905155 17
-0.593107077107954 2.03944917001694 "3" 121 0.000958176788358088 18
-0.0718391285132216 2.17521577088611 "3" 121 0.000958176788358088 18
1.52424662477993 -1.00627608022697 "1" 121 0.000958176788358088 18
1.94268735187252 -0.786960916288972 "1" 121 0.000958176788358088 18
2.29632970914158 -0.839909963765414 "1" 121 0.000958176788358088 18
-1.44061074159914 -1.45605204081993 "2" 121 0.000958176788358088 18
2.01144682728783 -0.855972036679833 "1" 121 0.000958176788358088 18
-0.0630426947479328 2.25735226395135 "3" 121 0.000958176788358088 18
-1.21460420157044 -0.836725200441965 "2" 121 0.000958176788358088 18
-0.628188965460761 -0.577340933462814 "2" 121 0.000958176788358088 18
-1.36731165851502 -0.999162757282312 "2" 121 0.000958176788358088 18
1.05930844202203 -1.54621572506832 "1" 121 0.000958176788358088 18
-1.53278795623921 -0.691555617939031 "2" 121 0.000958176788358088 18
-1.67524853127829 -0.846268522399116 "2" 121 0.000958176788358088 18
-0.207804339951272 2.10205624697796 "3" 121 0.000958176788358088 18
-0.440544637455282 1.984912443196 "3" 121 0.000958176788358088 18
-1.53067835840941 -0.621031062521114 "2" 121 0.000958176788358088 18
-0.465290141845835 1.59919741267422 "3" 121 0.000958176788358088 18
-0.19773444993957 1.88230100148969 "3" 121 0.000958176788358088 18
-0.222308672797311 1.94837186390541 "3" 121 0.000958176788358088 18
-1.76908988731257 -1.04365415496373 "2" 121 0.000958176788358088 18
1.62905711224347 -1.14933398733896 "1" 121 0.000958176788358088 18
0.252942282736116 2.11665652476981 "3" 121 0.000958176788358088 18
1.44164828500522 -1.12047474684834 "1" 121 0.000958176788358088 18
-1.18184183315093 -0.791427293207633 "2" 121 0.000958176788358088 18
-0.630311051773119 1.77241112710905 "3" 121 0.000958176788358088 18
1.4063425813856 -1.41245876401177 "1" 121 0.000958176788358088 18
-1.1469044931403 -0.902677598630924 "2" 121 0.000958176788358088 18
1.70248103756383 -1.0757187798383 "1" 121 0.000958176788358088 18
1.11275856676944 -1.3187076432411 "1" 121 0.000958176788358088 18
0.201096347330601 2.32444850822024 "1" 103 0.000759733327961943 19
0.436451946628935 2.39480333350757 "1" 103 0.000759733327961943 19
0.751414731406315 2.44873547156511 "1" 103 0.000759733327961943 19
0.296349556917205 2.36154138367871 "1" 103 0.000759733327961943 19
0.341395915938633 2.37686660962508 "1" 103 0.000759733327961943 19
0.263640795766146 1.93686941103899 "1" 103 0.000759733327961943 19
0.555281935550445 1.92971470454543 "1" 103 0.000759733327961943 19
0.280799016805735 1.80478257558128 "1" 103 0.000759733327961943 19
0.454027032498519 2.26198854557406 "1" 103 0.000759733327961943 19
-0.0455335719954561 2.04686866835198 "1" 103 0.000759733327961943 19
-1.81248280212924 -0.903354677069224 "2" 103 0.000759733327961943 19
-1.65596291185759 -0.640820952035353 "2" 103 0.000759733327961943 19
-1.87850864819867 -1.05872493161392 "2" 103 0.000759733327961943 19
-1.35514217445584 -0.846528369509236 "2" 103 0.000759733327961943 19
-1.58140040465728 -0.894222844847678 "2" 103 0.000759733327961943 19
-1.57119075355235 -0.51073091244712 "2" 103 0.000759733327961943 19
-1.47342346883685 -1.00082111455454 "2" 103 0.000759733327961943 19
-1.44118000536217 -0.93816688848404 "2" 103 0.000759733327961943 19
-1.31703729379929 -0.535072229781231 "2" 103 0.000759733327961943 19
-1.82391192131613 -1.06361581966425 "2" 103 0.000759733327961943 19
0.924840457028307 -1.33083558722515 "3" 103 0.000759733327961943 19
1.19272705654792 -1.46979148419442 "3" 103 0.000759733327961943 19
0.580073962358756 -1.37027787557506 "3" 103 0.000759733327961943 19
1.33759339774249 -0.916443287530368 "3" 103 0.000759733327961943 19
1.63118487437746 -1.57430324358285 "3" 103 0.000759733327961943 19
1.47326415568749 -1.28460061123899 "3" 103 0.000759733327961943 19
1.39948426424484 -1.46083007436909 "3" 103 0.000759733327961943 19
1.15667368020441 -1.42345675904945 "3" 103 0.000759733327961943 19
0.768860422901501 -1.52172187255715 "3" 103 0.000759733327961943 19
1.91061440622517 -1.14229967635934 "3" 103 0.000759733327961943 19
0.0702905668041854 -1.33369572795938 "3" 74 0.000968833964619105 20
0.5832693951169 -2.03176326722422 "3" 74 0.000968833964619105 20
0.573104214264809 -1.97168580660253 "3" 74 0.000968833964619105 20
0.134489304325937 -1.72307716406883 "3" 74 0.000968833964619105 20
-1.63855324403987 -0.133563748146531 "2" 74 0.000968833964619105 20
0.391066892959225 -1.67610849769912 "3" 74 0.000968833964619105 20
-1.96441988406658 -0.0634574309218171 "2" 74 0.000968833964619105 20
-1.70215969113754 0.231976934105065 "2" 74 0.000968833964619105 20
-2.25388876429668 0.00869383218174558 "2" 74 0.000968833964619105 20
1.70603991848393 1.36093298733608 "1" 74 0.000968833964619105 20
-2.12464880776989 0.518240120058304 "2" 74 0.000968833964619105 20
0.128563837727494 -1.58254151552175 "3" 74 0.000968833964619105 20
1.95779506171898 1.61506031146518 "1" 74 0.000968833964619105 20
0.179914750305905 -1.77029693413774 "3" 74 0.000968833964619105 20
1.34742536969934 1.79795177535892 "1" 74 0.000968833964619105 20
-2.06662479795886 0.0689836124586834 "2" 74 0.000968833964619105 20
1.59375409111053 1.51936331054252 "1" 74 0.000968833964619105 20
1.35669508160878 1.97172152630402 "1" 74 0.000968833964619105 20
1.69403722597235 1.47311349934639 "1" 74 0.000968833964619105 20
-1.89364430401031 0.271636932822954 "2" 74 0.000968833964619105 20
-1.44193218271228 -0.172010208977693 "2" 74 0.000968833964619105 20
1.34366257873115 1.97963480843396 "1" 74 0.000968833964619105 20
0.412664575750912 -2.03317625120624 "3" 74 0.000968833964619105 20
-1.23401678034232 0.345177695482668 "2" 74 0.000968833964619105 20
-1.84833356713306 0.302724715498491 "2" 74 0.000968833964619105 20
0.445219258965743 -2.03098488685837 "3" 74 0.000968833964619105 20
1.5017282113821 1.53718663601017 "1" 74 0.000968833964619105 20
1.38766336063883 1.25954605891665 "1" 74 0.000968833964619105 20
0.86648873117162 1.61289708760337 "1" 74 0.000968833964619105 20
0.494349596728675 -1.35248040460097 "3" 74 0.000968833964619105 20
