"X1" "X2" "cl" "nbases" "wilks.lambda" ".sample"
-0.988205220386561 -0.999926922571326 "3" 117 0.000280731851888938 1
1.75381189421708 -0.406319496560708 "2" 117 0.000280731851888938 1
-1.08948147624208 -1.46180308198809 "3" 117 0.000280731851888938 1
1.82885599451602 -0.0701132093301971 "2" 117 0.000280731851888938 1
-1.06335021845749 -0.881419547989764 "3" 117 0.000280731851888938 1
-1.03194564893861 1.47710568156919 "1" 117 0.000280731851888938 1
1.70883913374283 0.0447681789825522 "2" 117 0.000280731851888938 1
-1.13721241628686 -0.853934985308743 "3" 117 0.000280731851888938 1
1.80423916712213 -0.35833596213765 "2" 117 0.000280731851888938 1
-0.821046726232883 0.97964280691428 "1" 117 0.000280731851888938 1
-0.570319869121421 1.65062763132651 "1" 117 0.000280731851888938 1
-1.17775230842466 -1.39241949450642 "3" 117 0.000280731851888938 1
-0.629709366781907 1.30504576714943 "1" 117 0.000280731851888938 1
-1.04047832994325 -0.884018701769789 "3" 117 0.000280731851888938 1
-1.02463159320472 -1.28252926763043 "3" 117 0.000280731851888938 1
-0.815199154897242 1.51553122647755 "1" 117 0.000280731851888938 1
-1.10644950703778 -1.37874555921899 "3" 117 0.000280731851888938 1
-0.775051711272742 1.54958463627362 "1" 117 0.000280731851888938 1
-0.733644464504686 1.27842575091154 "1" 117 0.000280731851888938 1
1.73260146019274 -0.0419220858664026 "2" 117 0.000280731851888938 1
-1.19870950775802 -1.07421008274427 "3" 117 0.000280731851888938 1
2.00199746357786 -0.251025064313231 "2" 117 0.000280731851888938 1
-0.765526910423768 1.07611020006442 "1" 117 0.000280731851888938 1
1.79217649119257 -0.196172337520075 "2" 117 0.000280731851888938 1
-0.606356636059769 1.3622072362901 "1" 117 0.000280731851888938 1
1.96018206836455 -0.204168669040995 "2" 117 0.000280731851888938 1
-0.87674283410114 -1.01120522706769 "3" 117 0.000280731851888938 1
-0.764481972600601 1.11322388684805 "1" 117 0.000280731851888938 1
1.67950508337799 -0.621264722973739 "2" 117 0.000280731851888938 1
1.95408711637241 0.0172614157312582 "2" 117 0.000280731851888938 1
-0.609115434236873 -1.41222264310372 "2" 98 0.000312291490055987 2
-0.989167441074029 -1.52274371812827 "2" 98 0.000312291490055987 2
1.78201529771214 -0.201220411634732 "1" 98 0.000312291490055987 2
-0.917407809713355 -1.48190584225844 "2" 98 0.000312291490055987 2
1.52140433582787 -0.139448781947419 "1" 98 0.000312291490055987 2
-0.608872170880497 -1.69628913328341 "2" 98 0.000312291490055987 2
1.8154864260242 -0.216068614423952 "1" 98 0.000312291490055987 2
1.73881994609326 -0.256521544976989 "1" 98 0.000312291490055987 2
-0.709370293409581 1.80842722421206 "3" 98 0.000312291490055987 2
-0.679674430578657 1.81597514929801 "3" 98 0.000312291490055987 2
-0.508007929102969 -1.6665187498218 "2" 98 0.000312291490055987 2
1.53469903874305 -0.245022388466878 "1" 98 0.000312291490055987 2
-0.771733777425587 1.87772922464109 "3" 98 0.000312291490055987 2
-1.03065669030214 1.47254181772975 "3" 98 0.000312291490055987 2
-0.80834119083755 -1.52894833775717 "2" 98 0.000312291490055987 2
1.81761443600201 -0.406701334982343 "1" 98 0.000312291490055987 2
-0.55605443585087 -1.52694385066692 "2" 98 0.000312291490055987 2
-0.584572219242754 -1.20093342349527 "2" 98 0.000312291490055987 2
1.99551577114426 -0.0389176547071542 "1" 98 0.000312291490055987 2
-1.14733582406374 1.33535156877807 "3" 98 0.000312291490055987 2
-1.30234599877929 1.72005559370103 "3" 98 0.000312291490055987 2
1.58526473326695 0.0129720274587656 "1" 98 0.000312291490055987 2
-1.06734980757738 -1.62330374430493 "2" 98 0.000312291490055987 2
-1.18771260678699 1.53908685111234 "3" 98 0.000312291490055987 2
1.81082344542357 0.230323171839857 "1" 98 0.000312291490055987 2
-1.08719222221574 1.78324540762224 "3" 98 0.000312291490055987 2
-0.864803654557228 1.65371221364082 "3" 98 0.000312291490055987 2
-1.10393769861469 1.39677283713225 "3" 98 0.000312291490055987 2
-0.72512818361144 -1.42764391231679 "2" 98 0.000312291490055987 2
1.65713638862405 -0.054839000890115 "1" 98 0.000312291490055987 2
-0.437263926101435 1.51302755829456 "2" 68 0.000354253880449214 3
1.42850752272111 -0.313709484362562 "3" 68 0.000354253880449214 3
1.61347853603658 -0.246132985120242 "3" 68 0.000354253880449214 3
-0.488646928066853 1.39749253149482 "2" 68 0.000354253880449214 3
-0.575521648979503 -1.24294474025371 "1" 68 0.000354253880449214 3
-1.01399699195577 -1.42167841047219 "1" 68 0.000354253880449214 3
1.86278107376156 -0.328381973045723 "3" 68 0.000354253880449214 3
-0.477368639124398 1.25533967014258 "2" 68 0.000354253880449214 3
1.83704169532521 -0.369175539008201 "3" 68 0.000354253880449214 3
-1.26883073884785 -1.32569556581256 "1" 68 0.000354253880449214 3
-0.751468269228615 -1.15783609648171 "1" 68 0.000354253880449214 3
-0.942663906137047 1.74923001309232 "2" 68 0.000354253880449214 3
-1.23052053312018 -1.14118782157205 "1" 68 0.000354253880449214 3
-0.832457133478634 -1.11515032868156 "1" 68 0.000354253880449214 3
1.5883571496172 -0.22396129278196 "3" 68 0.000354253880449214 3
1.33350828072828 -0.0192873547329298 "3" 68 0.000354253880449214 3
2.09122770762532 -0.375794584420557 "3" 68 0.000354253880449214 3
-0.921006232555894 -1.23159229793859 "1" 68 0.000354253880449214 3
1.69730015768166 -0.19613979712009 "3" 68 0.000354253880449214 3
-1.02465867263583 -1.45017908443509 "1" 68 0.000354253880449214 3
-0.629652604917296 1.61189278094641 "2" 68 0.000354253880449214 3
-1.11682965774732 -1.40493775387371 "1" 68 0.000354253880449214 3
1.43194563900413 -0.125859226404237 "3" 68 0.000354253880449214 3
-1.125292823729 -1.07823187808548 "1" 68 0.000354253880449214 3
-0.906134583020353 1.70846451932881 "2" 68 0.000354253880449214 3
-0.601949417334181 1.25579172605964 "2" 68 0.000354253880449214 3
1.74183674221566 -0.114496473567728 "3" 68 0.000354253880449214 3
-0.890633407191562 1.41196718696436 "2" 68 0.000354253880449214 3
-0.67728317131709 1.54026643483824 "2" 68 0.000354253880449214 3
-0.713805219227926 1.43890026700914 "2" 68 0.000354253880449214 3
1.48646480913933 -1.40618467092305 "1" 84 0.000365769936031844 4
1.34933095658683 -1.24240056769582 "1" 84 0.000365769936031844 4
-0.0563396551613138 1.9695437964456 "3" 84 0.000365769936031844 4
-1.16370828736846 -0.307427441284837 "2" 84 0.000365769936031844 4
0.119326314999433 1.59790246436585 "3" 84 0.000365769936031844 4
1.59988955299409 -1.33136442550427 "1" 84 0.000365769936031844 4
0.338531547204659 1.45392308107908 "3" 84 0.000365769936031844 4
-1.35114401533321 -0.298609013221984 "2" 84 0.000365769936031844 4
1.44519005772909 -1.24531360530349 "1" 84 0.000365769936031844 4
0.0975928060887368 1.53825062776853 "3" 84 0.000365769936031844 4
1.10836622493188 -1.16054173492658 "1" 84 0.000365769936031844 4
0.542222349984203 1.68699517169901 "3" 84 0.000365769936031844 4
-1.32894552428442 -0.36157552530955 "2" 84 0.000365769936031844 4
0.0680454100503095 1.75594781706379 "3" 84 0.000365769936031844 4
-1.52710371741182 -0.263097465753641 "2" 84 0.000365769936031844 4
1.03011798583092 -1.48232980849505 "1" 84 0.000365769936031844 4
-1.68325066364594 -0.45794379295478 "2" 84 0.000365769936031844 4
-1.68526710311071 -0.284935786821176 "2" 84 0.000365769936031844 4
-1.78840386150095 -0.247351255568116 "2" 84 0.000365769936031844 4
0.0866433010592618 1.28486522481912 "3" 84 0.000365769936031844 4
-1.69459733228101 -0.398391699446336 "2" 84 0.000365769936031844 4
1.24272150400008 -1.14216773448466 "1" 84 0.000365769936031844 4
1.39002066631922 -1.45886523126073 "1" 84 0.000365769936031844 4
0.104110260022151 1.71870522232476 "3" 84 0.000365769936031844 4
0.171446167341602 2.05364147854721 "3" 84 0.000365769936031844 4
1.53334964319837 -1.20510081193859 "1" 84 0.000365769936031844 4
-1.53619184515513 -0.568146750475243 "2" 84 0.000365769936031844 4
0.383069766368376 1.47643065042869 "3" 84 0.000365769936031844 4
-1.46677368820518 -0.350883521173863 "2" 84 0.000365769936031844 4
1.18528636960958 -1.32357469199987 "1" 84 0.000365769936031844 4
1.65235970257806 -0.867527372627897 "2" 92 0.000376181024684911 5
-1.68108414317958 -0.61204643245948 "3" 92 0.000376181024684911 5
1.51230158399248 -1.13799494277284 "2" 92 0.000376181024684911 5
-1.67800729030355 -0.509477430857344 "3" 92 0.000376181024684911 5
-1.49375576921337 -0.422443071086677 "3" 92 0.000376181024684911 5
-0.159335938741165 1.61967174024398 "1" 92 0.000376181024684911 5
0.0504190027720375 1.68798013576017 "1" 92 0.000376181024684911 5
1.56707468012213 -1.15258097012035 "2" 92 0.000376181024684911 5
1.22576458295747 -1.46789081576033 "2" 92 0.000376181024684911 5
-0.030285464662934 1.76714911450318 "1" 92 0.000376181024684911 5
-0.910983016611828 -0.386925119568325 "3" 92 0.000376181024684911 5
0.0275822341089759 1.66740744013205 "1" 92 0.000376181024684911 5
-2.15975899068904 -0.753743717257582 "3" 92 0.000376181024684911 5
0.20043136687343 1.7019984911996 "1" 92 0.000376181024684911 5
1.30759370116201 -1.44956704223812 "2" 92 0.000376181024684911 5
-0.276676592190359 1.7935000438251 "1" 92 0.000376181024684911 5
-1.29147842613248 -0.542998658288353 "3" 92 0.000376181024684911 5
1.93249816182918 -0.983379265809203 "2" 92 0.000376181024684911 5
0.249675833380995 1.72695482402498 "1" 92 0.000376181024684911 5
-0.242107323483909 1.44075293222659 "1" 92 0.000376181024684911 5
1.94983307112351 -1.05013434612654 "2" 92 0.000376181024684911 5
-1.65644781247296 -0.428751372883269 "3" 92 0.000376181024684911 5
1.26930080910168 -1.45279955171371 "2" 92 0.000376181024684911 5
1.25293520933263 -1.36774167008069 "2" 92 0.000376181024684911 5
-0.121173041761102 1.70039893710807 "1" 92 0.000376181024684911 5
-1.19394886983015 -0.288205775195463 "3" 92 0.000376181024684911 5
-1.61191407676498 -0.334734845058735 "3" 92 0.000376181024684911 5
1.45305129037116 -1.26712672000003 "2" 92 0.000376181024684911 5
0.274733602288666 1.6771029682732 "1" 92 0.000376181024684911 5
-1.418598075957 -0.306847507391986 "3" 92 0.000376181024684911 5
-1.07625733609762 -1.28156321946426 "1" 80 0.000384403546112596 6
-1.39666699325799 -1.17614108525835 "1" 80 0.000384403546112596 6
1.55902083799838 -0.940303411239044 "3" 80 0.000384403546112596 6
-1.22627193768578 -0.98290573008161 "1" 80 0.000384403546112596 6
1.53389450696227 -1.05198420720731 "3" 80 0.000384403546112596 6
-1.44535477793591 -1.00205269421124 "1" 80 0.000384403546112596 6
1.36650808634024 -0.805555197892094 "3" 80 0.000384403546112596 6
1.6928922795479 -0.823365166722918 "3" 80 0.000384403546112596 6
-0.449998524854035 1.70589594770583 "2" 80 0.000384403546112596 6
-0.811005778361529 -0.788821301323468 "1" 80 0.000384403546112596 6
1.93210719761348 -0.881851629043138 "3" 80 0.000384403546112596 6
1.53291346139102 -0.920686058029292 "3" 80 0.000384403546112596 6
-0.43922877234021 2.03548872291665 "2" 80 0.000384403546112596 6
-0.583143847343281 1.52791876416978 "2" 80 0.000384403546112596 6
-1.66914653828438 -1.26608519464153 "1" 80 0.000384403546112596 6
1.45929663127459 -0.855795122041854 "3" 80 0.000384403546112596 6
-1.16226535540918 -0.892643039575696 "1" 80 0.000384403546112596 6
-0.900020897405496 -1.1224323984127 "1" 80 0.000384403546112596 6
-1.25922709599528 -1.0826266677824 "1" 80 0.000384403546112596 6
1.38525699549996 -0.801085801437197 "3" 80 0.000384403546112596 6
-0.42810895846924 2.09289289903844 "2" 80 0.000384403546112596 6
-0.265614303221806 1.93998169362312 "2" 80 0.000384403546112596 6
1.47043150916679 -0.499363914459099 "3" 80 0.000384403546112596 6
-0.499430918323939 1.65510988066362 "2" 80 0.000384403546112596 6
1.85146636746739 -0.501245791265571 "3" 80 0.000384403546112596 6
-1.25108073315811 -1.13383835034389 "1" 80 0.000384403546112596 6
-0.110593347800467 1.84798102246617 "2" 80 0.000384403546112596 6
-0.115862601725545 2.00885332770484 "2" 80 0.000384403546112596 6
-0.495725966368717 2.03921920882468 "2" 80 0.000384403546112596 6
-0.198783189223498 1.95700451331953 "2" 80 0.000384403546112596 6
-0.469821874652094 -2.13611370853295 "1" 109 0.00038516446206262 7
-0.260325398889608 -1.71415746617604 "1" 109 0.00038516446206262 7
-0.282368665277889 -1.55022284383712 "1" 109 0.00038516446206262 7
1.69194570694341 0.402726153446835 "3" 109 0.00038516446206262 7
1.58502717114508 0.272508784132406 "3" 109 0.00038516446206262 7
-0.378044085205486 -1.83449772882236 "1" 109 0.00038516446206262 7
-1.30445651543444 1.26700032912405 "2" 109 0.00038516446206262 7
-1.05103159897564 1.13425950733114 "2" 109 0.00038516446206262 7
-1.10451018558803 1.14065502113479 "2" 109 0.00038516446206262 7
-1.35527782448552 1.3574399145833 "2" 109 0.00038516446206262 7
-0.21470050341569 -1.61802324790652 "1" 109 0.00038516446206262 7
1.67021732443768 0.320602006417719 "3" 109 0.00038516446206262 7
2.14699451748895 0.500571165726061 "3" 109 0.00038516446206262 7
1.61196329981857 0.523523791794029 "3" 109 0.00038516446206262 7
0.0448754044229107 -1.66228639953353 "1" 109 0.00038516446206262 7
1.25739816756131 0.520432744360752 "3" 109 0.00038516446206262 7
-1.11363532170014 1.18051251885508 "2" 109 0.00038516446206262 7
1.24071051418321 0.430501129693409 "3" 109 0.00038516446206262 7
0.0328889187295338 -1.59115295671551 "1" 109 0.00038516446206262 7
-1.05216091627511 1.38675448346156 "2" 109 0.00038516446206262 7
-1.54433388939197 1.18220099431477 "2" 109 0.00038516446206262 7
1.34098778597289 0.614158691490016 "3" 109 0.00038516446206262 7
-0.663129340032943 -1.52275609832608 "1" 109 0.00038516446206262 7
1.59087763032748 0.495335864831169 "3" 109 0.00038516446206262 7
-0.396373338540965 -1.59862970272977 "1" 109 0.00038516446206262 7
-0.435592885870114 -1.66281330697271 "1" 109 0.00038516446206262 7
-1.62556235541098 1.2070387156927 "2" 109 0.00038516446206262 7
-1.45235834255664 1.26923035312335 "2" 109 0.00038516446206262 7
-0.881926958772465 1.31821009836295 "2" 109 0.00038516446206262 7
1.3717235594447 0.366991191676513 "3" 109 0.00038516446206262 7
-1.17927541045576 -1.52401727761427 "2" 91 0.000387258719498195 8
-0.729324795549607 1.2791134405556 "1" 91 0.000387258719498195 8
1.77538626564716 -0.103685820791679 "3" 91 0.000387258719498195 8
-0.5481261779366 1.14338339980696 "1" 91 0.000387258719498195 8
1.91641714692147 0.0641576857916987 "3" 91 0.000387258719498195 8
-0.277956794128788 1.34384042845823 "1" 91 0.000387258719498195 8
1.73421737169416 -0.186544988411616 "3" 91 0.000387258719498195 8
-0.486282309974447 1.4165028012401 "1" 91 0.000387258719498195 8
-1.02600772573161 -1.20312103494202 "2" 91 0.000387258719498195 8
-0.462487843203289 1.55405353632642 "1" 91 0.000387258719498195 8
1.72265573377794 0.108989299166588 "3" 91 0.000387258719498195 8
1.86319106382201 -0.0380569643009032 "3" 91 0.000387258719498195 8
-1.53102870279594 -1.34038668679514 "2" 91 0.000387258719498195 8
-1.19340541528311 -1.20132438782433 "2" 91 0.000387258719498195 8
-1.17314618867701 -1.3963256879295 "2" 91 0.000387258719498195 8
1.85467065305227 -0.0551661055471676 "3" 91 0.000387258719498195 8
-1.11322729557093 -1.2954706160136 "2" 91 0.000387258719498195 8
-0.973226674607278 -1.6625346585693 "2" 91 0.000387258719498195 8
-1.54144357611547 -1.22833354709693 "2" 91 0.000387258719498195 8
-1.19647425649307 -1.28328744771128 "2" 91 0.000387258719498195 8
-1.16398893734044 -1.46531581667019 "2" 91 0.000387258719498195 8
1.90589617280495 0.200003531192557 "3" 91 0.000387258719498195 8
1.44213328385229 0.276527784964988 "3" 91 0.000387258719498195 8
-0.641462975009322 1.6915518415532 "1" 91 0.000387258719498195 8
-0.505368655824839 1.54070074519657 "1" 91 0.000387258719498195 8
-1.02315425289529 1.31893926611279 "1" 91 0.000387258719498195 8
1.65877358474171 -0.345983471293873 "3" 91 0.000387258719498195 8
-0.586690813994138 1.18087936242538 "1" 91 0.000387258719498195 8
2.07308525974711 -0.026488860107917 "3" 91 0.000387258719498195 8
-0.594347734474141 1.23740024882861 "1" 91 0.000387258719498195 8
1.61259663618191 0.836990168033139 "3" 92 0.000443434936177634 9
1.83248829923985 0.601119804542321 "3" 92 0.000443434936177634 9
-1.35557142501789 0.683170657231163 "2" 92 0.000443434936177634 9
-0.331912566384845 -1.65679581383321 "1" 92 0.000443434936177634 9
-0.590429282172851 -1.36875165035482 "1" 92 0.000443434936177634 9
-1.49487403211559 0.968080732897122 "2" 92 0.000443434936177634 9
-0.0858356402424135 -1.47334557215346 "1" 92 0.000443434936177634 9
-1.105122838448 1.00341643412102 "2" 92 0.000443434936177634 9
-0.296400980735969 -1.71585335268919 "1" 92 0.000443434936177634 9
-1.27705900778048 0.782274636916787 "2" 92 0.000443434936177634 9
1.56911665988869 0.588213346667841 "3" 92 0.000443434936177634 9
1.91680941236789 0.732183030267704 "3" 92 0.000443434936177634 9
-0.263687563472046 -1.87194487848502 "1" 92 0.000443434936177634 9
1.56078968825794 0.766067823870562 "3" 92 0.000443434936177634 9
-0.0524064667090401 -1.65995441293412 "1" 92 0.000443434936177634 9
-1.18915339246918 0.914312937999315 "2" 92 0.000443434936177634 9
-0.644775424022326 -1.80344990894516 "1" 92 0.000443434936177634 9
1.79224033019722 1.0596206618451 "3" 92 0.000443434936177634 9
-1.80817633931916 1.13258516889059 "2" 92 0.000443434936177634 9
1.61989765299247 0.977801229839395 "3" 92 0.000443434936177634 9
-0.312706603552992 -1.80327230292431 "1" 92 0.000443434936177634 9
-1.81740442495945 0.943912807635342 "2" 92 0.000443434936177634 9
1.47847771328482 0.890361132451768 "3" 92 0.000443434936177634 9
-0.198801136335579 -1.82268611069816 "1" 92 0.000443434936177634 9
1.75947401106543 0.56892381132305 "3" 92 0.000443434936177634 9
-1.08035613545043 0.708848640998693 "2" 92 0.000443434936177634 9
-1.19984130130954 0.864552819070192 "2" 92 0.000443434936177634 9
-0.0731987821308502 -1.40800458974217 "1" 92 0.000443434936177634 9
1.37998926187644 0.758700299640759 "3" 92 0.000443434936177634 9
-1.34416632272403 0.802922448517763 "2" 92 0.000443434936177634 9
-0.270532170209064 1.50807032686838 "2" 91 0.000554379315893464 10
-1.5840137203673 -0.58782309356786 "1" 91 0.000554379315893464 10
-1.49187833537027 -0.975873453749695 "1" 91 0.000554379315893464 10
1.88162953058467 -0.213363232698166 "3" 91 0.000554379315893464 10
1.65219186631518 -0.357175901602334 "3" 91 0.000554379315893464 10
1.69250446456754 -0.13516727035602 "3" 91 0.000554379315893464 10
-0.537623941577986 1.61338049660845 "2" 91 0.000554379315893464 10
-0.144567401163339 1.71739082430674 "2" 91 0.000554379315893464 10
-0.400397063383293 1.26386046126615 "2" 91 0.000554379315893464 10
1.94221230424438 -0.500362660347481 "3" 91 0.000554379315893464 10
-1.19052254406573 -1.33275424665603 "1" 91 0.000554379315893464 10
1.62674914124402 -0.882238561884302 "3" 91 0.000554379315893464 10
-0.253208382063821 1.82360659635831 "2" 91 0.000554379315893464 10
-0.444673480589167 1.70916535526628 "2" 91 0.000554379315893464 10
-1.26301982054368 -1.20186060161993 "1" 91 0.000554379315893464 10
1.98087031040208 -0.523977145425203 "3" 91 0.000554379315893464 10
-0.490241196414782 1.65491830609712 "2" 91 0.000554379315893464 10
-1.66785526354493 -1.09928141347548 "1" 91 0.000554379315893464 10
-1.71661711776085 -1.49193410673417 "1" 91 0.000554379315893464 10
-0.239481649225868 1.55227533294103 "2" 91 0.000554379315893464 10
-1.66123207744096 -1.35716760387953 "1" 91 0.000554379315893464 10
-0.048445139842401 1.60477176880709 "2" 91 0.000554379315893464 10
-0.347945761015711 1.5286893604283 "2" 91 0.000554379315893464 10
1.77815335153436 -0.721915822958429 "3" 91 0.000554379315893464 10
1.81719938791279 -0.792261917163624 "3" 91 0.000554379315893464 10
2.27983625933981 -0.30566604171686 "3" 91 0.000554379315893464 10
-1.45774506993713 -1.05479635040147 "1" 91 0.000554379315893464 10
-1.6663884917983 -0.892310597760978 "1" 91 0.000554379315893464 10
1.62223795944903 -0.763296524983525 "3" 91 0.000554379315893464 10
-1.39719594927925 -0.786902281966766 "1" 91 0.000554379315893464 10
0.630690452780506 1.30817053161438 "2" 87 0.000577359121661579 11
-2.15637830106519 0.092883142051067 "3" 87 0.000577359121661579 11
1.1600985313836 -0.844792728039499 "1" 87 0.000577359121661579 11
0.465487778275772 1.55066470599475 "2" 87 0.000577359121661579 11
1.57311152631407 -1.38425088710479 "1" 87 0.000577359121661579 11
-1.503935743322 -0.685014892099262 "3" 87 0.000577359121661579 11
0.236377957596865 1.59841849317019 "2" 87 0.000577359121661579 11
-1.74484405914403 -0.411948130322728 "3" 87 0.000577359121661579 11
-1.55217672749873 -0.789617633305043 "3" 87 0.000577359121661579 11
-1.39972621949771 -0.698670975451949 "3" 87 0.000577359121661579 11
-1.88278774454887 -0.484628514748198 "3" 87 0.000577359121661579 11
-2.31294480015421 -0.152476491800466 "3" 87 0.000577359121661579 11
1.36501468129306 -0.722565900224722 "1" 87 0.000577359121661579 11
0.178377866972916 1.77137929187823 "2" 87 0.000577359121661579 11
0.417979050513397 1.62111291808757 "2" 87 0.000577359121661579 11
1.52963577318232 -1.31011552938238 "1" 87 0.000577359121661579 11
0.34156060151176 1.68945710778837 "2" 87 0.000577359121661579 11
0.355121801088518 1.54968925753066 "2" 87 0.000577359121661579 11
1.38080979164547 -0.915128041286435 "1" 87 0.000577359121661579 11
-1.20618302167854 -0.822847766122848 "3" 87 0.000577359121661579 11
-1.88559899087782 -0.518989872244527 "3" 87 0.000577359121661579 11
1.18747337562002 -0.992898629746306 "1" 87 0.000577359121661579 11
0.888477239305167 -0.864753992362583 "1" 87 0.000577359121661579 11
0.428611636268167 1.71445831080077 "2" 87 0.000577359121661579 11
0.407883385434027 1.56851227456395 "2" 87 0.000577359121661579 11
1.06059100499739 -0.572952007001708 "1" 87 0.000577359121661579 11
1.48204053757622 -1.456628496892 "1" 87 0.000577359121661579 11
-1.5240349854708 -0.684988628309307 "3" 87 0.000577359121661579 11
1.39826692658129 -1.36853356264842 "1" 87 0.000577359121661579 11
0.681000674917369 1.21705664561324 "2" 87 0.000577359121661579 11
-1.00523108249274 -1.60855739775508 "3" 100 0.000580897544935611 12
1.48465016794584 -0.179560036953077 "1" 100 0.000580897544935611 12
1.66694593745973 -0.476427887390596 "1" 100 0.000580897544935611 12
-0.536846338910477 1.6363316595596 "2" 100 0.000580897544935611 12
1.65655851077802 -0.46598351781611 "1" 100 0.000580897544935611 12
1.5551129431785 -0.600124520453037 "1" 100 0.000580897544935611 12
-0.435553875027224 1.72117445795924 "2" 100 0.000580897544935611 12
-0.436310896521878 1.53012960284459 "2" 100 0.000580897544935611 12
-1.0205100828701 -1.27692614796209 "3" 100 0.000580897544935611 12
-0.387672058203106 1.60218650145879 "2" 100 0.000580897544935611 12
0.0109829804340448 1.46367758156492 "2" 100 0.000580897544935611 12
1.39808341932718 0.201397429473194 "1" 100 0.000580897544935611 12
1.53032943761801 -0.575694061152045 "1" 100 0.000580897544935611 12
-0.135883417016741 1.3211721349756 "2" 100 0.000580897544935611 12
-1.16590090198962 -1.39944367263458 "3" 100 0.000580897544935611 12
-1.31873784970127 -1.12457118704314 "3" 100 0.000580897544935611 12
-0.959723660097478 -1.53962520038727 "3" 100 0.000580897544935611 12
1.66548404411821 -0.289510423120586 "1" 100 0.000580897544935611 12
-1.42850720206493 -1.30096379341401 "3" 100 0.000580897544935611 12
-0.52030658661513 1.46211280752672 "2" 100 0.000580897544935611 12
-1.16723184288395 -1.59781488608095 "3" 100 0.000580897544935611 12
-1.1158046209177 -0.8380794796907 "3" 100 0.000580897544935611 12
1.26578769196973 0.108529395037876 "1" 100 0.000580897544935611 12
-0.416884145258705 1.61046352321866 "2" 100 0.000580897544935611 12
-0.427604239926725 1.87673876108689 "2" 100 0.000580897544935611 12
-1.53629173583986 -1.0278317470452 "3" 100 0.000580897544935611 12
1.91826670921932 -0.595879940085224 "1" 100 0.000580897544935611 12
1.30597599351506 0.197838599968465 "1" 100 0.000580897544935611 12
-0.291639605787681 1.50570236268418 "2" 100 0.000580897544935611 12
-1.15153769343833 -1.340460918375 "3" 100 0.000580897544935611 12
-1.54855875453634 1.28001647505096 "3" 106 0.000590925560638498 13
1.98745077652212 0.564487552150383 "1" 106 0.000590925560638498 13
1.72268774592006 0.049597068149994 "1" 106 0.000590925560638498 13
-0.311249047135953 -1.61437635470912 "2" 106 0.000590925560638498 13
-1.45391393806036 1.15769181848339 "3" 106 0.000590925560638498 13
-1.49744178099217 0.559780774760871 "3" 106 0.000590925560638498 13
-0.167440863877373 -1.32732999208442 "2" 106 0.000590925560638498 13
-0.577077975781905 -1.67473272036502 "2" 106 0.000590925560638498 13
1.99231829740147 0.415399328252272 "1" 106 0.000590925560638498 13
-1.65314571122517 0.767870392390119 "3" 106 0.000590925560638498 13
1.78825358071195 0.466190667165858 "1" 106 0.000590925560638498 13
-0.30738371574979 -1.31986731064682 "2" 106 0.000590925560638498 13
-1.80629460038513 1.41079698744164 "3" 106 0.000590925560638498 13
1.98196188392469 0.362369227406581 "1" 106 0.000590925560638498 13
2.23373881403207 0.166724089767638 "1" 106 0.000590925560638498 13
-1.59357761335999 0.94352814205535 "3" 106 0.000590925560638498 13
-0.371191381013308 -1.15270779766314 "2" 106 0.000590925560638498 13
-0.248939562054047 -1.28228299443798 "2" 106 0.000590925560638498 13
-1.79106574879329 1.50646138734581 "3" 106 0.000590925560638498 13
-1.4132665097044 0.328048572461845 "3" 106 0.000590925560638498 13
-0.560326487047168 -1.65527342203539 "2" 106 0.000590925560638498 13
-0.590151650665513 -1.15747230909041 "2" 106 0.000590925560638498 13
-0.333762966361626 -1.30276670748713 "2" 106 0.000590925560638498 13
-1.45567144386411 0.778016498904243 "3" 106 0.000590925560638498 13
-0.201163459475114 -1.17628264687509 "2" 106 0.000590925560638498 13
1.80698945772503 0.649376936683299 "1" 106 0.000590925560638498 13
1.96706940059941 0.664679451008671 "1" 106 0.000590925560638498 13
2.08624794578515 0.583639166518364 "1" 106 0.000590925560638498 13
1.88130747792144 0.212309666831308 "1" 106 0.000590925560638498 13
-1.56640217046065 0.796108052565914 "3" 106 0.000590925560638498 13
1.53924343242054 -0.809339209006613 "2" 90 0.000596101267290416 14
-1.44028117073825 -0.547896587039891 "1" 90 0.000596101267290416 14
1.76455264101303 -0.896587390266898 "2" 90 0.000596101267290416 14
-0.325206310589779 1.76258386801498 "3" 90 0.000596101267290416 14
1.80113937451332 -1.13850608924882 "2" 90 0.000596101267290416 14
-0.520206867519809 1.89922948729327 "3" 90 0.000596101267290416 14
-1.4545867974964 -0.758549866824952 "1" 90 0.000596101267290416 14
-0.567819021349906 1.58671150621671 "3" 90 0.000596101267290416 14
0.0755640313690806 1.35592706987003 "3" 90 0.000596101267290416 14
1.62604736768163 -0.468324811355976 "2" 90 0.000596101267290416 14
-0.300699182446969 1.28657591599718 "3" 90 0.000596101267290416 14
-1.37487545346317 -0.832304666968462 "1" 90 0.000596101267290416 14
1.79964898162076 -1.10488292834234 "2" 90 0.000596101267290416 14
-0.115817429049392 1.5036697570235 "3" 90 0.000596101267290416 14
1.51336015958398 -0.962097112454916 "2" 90 0.000596101267290416 14
-1.2471725992474 -0.448652089588235 "1" 90 0.000596101267290416 14
-1.31404258869985 -0.585290060731873 "1" 90 0.000596101267290416 14
-1.47838962875349 -0.533121397172413 "1" 90 0.000596101267290416 14
-0.00458548820345051 1.51260986348567 "3" 90 0.000596101267290416 14
-0.109283894456948 1.17984726338938 "3" 90 0.000596101267290416 14
-1.44226666300461 -0.993588552722994 "1" 90 0.000596101267290416 14
-1.29914890100635 -0.56425652762189 "1" 90 0.000596101267290416 14
-0.176097764266995 1.86898769539828 "3" 90 0.000596101267290416 14
-1.56219325839522 -0.950003192538913 "1" 90 0.000596101267290416 14
-1.37987251546955 -0.83224264919178 "1" 90 0.000596101267290416 14
1.77265753122731 -0.947526066443227 "2" 90 0.000596101267290416 14
1.39680299903921 -0.683685380769187 "2" 90 0.000596101267290416 14
1.40041241084265 -0.302422918002409 "2" 90 0.000596101267290416 14
-0.103944062570469 1.1496342975259 "3" 90 0.000596101267290416 14
1.5270606674165 -0.746499227923124 "2" 90 0.000596101267290416 14
-0.0757802631417079 1.30120887720337 "2" 104 0.000618558425420111 15
-1.55967278200822 0.446755585304266 "1" 104 0.000618558425420111 15
-1.52660496987569 0.365102217297059 "1" 104 0.000618558425420111 15
0.171602684791736 1.26041120310068 "2" 104 0.000618558425420111 15
1.76040404312764 -1.6258672504648 "3" 104 0.000618558425420111 15
-1.81869340878305 -0.0491382456708333 "1" 104 0.000618558425420111 15
0.386997855747172 1.81221789988361 "2" 104 0.000618558425420111 15
-0.039992737642658 1.58961419154243 "2" 104 0.000618558425420111 15
0.122640392277048 1.7386772121956 "2" 104 0.000618558425420111 15
0.244832425517114 1.57172837189039 "2" 104 0.000618558425420111 15
-1.51628137615563 0.0859583742941335 "1" 104 0.000618558425420111 15
-0.130194730669702 1.95377737152409 "2" 104 0.000618558425420111 15
2.0271559121618 -1.16716503442448 "3" 104 0.000618558425420111 15
-1.75594155964366 0.447487046527529 "1" 104 0.000618558425420111 15
1.59330417020359 -1.75266702357293 "3" 104 0.000618558425420111 15
1.89715652476651 -1.69243496576233 "3" 104 0.000618558425420111 15
0.180548399066237 1.54967775919694 "2" 104 0.000618558425420111 15
-2.03796849161221 -0.333814793766061 "1" 104 0.000618558425420111 15
1.59657009211944 -1.68552938937093 "3" 104 0.000618558425420111 15
1.34460826479546 -1.64842230541243 "3" 104 0.000618558425420111 15
-1.92416676826904 -0.134211212270206 "1" 104 0.000618558425420111 15
1.79743345732489 -1.7005042474631 "3" 104 0.000618558425420111 15
-1.96937955593279 -0.0201427362216018 "1" 104 0.000618558425420111 15
-1.83152946466647 0.177303262314439 "1" 104 0.000618558425420111 15
1.21289586551099 -1.69085007982027 "3" 104 0.000618558425420111 15
-1.65731629323779 -0.0515855303785561 "1" 104 0.000618558425420111 15
1.28593475890778 -2.35048805311236 "3" 104 0.000618558425420111 15
0.136999127203115 1.6010926743695 "2" 104 0.000618558425420111 15
1.70045577628219 -1.67474957780145 "3" 104 0.000618558425420111 15
0.383982651835901 1.67655839886829 "2" 104 0.000618558425420111 15
1.80350768639632 0.350372558130174 "1" 82 0.000642275353600766 16
-0.29927186201649 -1.34931057005446 "2" 82 0.000642275353600766 16
-0.263641642673004 -1.53181786211127 "2" 82 0.000642275353600766 16
-0.37637153190629 -1.31999303480252 "2" 82 0.000642275353600766 16
-0.170847089585926 -1.95284552782597 "2" 82 0.000642275353600766 16
-1.61563963482776 0.931245807618371 "3" 82 0.000642275353600766 16
-1.38830149296391 1.30002701542729 "3" 82 0.000642275353600766 16
-0.317392314145602 -1.20901439446467 "2" 82 0.000642275353600766 16
1.70631208699727 0.331243578379708 "1" 82 0.000642275353600766 16
-0.685884747622336 -1.78404216205293 "2" 82 0.000642275353600766 16
1.95174371342419 0.438373645272823 "1" 82 0.000642275353600766 16
1.69327004672529 0.651053807689728 "1" 82 0.000642275353600766 16
-0.43458047604032 -1.26159172104688 "2" 82 0.000642275353600766 16
-1.47191805262918 0.839953305814763 "3" 82 0.000642275353600766 16
2.15451003537504 1.16469415827255 "1" 82 0.000642275353600766 16
1.78722215714618 0.565727280361224 "1" 82 0.000642275353600766 16
-1.49070184163989 0.593847602378911 "3" 82 0.000642275353600766 16
-1.64362242197064 0.833752318143945 "3" 82 0.000642275353600766 16
-1.74162514051768 0.717087210228274 "3" 82 0.000642275353600766 16
-1.02349971670528 0.983360741023117 "3" 82 0.000642275353600766 16
-0.395421018040634 -1.75055225736622 "2" 82 0.000642275353600766 16
1.70833560406773 0.479980969425552 "1" 82 0.000642275353600766 16
-0.293230639997951 -1.19001909942358 "2" 82 0.000642275353600766 16
-1.47077034571128 0.626167945768741 "3" 82 0.000642275353600766 16
-1.52909658357937 0.844503527003677 "3" 82 0.000642275353600766 16
-0.450124018503362 -1.55739741809265 "2" 82 0.000642275353600766 16
1.69649753597438 0.608735033214438 "1" 82 0.000642275353600766 16
1.75536957465089 0.992051122191009 "1" 82 0.000642275353600766 16
2.15995055807568 0.520690134238603 "1" 82 0.000642275353600766 16
-1.35477842775608 1.13371628665825 "3" 82 0.000642275353600766 16
1.35220868564691 -1.27614734559144 "2" 112 0.000645511796086367 17
-1.41465988732409 -0.903485350233273 "3" 112 0.000645511796086367 17
0.589713553998977 1.9968533350553 "1" 112 0.000645511796086367 17
1.28736388378373 -1.4663356787368 "2" 112 0.000645511796086367 17
0.289388353248183 1.94660112015441 "1" 112 0.000645511796086367 17
0.586382418690368 2.04700846818551 "1" 112 0.000645511796086367 17
-1.17056870225525 -0.750893706731098 "3" 112 0.000645511796086367 17
0.847067674508188 -0.847245834551396 "2" 112 0.000645511796086367 17
0.592020883100576 -1.31808184992555 "2" 112 0.000645511796086367 17
0.717951468927011 2.11780587748286 "1" 112 0.000645511796086367 17
0.752989833440233 -1.19113343076294 "2" 112 0.000645511796086367 17
0.684182339485205 2.11895074364161 "1" 112 0.000645511796086367 17
-1.51182702996692 -0.786563922567608 "3" 112 0.000645511796086367 17
0.289559573278897 2.1010437476553 "1" 112 0.000645511796086367 17
0.496961670745858 -1.21767295421231 "2" 112 0.000645511796086367 17
0.560761561126288 1.94526914658236 "1" 112 0.000645511796086367 17
-1.42412440759624 -0.427143421888505 "3" 112 0.000645511796086367 17
-1.29589319092437 -0.808484436145035 "3" 112 0.000645511796086367 17
1.09775960021735 -1.35463668141216 "2" 112 0.000645511796086367 17
0.54847421359772 -1.68874509877013 "2" 112 0.000645511796086367 17
1.17389034041179 -1.25834885508502 "2" 112 0.000645511796086367 17
-1.48127836715123 -0.62511898391007 "3" 112 0.000645511796086367 17
0.731264203154248 1.61906198168813 "1" 112 0.000645511796086367 17
-1.95292431073755 -0.749941577087373 "3" 112 0.000645511796086367 17
-1.21334447204083 -0.800677908405003 "3" 112 0.000645511796086367 17
-1.30184008568011 -0.678284625066089 "3" 112 0.000645511796086367 17
0.930094217095384 -1.17717664756438 "2" 112 0.000645511796086367 17
-1.64773486704935 -0.66750234477347 "3" 112 0.000645511796086367 17
0.406935552207015 2.19999837626449 "1" 112 0.000645511796086367 17
0.479225294062017 1.90102785670969 "1" 112 0.000645511796086367 17
1.08856918740962 1.87013838021635 "3" 104 0.000685508420346406 18
0.668473340348866 -1.81730238222694 "2" 104 0.000685508420346406 18
1.53367325474321 1.51744607983745 "3" 104 0.000685508420346406 18
-2.05889942583572 0.303330364899845 "1" 104 0.000685508420346406 18
1.75982449247369 1.10510225883904 "3" 104 0.000685508420346406 18
1.74652306399037 1.14325808482319 "3" 104 0.000685508420346406 18
0.742481716184953 -2.10056755332231 "2" 104 0.000685508420346406 18
1.53127177086247 1.29618354964349 "3" 104 0.000685508420346406 18
1.49628719993398 0.982127715278764 "3" 104 0.000685508420346406 18
-1.85214531157277 0.497128706663348 "1" 104 0.000685508420346406 18
0.010966541799693 -1.28974147397077 "2" 104 0.000685508420346406 18
1.48761196000519 1.65637147652582 "3" 104 0.000685508420346406 18
1.27398678525371 1.71402467293538 "3" 104 0.000685508420346406 18
1.30282861930888 1.37598854276332 "3" 104 0.000685508420346406 18
-1.5049650297727 -0.000752447285653733 "1" 104 0.000685508420346406 18
-1.77991222370626 0.316293503560834 "1" 104 0.000685508420346406 18
0.43123090732253 -1.02241078228053 "2" 104 0.000685508420346406 18
1.31804872312224 1.32315021861554 "3" 104 0.000685508420346406 18
-2.00997303457503 0.539583209096346 "1" 104 0.000685508420346406 18
-1.63016801871109 -0.592095232633022 "1" 104 0.000685508420346406 18
-1.94986893431301 0.197679084326974 "1" 104 0.000685508420346406 18
0.411197953475079 -1.56962067894943 "2" 104 0.000685508420346406 18
0.150074441315666 -1.46043428664789 "2" 104 0.000685508420346406 18
-1.92804818231743 0.160723641241621 "1" 104 0.000685508420346406 18
0.391220821638522 -1.52845453890938 "2" 104 0.000685508420346406 18
0.278980773811333 -1.33930678770548 "2" 104 0.000685508420346406 18
0.112770870905292 -1.60829669381378 "2" 104 0.000685508420346406 18
-1.7494142889678 0.0346689898621417 "1" 104 0.000685508420346406 18
-1.9320520041525 0.207841584340609 "1" 104 0.000685508420346406 18
0.659424030018985 -1.9120572057249 "2" 104 0.000685508420346406 18
-1.53113980696729 1.11383725241117 "3" 116 0.000686104519655151 19
-0.281346940121264 -1.63522093387497 "2" 116 0.000686104519655151 19
0.0665398210265051 -1.4605277398127 "2" 116 0.000686104519655151 19
-1.11986111587708 1.23907167133123 "3" 116 0.000686104519655151 19
0.0689163785332823 -2.05448132568489 "2" 116 0.000686104519655151 19
-1.2816404451596 1.43014492106151 "3" 116 0.000686104519655151 19
1.90071844787837 0.783185844890549 "1" 116 0.000686104519655151 19
-1.2679920593017 1.16580924305221 "3" 116 0.000686104519655151 19
-1.35003729687023 1.29261108447043 "3" 116 0.000686104519655151 19
1.36291059775904 0.513564719725484 "1" 116 0.000686104519655151 19
1.00578700708659 0.311314649183244 "1" 116 0.000686104519655151 19
-1.31177324480812 1.13352048782901 "3" 116 0.000686104519655151 19
-0.345559644598272 -1.9648258145897 "2" 116 0.000686104519655151 19
1.21306776418183 0.609023167383698 "1" 116 0.000686104519655151 19
-0.425355627393403 -1.78699634577065 "2" 116 0.000686104519655151 19
-0.0412199830576077 -1.5687309541015 "2" 116 0.000686104519655151 19
1.38199965717656 0.419649606402708 "1" 116 0.000686104519655151 19
1.37012949376056 0.422500456840385 "1" 116 0.000686104519655151 19
-1.24018615737395 1.21652315259566 "3" 116 0.000686104519655151 19
0.0675187390041884 -1.27653770552742 "2" 116 0.000686104519655151 19
-0.29755282833498 -2.0292226013593 "2" 116 0.000686104519655151 19
0.984020172721408 0.25573505327139 "1" 116 0.000686104519655151 19
-1.04299433705635 1.31603576213495 "3" 116 0.000686104519655151 19
1.49039988194684 0.713645677910303 "1" 116 0.000686104519655151 19
-0.191201875821321 -1.78376905944562 "2" 116 0.000686104519655151 19
-1.34891958664258 1.14221605748421 "3" 116 0.000686104519655151 19
1.56006403850383 0.189875755680088 "1" 116 0.000686104519655151 19
0.258389193059611 -1.65310798970817 "2" 116 0.000686104519655151 19
1.88399627619744 0.618226053726841 "1" 116 0.000686104519655151 19
-1.5376765194523 1.32692985248983 "3" 116 0.000686104519655151 19
-1.11123197554093 1.8619675613689 "1" 121 0.000692555968746612 20
-0.88413294843964 1.99240406079448 "1" 121 0.000692555968746612 20
-1.31661389245798 1.92580542863065 "1" 121 0.000692555968746612 20
-1.42475593784551 1.43183263885341 "1" 121 0.000692555968746612 20
-1.25495942378157 2.04208019550779 "1" 121 0.000692555968746612 20
-1.17418676593136 1.77004810154871 "1" 121 0.000692555968746612 20
-1.38709820479642 1.39782026823479 "1" 121 0.000692555968746612 20
-1.21053414598719 1.64393899167388 "1" 121 0.000692555968746612 20
-0.592752362455498 2.44371736328683 "1" 121 0.000692555968746612 20
-0.899420402057522 1.85844139692911 "1" 121 0.000692555968746612 20
-0.446026502715342 -0.899446572756806 "2" 121 0.000692555968746612 20
-1.25992966610306 -1.85805868290448 "2" 121 0.000692555968746612 20
-1.21132639705963 -1.49263463772685 "2" 121 0.000692555968746612 20
-0.907317317265529 -1.20737880284024 "2" 121 0.000692555968746612 20
-0.739076395860927 -1.57920192913373 "2" 121 0.000692555968746612 20
-1.27030932911526 -1.44654722494907 "2" 121 0.000692555968746612 20
-1.04207797647682 -1.40211839285505 "2" 121 0.000692555968746612 20
-1.19399280946911 -1.86531920391643 "2" 121 0.000692555968746612 20
-1.04622755264648 -1.18933302695136 "2" 121 0.000692555968746612 20
-0.891141970426637 -1.69022847448079 "2" 121 0.000692555968746612 20
2.02418896214604 -0.116471812128955 "3" 121 0.000692555968746612 20
2.16127720874537 -0.202270170788674 "3" 121 0.000692555968746612 20
2.04312618377457 -0.33556856875951 "3" 121 0.000692555968746612 20
2.70020604578498 -0.126476344898182 "3" 121 0.000692555968746612 20
2.21741986192032 -0.175912093128114 "3" 121 0.000692555968746612 20
1.85160565034079 -0.293268563723774 "3" 121 0.000692555968746612 20
2.32556540473725 -0.512897832199485 "3" 121 0.000692555968746612 20
1.92982854065396 -0.874166884485969 "3" 121 0.000692555968746612 20
2.14410916762511 -0.154874080133756 "3" 121 0.000692555968746612 20
1.86578495070404 -0.945882708067304 "3" 121 0.000692555968746612 20
