"X1" "X2" "cl" "nbases" "wilks.lambda" ".sample"
-1.20730162505757 0.0302989402992501 "1" 58 0.0593992033972591 1
1.01009448619395 -1.5727316355293 "2" 58 0.0593992033972591 1
0.656363403095505 -0.13265992629059 "3" 58 0.0593992033972591 1
0.618520356329225 -1.36640543291269 "2" 58 0.0593992033972591 1
0.241746056070182 -1.31432823906592 "2" 58 0.0593992033972591 1
-0.807664644766251 -0.0668998105952646 "1" 58 0.0593992033972591 1
-0.441224667583363 -1.05976753485359 "2" 58 0.0593992033972591 1
-1.39250668552538 0.112809180303342 "1" 58 0.0593992033972591 1
0.667982888638126 -1.25727118239473 "2" 58 0.0593992033972591 1
-1.63586006949197 -0.756762210765941 "1" 58 0.0593992033972591 1
-0.708640878240275 0.538568822999626 "1" 58 0.0593992033972591 1
0.43657143596045 -0.833976067262732 "2" 58 0.0593992033972591 1
0.590826045515468 0.643771329169102 "3" 58 0.0593992033972591 1
1.08077122517407 0.106582452651826 "3" 58 0.0593992033972591 1
0.75135567859405 0.706296093928571 "3" 58 0.0593992033972591 1
-0.978862939283175 0.734667944287993 "1" 58 0.0593992033972591 1
0.716595497922641 -1.44909398445724 "2" 58 0.0593992033972591 1
0.367343276143301 1.26035421712058 "3" 58 0.0593992033972591 1
0.0863576427081875 1.53110926006317 "3" 58 0.0593992033972591 1
0.931774309099065 -0.587346220163745 "2" 58 0.0593992033972591 1
-0.702949849588102 0.93953574746473 "1" 58 0.0593992033972591 1
0.761480723042646 0.453059875463494 "3" 58 0.0593992033972591 1
0.245140947794172 1.31230189773432 "3" 58 0.0593992033972591 1
0.0394201803551733 0.791306281714419 "3" 58 0.0593992033972591 1
-0.0903839376170967 -0.207538669901015 "2" 58 0.0593992033972591 1
-0.92445476196106 0.170543174925166 "1" 58 0.0593992033972591 1
0.703281696402403 1.77758271165133 "3" 58 0.0593992033972591 1
-0.705126985953306 -0.0525295635365302 "1" 58 0.0593992033972591 1
-0.806577929018262 0.0914647716934588 "1" 58 0.0593992033972591 1
0.495929125047193 -0.542942223741088 "2" 58 0.0593992033972591 1
1.37395120910132 0.53398552637735 "1" 68 0.05954600966694 2
0.447909184226577 -0.0544194821139269 "3" 68 0.05954600966694 2
-1.02482415143496 0.326604237303568 "2" 68 0.05954600966694 2
-1.2563426003873 0.261237083308097 "2" 68 0.05954600966694 2
-1.41152822859034 -1.54693269819134 "3" 68 0.05954600966694 2
-1.61189653432899 0.807147237840302 "2" 68 0.05954600966694 2
-0.473857604094262 0.840921837969444 "2" 68 0.05954600966694 2
-0.388763375161549 -1.27424926170299 "3" 68 0.05954600966694 2
0.976982258012308 -0.363503530481354 "1" 68 0.05954600966694 2
0.00517963336309124 -1.10015700015226 "3" 68 0.05954600966694 2
-0.794358436598783 0.125769961927932 "3" 68 0.05954600966694 2
1.13682725936184 -0.0998788904885859 "1" 68 0.05954600966694 2
-0.794354500875039 0.94972689011397 "2" 68 0.05954600966694 2
1.40041639564818 0.267413521647921 "1" 68 0.05954600966694 2
1.55265010615057 0.188044065323067 "1" 68 0.05954600966694 2
-0.624838053918038 0.675534268993588 "2" 68 0.05954600966694 2
-1.18501032348798 -1.1520813244519 "3" 68 0.05954600966694 2
1.79012473840882 0.0315653746503073 "1" 68 0.05954600966694 2
-0.427340580653027 -1.5894443595336 "3" 68 0.05954600966694 2
0.182152639508252 -1.08266577239639 "3" 68 0.05954600966694 2
1.60275624645688 0.0929862844539877 "1" 68 0.05954600966694 2
-0.437075992102648 0.51283317076614 "2" 68 0.05954600966694 2
-0.888549014373144 1.3173205510731 "2" 68 0.05954600966694 2
0.957588917134655 0.433807753429413 "1" 68 0.05954600966694 2
0.499075488538853 1.27949434196604 "1" 68 0.05954600966694 2
0.0350775680163645 -1.07646447754296 "3" 68 0.05954600966694 2
1.51629568918645 0.791230219161773 "1" 68 0.05954600966694 2
-0.487459452650393 -0.648259391141876 "3" 68 0.05954600966694 2
-1.07534301137494 -0.138910551226801 "2" 68 0.05954600966694 2
-0.595445473082768 0.691344413117992 "2" 68 0.05954600966694 2
-0.650264876322655 0.636381510932746 "2" 90 0.06886106865187 3
-0.158246676476264 -1.51990789263232 "3" 90 0.06886106865187 3
-0.0948141698220124 0.102498775747882 "2" 90 0.06886106865187 3
-1.16213800648831 -1.36119092591375 "3" 90 0.06886106865187 3
-0.391930586735787 -2.19685309449974 "3" 90 0.06886106865187 3
2.23515859893091 1.06484464914136 "1" 90 0.06886106865187 3
-1.16091850545478 0.6184060378996 "2" 90 0.06886106865187 3
1.25641856354298 -0.177932170180672 "1" 90 0.06886106865187 3
-0.00560380909757101 -1.79661888624243 "3" 90 0.06886106865187 3
-0.648876445060434 -0.297605596608968 "3" 90 0.06886106865187 3
-0.29430556547734 0.195215596600593 "3" 90 0.06886106865187 3
-1.14826684918718 0.386755804538183 "2" 90 0.06886106865187 3
-0.810466748975152 0.334912014668012 "2" 90 0.06886106865187 3
-0.169951255979537 -1.29787324595322 "3" 90 0.06886106865187 3
1.26523974717937 -0.35291372470946 "1" 90 0.06886106865187 3
-1.11688214863358 0.907927347187124 "2" 90 0.06886106865187 3
-0.617934419531771 -1.50386443586389 "3" 90 0.06886106865187 3
1.65767456377696 0.401014721786787 "1" 90 0.06886106865187 3
1.06715945034896 0.224887430530051 "1" 90 0.06886106865187 3
1.34543854438742 0.36893250793318 "1" 90 0.06886106865187 3
1.16069134718865 -0.123907742182841 "1" 90 0.06886106865187 3
-0.788025416734198 -0.970221055650458 "3" 90 0.06886106865187 3
-0.378839574928487 0.348800056809033 "2" 90 0.06886106865187 3
1.00765170247568 2.25582701597668 "1" 90 0.06886106865187 3
0.190927223227911 0.652695864547723 "1" 90 0.06886106865187 3
-0.422751368456704 0.623359008433065 "2" 90 0.06886106865187 3
-0.104107436400323 -0.301317207440111 "3" 90 0.06886106865187 3
-1.02516797567602 1.18302310276337 "2" 90 0.06886106865187 3
-1.04315556634251 1.24420728583186 "2" 90 0.06886106865187 3
1.00628766072176 0.350517246550623 "1" 90 0.06886106865187 3
0.748812793427638 0.764996545363863 "2" 64 0.0890580780287723 4
-0.370246109385048 1.31341278141474 "2" 64 0.0890580780287723 4
-0.349052615040589 -0.683862657546114 "1" 64 0.0890580780287723 4
-0.66384435118492 -0.297989881942194 "3" 64 0.0890580780287723 4
0.859818690803678 -1.03546877457349 "1" 64 0.0890580780287723 4
-1.15463218348329 0.126036465257185 "3" 64 0.0890580780287723 4
0.360095534753252 -0.835679861079988 "1" 64 0.0890580780287723 4
0.0773843887897844 1.37200954062742 "2" 64 0.0890580780287723 4
-0.725663059249878 0.54427307935774 "3" 64 0.0890580780287723 4
-1.28840273451382 -0.319244042243152 "3" 64 0.0890580780287723 4
0.193300191545372 -1.18888469791428 "1" 64 0.0890580780287723 4
0.569920263406529 -0.362433340807486 "1" 64 0.0890580780287723 4
-0.033525748137104 0.857531255989197 "2" 64 0.0890580780287723 4
0.6573767861386 0.270734675845746 "2" 64 0.0890580780287723 4
0.507274744012929 1.95625254641356 "2" 64 0.0890580780287723 4
1.1815950668694 -1.6373068917158 "1" 64 0.0890580780287723 4
-1.09132786956761 -0.183868497744372 "3" 64 0.0890580780287723 4
-0.989925554905395 -0.286649418322051 "3" 64 0.0890580780287723 4
0.844915788412443 -1.06883625865598 "1" 64 0.0890580780287723 4
0.619959433602593 0.149921882375803 "2" 64 0.0890580780287723 4
-1.03274974304938 0.389516039191294 "3" 64 0.0890580780287723 4
1.22091876778207 -0.165713932574103 "2" 64 0.0890580780287723 4
-0.20800290024684 -0.31931421473952 "1" 64 0.0890580780287723 4
0.720618589568188 0.4514978535112 "2" 64 0.0890580780287723 4
-1.2245786107238 0.714612213731775 "3" 64 0.0890580780287723 4
-0.170631015140001 -0.358191867000722 "1" 64 0.0890580780287723 4
0.868335750972589 2.01104366792799 "2" 64 0.0890580780287723 4
0.963818170918499 -2.07757365486746 "1" 64 0.0890580780287723 4
-0.301481957717999 -0.858177913947425 "3" 64 0.0890580780287723 4
-0.790080508657887 0.757357358666599 "3" 64 0.0890580780287723 4
-0.644005702728066 1.36728630486569 "3" 60 0.0932611052986231 5
0.137272016295659 0.0350473137624475 "1" 60 0.0932611052986231 5
-0.134684151811081 -0.594106005980192 "2" 60 0.0932611052986231 5
-0.762223714540307 -1.51473524141263 "2" 60 0.0932611052986231 5
-0.48139913461904 -1.74185983990696 "2" 60 0.0932611052986231 5
0.321254621045324 1.39290908130975 "3" 60 0.0932611052986231 5
0.127741659144284 -0.104913381665187 "1" 60 0.0932611052986231 5
0.905230180846829 1.08971622447082 "1" 60 0.0932611052986231 5
-0.510489461408502 0.190697398347064 "3" 60 0.0932611052986231 5
-0.604881251985407 1.12650534559978 "3" 60 0.0932611052986231 5
-1.13805943737902 -0.900928441821075 "2" 60 0.0932611052986231 5
-0.277118702030505 -0.720128704745222 "2" 60 0.0932611052986231 5
-0.804121029999873 1.11257342922225 "3" 60 0.0932611052986231 5
-0.0616130355309053 -0.970947514616339 "2" 60 0.0932611052986231 5
-0.0228086199069809 -1.39809744344993 "2" 60 0.0932611052986231 5
-1.572402926053 0.31549764551531 "3" 60 0.0932611052986231 5
-0.980592021914046 -1.40731717254427 "2" 60 0.0932611052986231 5
0.735753965723448 -0.441187622807745 "1" 60 0.0932611052986231 5
0.888084758257793 -0.184559382465161 "1" 60 0.0932611052986231 5
-0.198961138321898 -1.99566252111376 "2" 60 0.0932611052986231 5
-0.0686344651655861 1.92025243529382 "3" 60 0.0932611052986231 5
-0.768988516249724 0.79706136742072 "3" 60 0.0932611052986231 5
0.360040139935126 0.483680877124796 "1" 60 0.0932611052986231 5
0.795807749891442 0.697894302398054 "1" 60 0.0932611052986231 5
-0.662720197892836 2.01785568220609 "3" 60 0.0932611052986231 5
1.45011854907674 0.321852819181235 "1" 60 0.0932611052986231 5
1.7481298142655 0.295282454058262 "1" 60 0.0932611052986231 5
0.948509394331267 -1.04309556593122 "2" 60 0.0932611052986231 5
1.73344561812155 -0.252066669634639 "1" 60 0.0932611052986231 5
-0.457684959398186 0.105492827318245 "3" 60 0.0932611052986231 5
-0.828642925856702 -1.24685144461492 "1" 55 0.00441650027711535 6
-0.444959923498302 -1.53608693433726 "1" 55 0.00441650027711535 6
-0.0268700510446045 -0.883627042864535 "1" 55 0.00441650027711535 6
-0.601526077968191 -1.80884119094993 "1" 55 0.00441650027711535 6
-0.311109377870629 -1.41655082924558 "1" 55 0.00441650027711535 6
-0.33236501584876 -1.86266085715581 "1" 55 0.00441650027711535 6
-0.673892019912307 -1.66142171364178 "1" 55 0.00441650027711535 6
-0.85318562926542 -1.69988950526753 "1" 55 0.00441650027711535 6
-0.399295621484305 -1.77127557127748 "1" 55 0.00441650027711535 6
0.00549444507415745 -1.26290384223059 "1" 55 0.00441650027711535 6
1.67556769838391 0.434973234562275 "2" 55 0.00441650027711535 6
1.64027861947335 0.408445682333322 "2" 55 0.00441650027711535 6
1.35986260025329 0.787651641009839 "2" 55 0.00441650027711535 6
1.4479306143997 0.0295492212478061 "2" 55 0.00441650027711535 6
1.61092750477667 1.03821514453465 "2" 55 0.00441650027711535 6
1.82333454532542 0.71213975716587 "2" 55 0.00441650027711535 6
1.55409155343531 -0.186737382844004 "2" 55 0.00441650027711535 6
1.14880508899375 1.20145234830602 "2" 55 0.00441650027711535 6
1.55825722497322 0.0673937168880132 "2" 55 0.00441650027711535 6
1.53821057112388 0.191176677277833 "2" 55 0.00441650027711535 6
-1.24595859396257 0.3512022231193 "3" 55 0.00441650027711535 6
-1.21863713450386 1.31708998060816 "3" 55 0.00441650027711535 6
-1.32438500389566 1.42984099954401 "3" 55 0.00441650027711535 6
-1.12583612736582 1.25094256617154 "3" 55 0.00441650027711535 6
-0.791178889703567 0.876315893581312 "3" 55 0.00441650027711535 6
-1.33456874720493 1.3179625720241 "3" 55 0.00441650027711535 6
-0.868456910022354 0.766632990674481 "3" 55 0.00441650027711535 6
-1.34797480024684 1.29698878506539 "3" 55 0.00441650027711535 6
-0.519223367534924 1.10269426872036 "3" 55 0.00441650027711535 6
-1.11469424902292 0.756178611595143 "3" 55 0.00441650027711535 6
-1.13846896173873 0.394010825889711 "2" 82 0.0991301456035152 7
-0.841451025629826 -0.658914686785006 "1" 82 0.0991301456035152 7
0.494055649265812 0.357146774425996 "3" 82 0.0991301456035152 7
0.0792459809291335 -1.46767984092935 "1" 82 0.0991301456035152 7
-0.693329503732043 -0.395142320403367 "2" 82 0.0991301456035152 7
-0.972858986745399 0.639282193811841 "2" 82 0.0991301456035152 7
0.182965753326209 0.236649475753931 "3" 82 0.0991301456035152 7
-1.76329307321795 -0.0466324908891857 "2" 82 0.0991301456035152 7
-0.787775701383585 -0.683300486587001 "2" 82 0.0991301456035152 7
0.621906127126777 -0.720040523732759 "1" 82 0.0991301456035152 7
0.429998261833286 -1.02546974788696 "1" 82 0.0991301456035152 7
1.05455497294708 0.237102027598089 "3" 82 0.0991301456035152 7
0.609533755711087 -2.43161699295776 "1" 82 0.0991301456035152 7
-0.800087327009936 0.588793130468851 "2" 82 0.0991301456035152 7
0.608878632554513 0.916370792792075 "3" 82 0.0991301456035152 7
0.81178635965886 1.39331273321286 "3" 82 0.0991301456035152 7
0.883932794420083 -0.195814731997028 "1" 82 0.0991301456035152 7
0.934719071442728 1.82399240373553 "3" 82 0.0991301456035152 7
0.428845452652924 -1.59919850783698 "1" 82 0.0991301456035152 7
0.616239027949821 0.95077867790378 "3" 82 0.0991301456035152 7
0.372011163839433 0.430736436640979 "3" 82 0.0991301456035152 7
-1.29667410121751 0.970214933436342 "2" 82 0.0991301456035152 7
0.0423902746637789 0.244566389155997 "3" 82 0.0991301456035152 7
0.872314195873346 0.416193046860674 "1" 82 0.0991301456035152 7
-0.670996061446987 0.506919918115033 "2" 82 0.0991301456035152 7
0.176929094955855 0.0702702003456025 "3" 82 0.0991301456035152 7
-0.918814067250345 1.06009718343597 "2" 82 0.0991301456035152 7
0.975216382993204 -0.593198300673346 "1" 82 0.0991301456035152 7
0.757911671086564 -1.62964938899298 "1" 82 0.0991301456035152 7
-1.06968581385818 0.210220876088476 "2" 82 0.0991301456035152 7
1.13206168936148 -0.0547350474186115 "1" 69 0.100818459294939 8
0.407281332181535 1.64771395499904 "2" 69 0.100818459294939 8
-0.397703477012029 1.18961306136605 "2" 69 0.100818459294939 8
-0.657082350967954 -0.845249507474008 "3" 69 0.100818459294939 8
0.02657831108638 0.147606653126178 "2" 69 0.100818459294939 8
-1.07390187844291 -0.0447375634354434 "3" 69 0.100818459294939 8
0.441171591794812 -0.348079922630646 "1" 69 0.100818459294939 8
0.4570716083973 0.967572332469787 "2" 69 0.100818459294939 8
0.845584019263397 -0.64522139806985 "1" 69 0.100818459294939 8
0.777709841015266 -0.450627958142121 "1" 69 0.100818459294939 8
-0.538996148575087 -0.684316290901235 "3" 69 0.100818459294939 8
0.415644351954961 0.938670091970111 "2" 69 0.100818459294939 8
0.58972990068156 -0.43457296113503 "1" 69 0.100818459294939 8
1.14959856370089 0.157927036100362 "1" 69 0.100818459294939 8
-1.54964890275304 -0.643528345977741 "3" 69 0.100818459294939 8
0.145104643203243 0.683017602919622 "2" 69 0.100818459294939 8
-0.116790610804953 0.156619459530718 "3" 69 0.100818459294939 8
-0.891319797300932 -0.578994983320347 "3" 69 0.100818459294939 8
0.858565573976358 -0.651087505417005 "1" 69 0.100818459294939 8
-0.105901334198782 -0.550334242487708 "1" 69 0.100818459294939 8
-0.444217919287153 -0.879574765113822 "3" 69 0.100818459294939 8
0.425823628212633 0.667840526963474 "1" 69 0.100818459294939 8
-1.15766912604644 -1.19913479480266 "3" 69 0.100818459294939 8
-0.126238628186677 -0.849329284720787 "3" 69 0.100818459294939 8
0.2766321352824 0.492520657083853 "2" 69 0.100818459294939 8
0.451462959438887 0.00579763096278936 "1" 69 0.100818459294939 8
-0.00787991748836759 1.06095049950982 "2" 69 0.100818459294939 8
-0.269424843931632 -0.636474969243274 "3" 69 0.100818459294939 8
-0.509108220602029 0.72116175695277 "2" 69 0.100818459294939 8
-0.554136993953116 0.658988276335709 "2" 69 0.100818459294939 8
-1.64418687297964 0.342861343824776 "3" 72 0.100964966873409 9
-0.449480028513085 -1.08707889875116 "2" 72 0.100964966873409 9
1.32845090392045 0.9126096209219 "1" 72 0.100964966873409 9
0.415714134053727 -0.88922834519392 "2" 72 0.100964966873409 9
-1.08978104924119 -0.0931307027513857 "3" 72 0.100964966873409 9
1.05219849093573 0.774601780071631 "1" 72 0.100964966873409 9
-0.560542214650405 0.397482131119071 "3" 72 0.100964966873409 9
-0.421467034439167 0.513993991783953 "3" 72 0.100964966873409 9
-0.144064591641428 -0.866051198067547 "2" 72 0.100964966873409 9
0.411343540151969 0.352640212687725 "1" 72 0.100964966873409 9
0.152314361384097 0.517662467005339 "3" 72 0.100964966873409 9
-0.973492133341019 -0.139932553952566 "3" 72 0.100964966873409 9
1.04617010468698 -1.03992983202662 "2" 72 0.100964966873409 9
-1.98579057614094 0.00544998269728637 "3" 72 0.100964966873409 9
-1.26344509996355 -1.14014908817264 "2" 72 0.100964966873409 9
0.39783521686656 1.53659859763024 "1" 72 0.100964966873409 9
1.10772656765108 0.410756886802225 "1" 72 0.100964966873409 9
0.0296385872059697 0.452971774239669 "3" 72 0.100964966873409 9
0.52304388035971 0.428249081283288 "1" 72 0.100964966873409 9
0.25348278249555 -0.340228526095203 "2" 72 0.100964966873409 9
0.237800430127672 -0.654576709020118 "2" 72 0.100964966873409 9
-0.277702764121296 0.872807013931935 "3" 72 0.100964966873409 9
0.957349280466398 0.439605569597036 "1" 72 0.100964966873409 9
0.209509776779772 -1.30838622136679 "2" 72 0.100964966873409 9
1.32693535247507 0.29568690895726 "1" 72 0.100964966873409 9
-0.0601730743293814 -0.750745023119398 "2" 72 0.100964966873409 9
-1.81139043321628 -0.215696558110729 "3" 72 0.100964966873409 9
0.267725038564125 0.0680719702329368 "1" 72 0.100964966873409 9
0.596565583478276 -0.193091318957085 "2" 72 0.100964966873409 9
0.367711840974238 0.396175642798894 "1" 72 0.100964966873409 9
-0.251560809586275 0.695759909700275 "1" 98 0.102723207112925 10
0.688138283196842 -1.58981146730038 "2" 98 0.102723207112925 10
0.546993824479573 -0.667954108536468 "2" 98 0.102723207112925 10
-1.90155959324219 0.125340133971302 "3" 98 0.102723207112925 10
-0.116801963912126 -0.850384176242716 "2" 98 0.102723207112925 10
-0.446434362169818 0.179452429004954 "1" 98 0.102723207112925 10
-0.19606480155575 -0.166110003099707 "3" 98 0.102723207112925 10
-0.947172646964313 0.628135398744367 "3" 98 0.102723207112925 10
-0.339985351566027 -1.29441617135423 "2" 98 0.102723207112925 10
-0.443160631584314 0.558596951726573 "3" 98 0.102723207112925 10
-0.949117547575302 0.298201565854295 "3" 98 0.102723207112925 10
1.55511461347419 0.951343577384209 "1" 98 0.102723207112925 10
0.552112508006581 0.39923066526001 "1" 98 0.102723207112925 10
0.174092847496618 -0.81384314240244 "2" 98 0.102723207112925 10
-0.836000697447032 0.999983275293842 "3" 98 0.102723207112925 10
1.68827558749779 0.870551753919262 "1" 98 0.102723207112925 10
0.101762007131039 0.634730779873097 "1" 98 0.102723207112925 10
0.559712810900252 0.0672319087843966 "1" 98 0.102723207112925 10
0.779827208253246 -1.11849142027979 "2" 98 0.102723207112925 10
-0.680513679711309 0.242635343622153 "3" 98 0.102723207112925 10
0.712761370355246 -1.09111619882394 "2" 98 0.102723207112925 10
1.25708654120093 0.322846621119495 "1" 98 0.102723207112925 10
-0.884183072735692 0.945554873782238 "3" 98 0.102723207112925 10
-0.134710253283815 -0.849216407468507 "2" 98 0.102723207112925 10
0.663088734202075 -0.355046681998491 "2" 98 0.102723207112925 10
-0.410341113217108 0.243707380001015 "3" 98 0.102723207112925 10
0.584489653276722 0.764944751459306 "1" 98 0.102723207112925 10
-0.373369870432062 -0.0183239670867348 "1" 98 0.102723207112925 10
-0.0215753852950449 -0.44482679296185 "2" 98 0.102723207112925 10
-0.930904209192924 0.331293218054463 "3" 98 0.102723207112925 10
-1.53263441204446 0.707388214514291 "1" 61 0.102976839314683 11
1.1265167359305 0.249305252298713 "3" 61 0.102976839314683 11
-0.203633441849127 -1.23671027878797 "2" 61 0.102976839314683 11
0.590670184236771 -1.85783983182049 "2" 61 0.102976839314683 11
-0.89789819867702 -0.628091040732913 "2" 61 0.102976839314683 11
-2.34122617607117 0.395863633611322 "1" 61 0.102976839314683 11
-1.55063996844754 0.735775905301198 "1" 61 0.102976839314683 11
-0.810677603610923 0.351520042629758 "1" 61 0.102976839314683 11
1.00685628398966 -1.76674984242645 "2" 61 0.102976839314683 11
-0.862091976335043 0.149876165530229 "2" 61 0.102976839314683 11
0.0147121556450394 -0.425893662986503 "3" 61 0.102976839314683 11
1.59880923068862 0.729029229822358 "3" 61 0.102976839314683 11
1.27517085675811 0.979888226326113 "3" 61 0.102976839314683 11
0.73704061630298 -0.665585595765031 "2" 61 0.102976839314683 11
-1.23824723790044 0.861722420323803 "1" 61 0.102976839314683 11
-0.668431051292847 0.905626154981407 "1" 61 0.102976839314683 11
-0.325738560523403 -0.511030182267712 "1" 61 0.102976839314683 11
-0.0790937362259659 -1.2668693817586 "2" 61 0.102976839314683 11
0.860297627130328 -1.74804701627983 "2" 61 0.102976839314683 11
-0.884438919876557 -1.25152002355377 "2" 61 0.102976839314683 11
-1.13466194852894 0.290323056871001 "1" 61 0.102976839314683 11
1.07859427277061 0.562073508172661 "3" 61 0.102976839314683 11
0.61297373537235 -0.22643262190661 "2" 61 0.102976839314683 11
-1.30230656785282 0.770600001257133 "1" 61 0.102976839314683 11
0.563714756167024 0.88471627926839 "3" 61 0.102976839314683 11
1.1371498557548 0.258977067696634 "3" 61 0.102976839314683 11
0.552425160232176 0.738227265032587 "3" 61 0.102976839314683 11
1.5198143239758 -0.0298533859212297 "3" 61 0.102976839314683 11
1.53578387302123 1.24120387983467 "3" 61 0.102976839314683 11
-0.378809868739756 0.802506560734835 "1" 61 0.102976839314683 11
-0.604670667240083 0.446821449034465 "1" 63 0.106387242525256 12
1.07104025006094 -1.18957976207022 "3" 63 0.106387242525256 12
-1.21171401544115 0.762281600190572 "1" 63 0.106387242525256 12
0.431559077270899 -0.565270100638992 "3" 63 0.106387242525256 12
0.285244978881837 0.50479331014417 "2" 63 0.106387242525256 12
1.93849241855957 -0.154139137988247 "2" 63 0.106387242525256 12
0.450223960196058 -1.02980264226643 "3" 63 0.106387242525256 12
1.645724375232 0.109733723358894 "2" 63 0.106387242525256 12
0.547920220643734 -0.72846325895229 "2" 63 0.106387242525256 12
0.839413801680906 0.296518135913009 "2" 63 0.106387242525256 12
-0.37156861465412 0.903674664653416 "1" 63 0.106387242525256 12
0.919943000872904 0.828096266269572 "2" 63 0.106387242525256 12
-0.374535065699878 -2.32223065488249 "3" 63 0.106387242525256 12
-1.39125943296486 0.278782649208439 "1" 63 0.106387242525256 12
-0.214086147722456 -0.973135031085123 "3" 63 0.106387242525256 12
-2.36178414974377 1.61152933108462 "1" 63 0.106387242525256 12
-0.959564520368071 1.20425447203824 "1" 63 0.106387242525256 12
-1.23122619213434 0.841481991294658 "1" 63 0.106387242525256 12
0.235573269539686 -0.18186373738416 "3" 63 0.106387242525256 12
-1.34488780233446 0.969208381760742 "1" 63 0.106387242525256 12
-0.38712411408317 -1.61892939299511 "3" 63 0.106387242525256 12
0.102407314226529 1.05321310687165 "1" 63 0.106387242525256 12
0.998204392506029 0.264520980489037 "2" 63 0.106387242525256 12
-0.475066064909886 -0.900524253608735 "3" 63 0.106387242525256 12
-0.783605165907152 -0.0463696922824341 "3" 63 0.106387242525256 12
-0.0427221126132217 0.932980672438047 "1" 63 0.106387242525256 12
-1.1636146047532 -1.0707111405419 "3" 63 0.106387242525256 12
1.3609881386174 -0.323960972547803 "2" 63 0.106387242525256 12
1.51004209060329 -0.143798498937083 "2" 63 0.106387242525256 12
0.580651381678017 0.240887541431489 "2" 63 0.106387242525256 12
1.21110100134244 -0.821156207126023 "3" 61 0.119579337167948 13
-1.22289203256789 1.02808588505647 "2" 61 0.119579337167948 13
1.36869768189969 0.558856199295415 "1" 61 0.119579337167948 13
0.830914691774103 -0.0908416321421103 "1" 61 0.119579337167948 13
-0.591488588143887 -1.09126858733428 "3" 61 0.119579337167948 13
-1.46064415681802 1.2738652183354 "2" 61 0.119579337167948 13
0.531873583909099 0.76781289086766 "1" 61 0.119579337167948 13
-1.06627601890447 -0.178378641969964 "2" 61 0.119579337167948 13
0.200509036365167 -0.857365113296754 "3" 61 0.119579337167948 13
-0.525796452896506 -0.877380717244568 "3" 61 0.119579337167948 13
-0.112400830225944 -0.635613525938769 "3" 61 0.119579337167948 13
0.151595153080703 -0.0164369024910074 "1" 61 0.119579337167948 13
-1.20259609193332 1.3537776898456 "2" 61 0.119579337167948 13
-0.464065216416419 0.00412038510068461 "2" 61 0.119579337167948 13
-1.27027002476343 1.38038378213972 "2" 61 0.119579337167948 13
1.54636841282105 0.0446722464100309 "1" 61 0.119579337167948 13
-0.515620382500095 0.38408242122151 "2" 61 0.119579337167948 13
0.199716758896119 -0.33706219935142 "3" 61 0.119579337167948 13
-0.339278987233676 -1.51683882028457 "3" 61 0.119579337167948 13
0.990949079294872 0.150398537222299 "1" 61 0.119579337167948 13
-0.557900355938593 -0.599082326636454 "2" 61 0.119579337167948 13
0.757798931736259 -0.816533163330905 "3" 61 0.119579337167948 13
0.754367223874318 -0.10608388377843 "1" 61 0.119579337167948 13
0.873222300708511 0.412541935160403 "1" 61 0.119579337167948 13
0.198233564349354 0.694944695890465 "1" 61 0.119579337167948 13
0.267575629881797 -0.888444333542469 "3" 61 0.119579337167948 13
-0.0562450369002424 0.935436485107393 "1" 61 0.119579337167948 13
1.38328793110012 -1.37446020273802 "3" 61 0.119579337167948 13
-0.961443172720438 0.413064871460062 "2" 61 0.119579337167948 13
-0.91929363307069 0.804903014092639 "2" 61 0.119579337167948 13
1.00994045829886 -0.687332455915331 "1" 72 0.128690195497602 14
-0.390837930017219 0.046921427036609 "3" 72 0.128690195497602 14
-0.849940541155084 -0.826510985817119 "2" 72 0.128690195497602 14
-0.059835013555895 -0.760032808489043 "1" 72 0.128690195497602 14
-1.70175935489249 -0.528462016768428 "2" 72 0.128690195497602 14
-0.345951863810158 1.89049404265437 "3" 72 0.128690195497602 14
-0.374187615401052 -0.93548205773378 "2" 72 0.128690195497602 14
-0.0784741442342693 1.80227353223869 "3" 72 0.128690195497602 14
0.58711843843133 0.150278527757294 "2" 72 0.128690195497602 14
-0.00475924023120291 0.875863133778081 "3" 72 0.128690195497602 14
1.39043938633242 -0.923646100259122 "1" 72 0.128690195497602 14
1.20323581864168 -0.222495380167836 "1" 72 0.128690195497602 14
-0.534037503056643 -0.937310662048984 "2" 72 0.128690195497602 14
0.296136482211188 -0.854846957421925 "1" 72 0.128690195497602 14
-0.0634415415533978 1.42882103127488 "3" 72 0.128690195497602 14
-0.901614119637759 -1.13957639198024 "2" 72 0.128690195497602 14
-2.07194335885881 0.143566123501087 "2" 72 0.128690195497602 14
0.605192367497579 1.19661370319111 "3" 72 0.128690195497602 14
1.07900692105333 -0.0934804676323957 "1" 72 0.128690195497602 14
0.152900506144788 0.372149016419158 "3" 72 0.128690195497602 14
-0.50214010817777 1.01717309588426 "3" 72 0.128690195497602 14
-1.32293474577917 -0.626067609652887 "2" 72 0.128690195497602 14
0.129121112049956 0.416712218859641 "3" 72 0.128690195497602 14
1.04109132086226 0.137024782742504 "1" 72 0.128690195497602 14
-0.00616698547230672 -0.236609031256616 "1" 72 0.128690195497602 14
0.33032376636034 0.68623065294438 "3" 72 0.128690195497602 14
-1.16523536747563 0.178739440281364 "2" 72 0.128690195497602 14
1.45221793373058 -0.943798343833212 "1" 72 0.128690195497602 14
1.26325989256259 -0.4319267688022 "1" 72 0.128690195497602 14
-0.166724970868046 -0.195282690784311 "2" 72 0.128690195497602 14
-0.110272490168115 -0.55357918912664 "3" 84 0.131991266359991 15
0.0723098481222895 -0.31923154251601 "3" 84 0.131991266359991 15
0.44788028101839 0.565633951688495 "2" 84 0.131991266359991 15
0.547174325747415 -0.849994731066858 "3" 84 0.131991266359991 15
-0.908532245626747 0.372408301029926 "1" 84 0.131991266359991 15
0.28812811907485 -1.35395919169473 "3" 84 0.131991266359991 15
-0.575801797546231 0.82391487143101 "1" 84 0.131991266359991 15
0.930916608396188 -0.438657899378432 "2" 84 0.131991266359991 15
1.55689301154861 -0.742221531142117 "2" 84 0.131991266359991 15
0.208264080560848 0.752982660678528 "2" 84 0.131991266359991 15
-0.262294751370193 -0.127221844673179 "1" 84 0.131991266359991 15
-0.856639427637593 0.114752165868038 "1" 84 0.131991266359991 15
-1.03644375214691 -1.23602142050495 "3" 84 0.131991266359991 15
0.360138757890595 1.01737367305804 "2" 84 0.131991266359991 15
-0.388219935974221 -0.885543928810163 "3" 84 0.131991266359991 15
-1.57521476577545 1.3317969336658 "1" 84 0.131991266359991 15
-1.34617106214114 1.43228848450807 "1" 84 0.131991266359991 15
1.36828066691183 1.0020889777225 "2" 84 0.131991266359991 15
0.938806980268434 -0.69298592973026 "3" 84 0.131991266359991 15
0.756258449632856 0.155953500123634 "2" 84 0.131991266359991 15
1.10732486760622 -0.106236676323319 "2" 84 0.131991266359991 15
-0.780052790915164 -0.766904597274327 "3" 84 0.131991266359991 15
-0.300002848180519 -1.50628259216654 "3" 84 0.131991266359991 15
0.223207451326409 -1.21029556334007 "3" 84 0.131991266359991 15
0.241560665973146 0.400507584977815 "1" 84 0.131991266359991 15
-0.326810101508991 1.06685676597172 "1" 84 0.131991266359991 15
-0.279508298101953 0.302708820871587 "1" 84 0.131991266359991 15
0.567585004771468 0.796158752327613 "2" 84 0.131991266359991 15
-1.6497432633141 0.759748700090665 "1" 84 0.131991266359991 15
0.780978411557776 -0.106037506265845 "2" 84 0.131991266359991 15
-1.28279483986265 0.198244071225094 "3" 87 0.132112830042552 16
0.286248255604856 0.654410786281488 "3" 87 0.132112830042552 16
-1.894875952581 -0.021701180286055 "3" 87 0.132112830042552 16
-0.370962837169872 -1.80882956033575 "1" 87 0.132112830042552 16
-0.585174975168918 -1.3613496386283 "1" 87 0.132112830042552 16
0.0456786564309885 0.780747425425139 "2" 87 0.132112830042552 16
0.394658025197555 -1.03485470127553 "1" 87 0.132112830042552 16
-0.679365128096147 0.547709246483944 "3" 87 0.132112830042552 16
0.105464352794427 -1.50178330234244 "1" 87 0.132112830042552 16
-0.201526036095656 -0.0432260564861696 "1" 87 0.132112830042552 16
-0.979720793213653 0.157677897181666 "3" 87 0.132112830042552 16
0.527050338888549 0.800946658997224 "2" 87 0.132112830042552 16
0.958677503598795 1.74667750265795 "2" 87 0.132112830042552 16
0.680668160427057 0.32801975889309 "2" 87 0.132112830042552 16
1.09255515191766 0.599094666316871 "2" 87 0.132112830042552 16
-1.0246291298318 0.466708386228827 "3" 87 0.132112830042552 16
-0.249300224313991 -0.330546126423463 "3" 87 0.132112830042552 16
0.771295237573909 0.300116224208945 "1" 87 0.132112830042552 16
-0.899831643359898 0.129782865017845 "3" 87 0.132112830042552 16
-0.809387739674443 -0.709475656837604 "1" 87 0.132112830042552 16
0.784135004316739 0.146852422327223 "2" 87 0.132112830042552 16
-0.244246054417491 -0.952877837793581 "1" 87 0.132112830042552 16
0.542901933690685 -1.33551813579751 "1" 87 0.132112830042552 16
-0.169240765138488 0.491471137739871 "3" 87 0.132112830042552 16
0.209637893566759 0.64693703588098 "2" 87 0.132112830042552 16
1.01382289593746 0.297201958054871 "2" 87 0.132112830042552 16
1.17041873887367 1.16553471269943 "2" 87 0.132112830042552 16
0.419110013569849 -2.09516703151634 "1" 87 0.132112830042552 16
0.658598623035791 1.07616480040998 "2" 87 0.132112830042552 16
-0.269864666500746 0.661031671692296 "3" 87 0.132112830042552 16
1.3455942648109 -1.71604973346464 "3" 74 0.134854587443144 17
0.277480725894579 0.926718992914946 "2" 74 0.134854587443144 17
-1.16308979976921 0.272305537254005 "3" 74 0.134854587443144 17
0.0828611712838929 0.678300934787932 "2" 74 0.134854587443144 17
-1.28763586979212 -1.30456235336716 "3" 74 0.134854587443144 17
0.461363212282329 2.57982397080407 "2" 74 0.134854587443144 17
0.637430085437733 -1.03038778831635 "1" 74 0.134854587443144 17
0.227502736739891 1.54039440013223 "2" 74 0.134854587443144 17
0.546029169535314 0.106374145142474 "1" 74 0.134854587443144 17
1.15139680865114 -1.17585798674402 "1" 74 0.134854587443144 17
-1.12919525264499 0.474394216417044 "1" 74 0.134854587443144 17
0.913178362747765 -0.780918691467348 "1" 74 0.134854587443144 17
-0.779046520228577 -0.277683038315089 "3" 74 0.134854587443144 17
-0.195399665881721 -0.653932056795625 "3" 74 0.134854587443144 17
0.762575362104203 1.19628561561598 "2" 74 0.134854587443144 17
-2.13673729424214 -1.28060710562634 "3" 74 0.134854587443144 17
-1.1287039962228 -0.185817816466491 "3" 74 0.134854587443144 17
0.827567913045289 0.264073427036527 "2" 74 0.134854587443144 17
-1.41834830453046 -0.807395914197765 "3" 74 0.134854587443144 17
-0.0961138158736062 -0.277377876093227 "1" 74 0.134854587443144 17
1.0792115725174 -1.14093433401421 "1" 74 0.134854587443144 17
-1.8928301260435 -0.113138806165131 "3" 74 0.134854587443144 17
-0.349895382339463 1.7907285148878 "2" 74 0.134854587443144 17
1.76115485004949 -1.41454888224341 "1" 74 0.134854587443144 17
-0.121653271202472 1.02340061351533 "2" 74 0.134854587443144 17
1.26015170802653 -0.92812542440212 "1" 74 0.134854587443144 17
0.382123796094833 0.0993985061432359 "1" 74 0.134854587443144 17
-0.238350687062526 -0.489537669277871 "3" 74 0.134854587443144 17
0.142761832648845 1.05364039041698 "2" 74 0.134854587443144 17
0.0786164139634536 1.57103621188824 "2" 74 0.134854587443144 17
1.64816920924624 -0.284128906993819 "3" 99 0.137732147341669 18
1.07864312174331 -0.163262181065464 "3" 99 0.137732147341669 18
0.266136254179628 0.153691104310807 "1" 99 0.137732147341669 18
-1.41762892890587 1.34401869118332 "1" 99 0.137732147341669 18
-0.443947999135599 -0.299602228261277 "3" 99 0.137732147341669 18
-0.470790858429045 -1.06769401636448 "2" 99 0.137732147341669 18
-0.413545988497503 -0.478163012721181 "2" 99 0.137732147341669 18
0.239694040790808 -0.341560620286694 "3" 99 0.137732147341669 18
-0.740846026332945 -0.487967480176827 "2" 99 0.137732147341669 18
0.551229631199919 0.53541450341686 "1" 99 0.137732147341669 18
-0.503446814670489 -0.185482104070792 "2" 99 0.137732147341669 18
1.65528073278353 -0.762259398909927 "3" 99 0.137732147341669 18
-0.536938812304293 1.80368068036746 "1" 99 0.137732147341669 18
0.0399260416957496 0.514929838196066 "1" 99 0.137732147341669 18
-0.080905144197673 0.450008643007314 "1" 99 0.137732147341669 18
0.487666880873462 -1.06647141273686 "3" 99 0.137732147341669 18
-0.597980893784428 0.106454403581209 "2" 99 0.137732147341669 18
0.0911624368004211 0.364572666514838 "3" 99 0.137732147341669 18
-1.11451161085813 -0.94979468631239 "2" 99 0.137732147341669 18
-0.713631119861821 -0.681215525786195 "2" 99 0.137732147341669 18
0.637459938903336 1.01214784360478 "1" 99 0.137732147341669 18
-0.366296865830464 -1.07571435132179 "2" 99 0.137732147341669 18
-1.8434311861689 -0.383704278475565 "2" 99 0.137732147341669 18
0.924224795688964 -0.0748842847943911 "3" 99 0.137732147341669 18
0.450912946600741 -0.472458104306107 "3" 99 0.137732147341669 18
0.678717420206386 0.906744931943029 "1" 99 0.137732147341669 18
0.752456445789252 1.98103244553667 "1" 99 0.137732147341669 18
-1.15421747081215 -0.846371858999243 "2" 99 0.137732147341669 18
0.54134963322384 -0.607554116688567 "3" 99 0.137732147341669 18
0.355090190063711 1.0555928166092 "1" 99 0.137732147341669 18
-0.789291178888799 -0.826045169383546 "2" 85 0.139159693083668 19
1.27962108120839 -0.854546949115043 "1" 85 0.139159693083668 19
-0.72396538519131 -0.441112300894004 "2" 85 0.139159693083668 19
-1.11091116772704 -2.10350074880621 "2" 85 0.139159693083668 19
0.0302393278674886 0.574927021005066 "1" 85 0.139159693083668 19
0.374597599452494 2.62884829104029 "3" 85 0.139159693083668 19
-0.886789019516689 -0.201527240962446 "3" 85 0.139159693083668 19
0.393167835072072 -0.0697226469680621 "1" 85 0.139159693083668 19
-0.0366801571814172 -1.60029694090341 "2" 85 0.139159693083668 19
0.0278266540420424 -1.34930321919675 "2" 85 0.139159693083668 19
0.303429388191875 -0.156482199005695 "1" 85 0.139159693083668 19
1.25204840059006 0.00401619692059691 "1" 85 0.139159693083668 19
-0.458580744068687 -1.10651383196943 "2" 85 0.139159693083668 19
0.106267214953693 -0.653634917841239 "2" 85 0.139159693083668 19
1.55883403334236 0.0914876204919651 "1" 85 0.139159693083668 19
-0.108467999376973 0.739404615250384 "3" 85 0.139159693083668 19
-0.199720051966839 -0.908725542461903 "2" 85 0.139159693083668 19
0.654153394529419 0.253879287985289 "1" 85 0.139159693083668 19
-0.111279255243215 0.446493847182149 "3" 85 0.139159693083668 19
-0.691120085069824 0.876382538735665 "3" 85 0.139159693083668 19
0.756638475242859 -0.155168387322715 "1" 85 0.139159693083668 19
-0.220688134414735 1.41807964094722 "3" 85 0.139159693083668 19
-0.656362368862325 0.909479642894043 "3" 85 0.139159693083668 19
-0.628870854349158 2.07475196207672 "3" 85 0.139159693083668 19
-0.00866609527151486 -0.042905077240726 "1" 85 0.139159693083668 19
-0.512353252818687 0.566602510527313 "3" 85 0.139159693083668 19
-0.121328951787763 -1.38408622192476 "2" 85 0.139159693083668 19
-0.258137290853895 0.14239155459264 "2" 85 0.139159693083668 19
0.852212516441508 0.255670126549333 "1" 85 0.139159693083668 19
-0.0658239283453914 0.871156537797268 "3" 85 0.139159693083668 19
0.513631646609554 -1.2999473998949 "2" 94 0.142000815462546 20
0.197342042221013 0.12032971375619 "1" 94 0.142000815462546 20
-0.398529664449813 1.20112979190026 "1" 94 0.142000815462546 20
-1.63628532781398 -0.473536724884208 "3" 94 0.142000815462546 20
-0.94457218736498 -1.02522454326491 "3" 94 0.142000815462546 20
0.896509739346574 -0.458583562226796 "2" 94 0.142000815462546 20
-0.663726612230073 -0.607053906820982 "3" 94 0.142000815462546 20
-0.624937046022041 -0.978286995080563 "3" 94 0.142000815462546 20
-0.348503194033237 0.0765531612573095 "3" 94 0.142000815462546 20
0.117775245211009 0.0209651350368116 "1" 94 0.142000815462546 20
-0.276961465055663 -0.373150656695806 "3" 94 0.142000815462546 20
1.2503073974711 0.755406944899759 "2" 94 0.142000815462546 20
1.35861436478412 -0.894605272259967 "2" 94 0.142000815462546 20
-0.962521455847111 0.309685857468788 "1" 94 0.142000815462546 20
-0.864870505610944 -0.791578800542706 "3" 94 0.142000815462546 20
-0.0135873475382658 -0.63509132447993 "3" 94 0.142000815462546 20
-0.906579477824555 1.0486638005279 "1" 94 0.142000815462546 20
-0.224950567092257 1.43736619640853 "1" 94 0.142000815462546 20
1.10311012589255 0.146164087561374 "2" 94 0.142000815462546 20
-0.865512135564641 0.940532617083582 "1" 94 0.142000815462546 20
0.842026751491368 -0.531005885576545 "2" 94 0.142000815462546 20
0.708281224420247 -0.0807343940824735 "2" 94 0.142000815462546 20
0.0864447217158471 0.0642825610167016 "1" 94 0.142000815462546 20
1.67512634533413 0.139445412484613 "2" 94 0.142000815462546 20
0.802172060227419 0.862584301909211 "2" 94 0.142000815462546 20
-0.0567851162492984 0.218100075882712 "3" 94 0.142000815462546 20
-0.969041825276511 -0.935192285175523 "3" 94 0.142000815462546 20
-0.597459267185589 0.236345529313516 "1" 94 0.142000815462546 20
0.628643040105348 0.277957970055246 "2" 94 0.142000815462546 20
0.174838490328689 1.22847859442279 "1" 94 0.142000815462546 20
