"x" "cl" "nbases" ".sample"
1.62454663188522 "2" 84 1
1.48409086182184 "2" 84 1
1.53931587613084 "2" 84 1
1.58251830232806 "2" 84 1
1.64231672236078 "2" 84 1
1.60453454820797 "2" 84 1
1.59402274590709 "2" 84 1
1.46363215210936 "2" 84 1
1.60675019503153 "2" 84 1
1.73398910404161 "2" 84 1
1.62757474674909 "2" 84 1
1.74434822055057 "2" 84 1
1.37568882669801 "2" 84 1
1.65973984977553 "2" 84 1
1.62314466932478 "2" 84 1
-1.43103854399079 "1" 84 1
-1.68933852470444 "1" 84 1
-1.61061642243219 "1" 84 1
-1.39596173362383 "1" 84 1
-1.6170683540697 "1" 84 1
-1.52230321548053 "1" 84 1
-1.59242397461983 "1" 84 1
-1.61102062047865 "1" 84 1
-1.68765559649076 "1" 84 1
-1.58166122329786 "1" 84 1
-1.65897548868989 "1" 84 1
-1.70498470338031 "1" 84 1
-1.60642529257398 "1" 84 1
-1.56707594559195 "1" 84 1
-1.62966381349756 "1" 84 1
1.53111559056705 "2" 94 2
1.47752292186135 "2" 94 2
1.53498607749801 "2" 94 2
1.41772668193268 "2" 94 2
1.54573772863579 "2" 94 2
1.46129660141142 "2" 94 2
1.60356603762866 "2" 94 2
1.53249205963543 "2" 94 2
1.52903163967065 "2" 94 2
1.51189223446893 "2" 94 2
1.49815091992138 "2" 94 2
1.55131482319851 "2" 94 2
1.49425193943708 "2" 94 2
1.65986271406504 "2" 94 2
1.49656492486992 "2" 94 2
-1.48599113177484 "1" 94 2
-1.34879143582033 "1" 94 2
-1.41008296191803 "1" 94 2
-1.56491875786619 "1" 94 2
-1.45953135533502 "1" 94 2
-1.50616754463963 "1" 94 2
-1.46854470590998 "1" 94 2
-1.65148726696886 "1" 94 2
-1.43863864828389 "1" 94 2
-1.66948439869298 "1" 94 2
-1.6767524066921 "1" 94 2
-1.66302281328042 "1" 94 2
-1.53637355927755 "1" 94 2
-1.50901170060152 "1" 94 2
-1.45671420774057 "1" 94 2
-1.13197267573086 "1" 106 3
-1.40105582605993 "1" 106 3
-1.36758240233418 "1" 106 3
-1.39130172437892 "1" 106 3
-1.28389164533367 "1" 106 3
-1.2332764587869 "1" 106 3
-1.35610927883722 "1" 106 3
-1.32980746631387 "1" 106 3
-1.30986146626309 "1" 106 3
-1.34718652901957 "1" 106 3
-1.28444562590231 "1" 106 3
-1.45774865174669 "1" 106 3
-1.29713420742261 "1" 106 3
-1.34603074295155 "1" 106 3
-1.35092057008599 "1" 106 3
1.39599070622349 "2" 106 3
1.36659229174885 "2" 106 3
1.35940841797246 "2" 106 3
1.45339014025627 "2" 106 3
1.25547879897861 "2" 106 3
1.15846252398834 "2" 106 3
1.49739944594458 "2" 106 3
1.35592679885179 "2" 106 3
1.11721082086926 "2" 106 3
1.28331317380524 "2" 106 3
1.33898176970498 "2" 106 3
1.33069233452431 "2" 106 3
1.47258577053938 "2" 106 3
1.24105457871638 "2" 106 3
1.26183769904341 "2" 106 3
1.65576979342693 "2" 105 4
1.48414606042476 "2" 105 4
1.71608611527777 "2" 105 4
1.66348142069227 "2" 105 4
1.61647836966011 "2" 105 4
1.51704608843618 "2" 105 4
1.51400499109059 "2" 105 4
1.56778589650079 "2" 105 4
1.56118331891972 "2" 105 4
1.71127057400852 "2" 105 4
1.30228064471784 "2" 105 4
1.35596192244521 "2" 105 4
1.51855485282762 "2" 105 4
1.39332088096366 "2" 105 4
1.47884288810884 "2" 105 4
-1.5660829638868 "1" 105 4
-1.55164460892689 "1" 105 4
-1.40703007159565 "1" 105 4
-1.41405996324135 "1" 105 4
-1.42071815266049 "1" 105 4
-1.5173326566705 "1" 105 4
-1.67907212554757 "1" 105 4
-1.59701239880877 "1" 105 4
-1.50683602076387 "1" 105 4
-1.58918626396815 "1" 105 4
-1.48794935622718 "1" 105 4
-1.50007339012991 "1" 105 4
-1.65274832183368 "1" 105 4
-1.53669413233779 "1" 105 4
-1.62977339090224 "1" 105 4
1.56181925558154 "2" 83 5
1.58414051377301 "2" 83 5
1.5278206906159 "2" 83 5
1.76208629812327 "2" 83 5
1.64702107645115 "2" 83 5
1.70573272427149 "2" 83 5
1.52356702884205 "2" 83 5
1.58187529593663 "2" 83 5
1.54379257333233 "2" 83 5
1.58558297632586 "2" 83 5
1.60984177189783 "2" 83 5
1.70802602325851 "2" 83 5
1.73632970729671 "2" 83 5
1.77936310721094 "2" 83 5
1.63121513979882 "2" 83 5
-1.45939521511584 "1" 83 5
-1.71521433269254 "1" 83 5
-1.4714429119206 "1" 83 5
-1.43666969898114 "1" 83 5
-1.7012664363847 "1" 83 5
-1.6869471489361 "1" 83 5
-1.55664730641175 "1" 83 5
-1.64855587607866 "1" 83 5
-1.6685198116113 "1" 83 5
-1.77906365869647 "1" 83 5
-1.75897770847986 "1" 83 5
-1.5131210374706 "1" 83 5
-1.62006541423109 "1" 83 5
-1.64321933160602 "1" 83 5
-1.82910829409934 "1" 83 5
-1.51319311963232 "1" 93 6
-1.7141813029948 "1" 93 6
-1.54798808681022 "1" 93 6
-1.72990565187943 "1" 93 6
-1.72682121650204 "1" 93 6
-1.70200413858875 "1" 93 6
-1.66607862312478 "1" 93 6
-1.50284305099977 "1" 93 6
-1.70092368486539 "1" 93 6
-1.6095658141145 "1" 93 6
-1.70163327185292 "1" 93 6
-1.57196627264916 "1" 93 6
-1.56198375744786 "1" 93 6
-1.60630794312751 "1" 93 6
-1.61781759924457 "1" 93 6
1.61703464455608 "2" 93 6
1.64740944369811 "2" 93 6
1.60035845750398 "2" 93 6
1.55990742395895 "2" 93 6
1.62823080436126 "2" 93 6
1.56340674820912 "2" 93 6
1.61473387976348 "2" 93 6
1.81532635529926 "2" 93 6
1.94956306949021 "2" 93 6
1.58849543861793 "2" 93 6
1.55741940943304 "2" 93 6
1.61892800364171 "2" 93 6
1.50497207600295 "2" 93 6
1.45171389906345 "2" 93 6
1.7557138802345 "2" 93 6
1.61537517405246 "2" 92 7
1.73566084989717 "2" 92 7
1.60423171731331 "2" 92 7
1.4734116623527 "2" 92 7
1.81011205101921 "2" 92 7
1.67817320240432 "2" 92 7
1.5964349294787 "2" 92 7
1.67567265248461 "2" 92 7
1.63190502870305 "2" 92 7
1.72109002514132 "2" 92 7
1.68412112599209 "2" 92 7
1.54097596360097 "2" 92 7
1.75172849941275 "2" 92 7
1.66223470494919 "2" 92 7
1.61533189391678 "2" 92 7
-1.7385867757114 "1" 92 7
-1.53618610540922 "1" 92 7
-1.81406126084969 "1" 92 7
-1.64761895544659 "1" 92 7
-1.63783797027439 "1" 92 7
-1.37074139219619 "1" 92 7
-1.64228845752915 "1" 92 7
-1.79910220613394 "1" 92 7
-1.73347411053942 "1" 92 7
-1.71870107911403 "1" 92 7
-1.57096213586744 "1" 92 7
-1.64730586116316 "1" 92 7
-1.63105932003493 "1" 92 7
-1.61344756207655 "1" 92 7
-1.69508628837254 "1" 92 7
1.74507607262852 "2" 70 8
1.52809164674729 "2" 70 8
1.76459570085322 "2" 70 8
1.86856542215042 "2" 70 8
1.56095474134541 "2" 70 8
1.73349130397576 "2" 70 8
1.61443987257288 "2" 70 8
1.61827694352911 "2" 70 8
1.68379551231954 "2" 70 8
1.6745449598478 "2" 70 8
1.53405167175968 "2" 70 8
1.65771596743863 "2" 70 8
1.54742381699157 "2" 70 8
1.70946235962453 "2" 70 8
1.5523117323175 "2" 70 8
-1.75219415896539 "1" 70 8
-1.55580126244332 "1" 70 8
-1.48424994288444 "1" 70 8
-1.62998700988811 "1" 70 8
-1.77564298958689 "1" 70 8
-1.53512990247489 "1" 70 8
-1.65436714512247 "1" 70 8
-1.79354118747168 "1" 70 8
-1.82748417082728 "1" 70 8
-1.70534938751885 "1" 70 8
-1.64417102014539 "1" 70 8
-1.6194748454359 "1" 70 8
-1.6707372184852 "1" 70 8
-1.56371459866288 "1" 70 8
-1.58095288418916 "1" 70 8
-1.45665322883624 "1" 104 9
-1.39970458166461 "1" 104 9
-1.52976068518821 "1" 104 9
-1.34089182618451 "1" 104 9
-1.59603498250145 "1" 104 9
-1.57256460213028 "1" 104 9
-1.29504219810339 "1" 104 9
-1.3327620106246 "1" 104 9
-1.37833576905741 "1" 104 9
-1.41226368094193 "1" 104 9
-1.61855869371377 "1" 104 9
-1.30423310331652 "1" 104 9
-1.31641412420977 "1" 104 9
-1.35579504953887 "1" 104 9
-1.45673458671569 "1" 104 9
1.46056337358453 "2" 104 9
1.36461604294808 "2" 104 9
1.41643685321077 "2" 104 9
1.31796509958007 "2" 104 9
1.25555448300543 "2" 104 9
1.51823449179438 "2" 104 9
1.35051535403745 "2" 104 9
1.49937019473151 "2" 104 9
1.58976299314898 "2" 104 9
1.32581015102492 "2" 104 9
1.37077304519245 "2" 104 9
1.37649100712917 "2" 104 9
1.50713460552552 "2" 104 9
1.42779455042272 "2" 104 9
1.58472687739123 "2" 104 9
-1.86173728171131 "1" 90 10
-1.73278045616587 "1" 90 10
-1.60102041510449 "1" 90 10
-1.76215619931559 "1" 90 10
-1.59601443081422 "1" 90 10
-1.73951315365841 "1" 90 10
-1.91691685272578 "1" 90 10
-1.7059070674499 "1" 90 10
-1.77745897287302 "1" 90 10
-1.7787753329051 "1" 90 10
-1.56277486840859 "1" 90 10
-1.84631530319655 "1" 90 10
-1.55044279125067 "1" 90 10
-1.87364236890354 "1" 90 10
-1.56009316027337 "1" 90 10
1.79680472364785 "2" 90 10
1.71938640424765 "2" 90 10
1.6469366703808 "2" 90 10
1.59283629901264 "2" 90 10
1.68880381814405 "2" 90 10
1.76010110606082 "2" 90 10
1.67261864062043 "2" 90 10
1.62765044135708 "2" 90 10
1.73948950354757 "2" 90 10
1.6789135734624 "2" 90 10
1.80863909586021 "2" 90 10
1.77222952502451 "2" 90 10
1.76227357188122 "2" 90 10
1.88413713166904 "2" 90 10
1.71472814984014 "2" 90 10
1.56073661474545 "2" 95 11
1.43552522223959 "2" 95 11
1.52432210626833 "2" 95 11
1.67441755542996 "2" 95 11
1.52519524466158 "2" 95 11
1.53322563011985 "2" 95 11
1.56919255184225 "2" 95 11
1.4971693116678 "2" 95 11
1.62496033121816 "2" 95 11
1.41620410847693 "2" 95 11
1.45005965478746 "2" 95 11
1.55615296980285 "2" 95 11
1.6943146892864 "2" 95 11
1.68147935109388 "2" 95 11
1.52297428591391 "2" 95 11
-1.70502762564865 "1" 95 11
-1.46059322617917 "1" 95 11
-1.49742193280573 "1" 95 11
-1.28079731101251 "1" 95 11
-1.61136410976838 "1" 95 11
-1.45317092332286 "1" 95 11
-1.68121385052773 "1" 95 11
-1.66691912410518 "1" 95 11
-1.60735134658123 "1" 95 11
-1.67547226418837 "1" 95 11
-1.55273556472044 "1" 95 11
-1.40853839180981 "1" 95 11
-1.53177927736579 "1" 95 11
-1.61400298485721 "1" 95 11
-1.51954169466132 "1" 95 11
-1.42291727768409 "1" 89 12
-1.55366937856271 "1" 89 12
-1.4590867287417 "1" 89 12
-1.64872608720138 "1" 89 12
-1.70185254941371 "1" 89 12
-1.62877865475787 "1" 89 12
-1.61323972866524 "1" 89 12
-1.6726769461585 "1" 89 12
-1.64687032351111 "1" 89 12
-1.53252627064398 "1" 89 12
-1.46602605131297 "1" 89 12
-1.57348200794551 "1" 89 12
-1.53647798644214 "1" 89 12
-1.55369409201787 "1" 89 12
-1.57596033224572 "1" 89 12
1.69346211231853 "2" 89 12
1.68086272490175 "2" 89 12
1.43696377896641 "2" 89 12
1.68385617321377 "2" 89 12
1.6869452240473 "2" 89 12
1.4525515002755 "2" 89 12
1.45016752615089 "2" 89 12
1.57238795778056 "2" 89 12
1.40581303251008 "2" 89 12
1.51539261639469 "2" 89 12
1.43933588190303 "2" 89 12
1.62051840329097 "2" 89 12
1.81461603047709 "2" 89 12
1.60807453391343 "2" 89 12
1.52503691916052 "2" 89 12
-1.52086080263223 "1" 98 13
-1.62325870926194 "1" 98 13
-1.48063860024484 "1" 98 13
-1.48183429616887 "1" 98 13
-1.34911738125495 "1" 98 13
-1.31488603192829 "1" 98 13
-1.33509896231178 "1" 98 13
-1.46932306796353 "1" 98 13
-1.5130736218787 "1" 98 13
-1.55323749685406 "1" 98 13
-1.41686367246114 "1" 98 13
-1.40442272048954 "1" 98 13
-1.68080324895522 "1" 98 13
-1.4447537032008 "1" 98 13
-1.71833100966873 "1" 98 13
1.60277789768696 "2" 98 13
1.34931011378102 "2" 98 13
1.60888708639859 "2" 98 13
1.39863995382266 "2" 98 13
1.67937791332025 "2" 98 13
1.5836630452466 "2" 98 13
1.67091662821402 "2" 98 13
1.4049763096893 "2" 98 13
1.46187232802546 "2" 98 13
1.4527232619319 "2" 98 13
1.48182735692634 "2" 98 13
1.40635426247992 "2" 98 13
1.57771745524105 "2" 98 13
1.21814507290991 "2" 98 13
1.40931463960065 "2" 98 13
-1.30403555445145 "1" 92 14
-1.22958005382053 "1" 92 14
-1.30506385549645 "1" 92 14
-1.0620281420647 "1" 92 14
-1.3924590812134 "1" 92 14
-1.50524307133048 "1" 92 14
-1.37842421556922 "1" 92 14
-1.39978176691912 "1" 92 14
-1.40200145487507 "1" 92 14
-1.21346504819522 "1" 92 14
-1.53333801525275 "1" 92 14
-1.41539232771033 "1" 92 14
-1.38471304911205 "1" 92 14
-1.53493545088745 "1" 92 14
-1.43403189201817 "1" 92 14
1.39866180559598 "2" 92 14
1.17399593806948 "2" 92 14
1.38020218395673 "2" 92 14
1.50181515559634 "2" 92 14
1.33823366943446 "2" 92 14
1.64745539377424 "2" 92 14
1.28201060249858 "2" 92 14
1.34614767679421 "2" 92 14
1.27704608220134 "2" 92 14
1.20816725154548 "2" 92 14
1.33463696374779 "2" 92 14
1.38016087759648 "2" 92 14
1.41558706766795 "2" 92 14
1.48229922929874 "2" 92 14
1.32807308113858 "2" 92 14
-1.35978795251028 "1" 88 15
-1.50757035368959 "1" 88 15
-1.22614759305596 "1" 88 15
-1.2859323326712 "1" 88 15
-1.57501842798652 "1" 88 15
-1.30426959855435 "1" 88 15
-1.5863228470418 "1" 88 15
-1.38890798223606 "1" 88 15
-1.43835677223779 "1" 88 15
-1.46816655308245 "1" 88 15
-1.5627515055791 "1" 88 15
-1.59451027348038 "1" 88 15
-1.62216603002928 "1" 88 15
-1.39663632554372 "1" 88 15
-1.29538546186953 "1" 88 15
1.35916886450516 "2" 88 15
1.25598344657665 "2" 88 15
1.51096158762348 "2" 88 15
1.28765573227823 "2" 88 15
1.56992438243745 "2" 88 15
1.47661382734833 "2" 88 15
1.45712798456032 "2" 88 15
1.52097738797658 "2" 88 15
1.55480010539233 "2" 88 15
1.42430086520755 "2" 88 15
1.39788536731969 "2" 88 15
1.41929942660284 "2" 88 15
1.43663107424532 "2" 88 15
1.4803131872501 "2" 88 15
1.46028677024398 "2" 88 15
-1.37956790840927 "1" 104 16
-1.37425358370427 "1" 104 16
-1.45995168527117 "1" 104 16
-1.2866614005289 "1" 104 16
-1.33271240746914 "1" 104 16
-1.44722525725821 "1" 104 16
-1.45746168342277 "1" 104 16
-1.68673042880154 "1" 104 16
-1.39764051986576 "1" 104 16
-1.43408628571719 "1" 104 16
-1.51797830452982 "1" 104 16
-1.48419270194313 "1" 104 16
-1.40764573398857 "1" 104 16
-1.41511868836564 "1" 104 16
-1.51183808293801 "1" 104 16
1.5515794885793 "2" 104 16
1.46695766472693 "2" 104 16
1.36747696638038 "2" 104 16
1.11181113688136 "2" 104 16
1.49017631980296 "2" 104 16
1.39631856668791 "2" 104 16
1.66176837574854 "2" 104 16
1.33449447189682 "2" 104 16
1.59634931528469 "2" 104 16
1.45048809521063 "2" 104 16
1.52273660157915 "2" 104 16
1.41098132075874 "2" 104 16
1.4549633350663 "2" 104 16
1.27358781692325 "2" 104 16
1.50337519668642 "2" 104 16
1.59209602797039 "2" 83 17
1.47023335059054 "2" 83 17
1.47637854741528 "2" 83 17
1.50421647003035 "2" 83 17
1.48553836623886 "2" 83 17
1.55362965208454 "2" 83 17
1.81640537804905 "2" 83 17
1.67942125283145 "2" 83 17
1.39646882348394 "2" 83 17
1.71181781860696 "2" 83 17
1.41438496420533 "2" 83 17
1.57356582879711 "2" 83 17
1.58656196735471 "2" 83 17
1.69346899873549 "2" 83 17
1.46847158449811 "2" 83 17
-1.53082852212196 "1" 83 17
-1.47136127055113 "1" 83 17
-1.5394321791975 "1" 83 17
-1.49203319104546 "1" 83 17
-1.64723321475267 "1" 83 17
-1.48835721460845 "1" 83 17
-1.45847160150273 "1" 83 17
-1.43429350621323 "1" 83 17
-1.43640265220477 "1" 83 17
-1.57475823707194 "1" 83 17
-1.66669328689582 "1" 83 17
-1.64066002109482 "1" 83 17
-1.66888091882994 "1" 83 17
-1.7495151853273 "1" 83 17
-1.62373802947441 "1" 83 17
1.38701674187883 "2" 92 18
1.45201686718251 "2" 92 18
1.3361352622361 "2" 92 18
1.2346957583482 "2" 92 18
1.32900556563872 "2" 92 18
1.68792729697964 "2" 92 18
1.25420679518012 "2" 92 18
1.60293301140192 "2" 92 18
1.42855730031171 "2" 92 18
1.31394008357504 "2" 92 18
1.37775375455464 "2" 92 18
1.24736352006068 "2" 92 18
1.68566588231051 "2" 92 18
1.48256637451879 "2" 92 18
1.3920016638339 "2" 92 18
-1.36060494685187 "1" 92 18
-1.35524746735807 "1" 92 18
-1.48626152458495 "1" 92 18
-1.25885932778331 "1" 92 18
-1.55265033522299 "1" 92 18
-1.40617768370032 "1" 92 18
-1.50724034714201 "1" 92 18
-1.35151006346746 "1" 92 18
-1.35835825879234 "1" 92 18
-1.58295567304202 "1" 92 18
-1.39721497302177 "1" 92 18
-1.5566869937061 "1" 92 18
-1.29711510863868 "1" 92 18
-1.33932284966142 "1" 92 18
-1.40158032503802 "1" 92 18
1.47552645069096 "2" 82 19
1.76011335284991 "2" 82 19
1.54536344376264 "2" 82 19
1.69811371616756 "2" 82 19
1.55223687150457 "2" 82 19
1.48380780529841 "2" 82 19
1.52919649414235 "2" 82 19
1.53131429027654 "2" 82 19
1.63777461853723 "2" 82 19
1.51449622898083 "2" 82 19
1.49396664304065 "2" 82 19
1.60430541103447 "2" 82 19
1.76425144784303 "2" 82 19
1.63716990418521 "2" 82 19
1.58823972940672 "2" 82 19
-1.576221125107 "1" 82 19
-1.49643870118541 "1" 82 19
-1.34164536214897 "1" 82 19
-1.67024790071259 "1" 82 19
-1.61058496279896 "1" 82 19
-1.63263680022292 "1" 82 19
-1.60314064181942 "1" 82 19
-1.66972426246702 "1" 82 19
-1.71775827917068 "1" 82 19
-1.69857325777313 "1" 82 19
-1.52756092004601 "1" 82 19
-1.61131922843936 "1" 82 19
-1.51888472647154 "1" 82 19
-1.64119455715306 "1" 82 19
-1.49994568220501 "1" 82 19
1.63252865629302 "2" 94 20
1.51967240812822 "2" 94 20
1.4893768333092 "2" 94 20
1.5907279610246 "2" 94 20
1.42174042100839 "2" 94 20
1.6188463331828 "2" 94 20
1.55622792659978 "2" 94 20
1.50290009727476 "2" 94 20
1.61535103664793 "2" 94 20
1.50411365245979 "2" 94 20
1.51168637999236 "2" 94 20
1.58765965544952 "2" 94 20
1.55935837249469 "2" 94 20
1.37320581922847 "2" 94 20
1.45097151928142 "2" 94 20
-1.55009610816107 "1" 94 20
-1.46929831025797 "1" 94 20
-1.54741539308161 "1" 94 20
-1.40343387336948 "1" 94 20
-1.48186730292285 "1" 94 20
-1.68819012460182 "1" 94 20
-1.3249521831458 "1" 94 20
-1.43283288394077 "1" 94 20
-1.61305903319197 "1" 94 20
-1.54338922482286 "1" 94 20
-1.64101424891548 "1" 94 20
-1.62565758934823 "1" 94 20
-1.54356657480745 "1" 94 20
-1.5830070371558 "1" 94 20
-1.48658718465179 "1" 94 20
