"X" "1" "2" "3" "4" "5" "6" "7" "8" "9" "10" "11" "12" "13" "14" "15" "16" "17" "18" "19" "20"
-0.4449882047534 -3.65731774513852 8.44448283253502 -6.16833472872053 12.2228457411784 -8.06048454185189 6.00559383568217 -7.18770186505525 5.48971928131957 15.7613695640523 2.90588834562230 17.6753471407310 -25.6311598145570 -2.51105950774307 2.69491485397789 15.374748186798 -2.64255485501068 3.16564286696834 -1.38360908727225 -4.53613799551009 -18.9161965632279
0.386415940320485 22.7138741612993 2.84677472873348 11.3933444750879 24.6752026944801 0.211270769800682 16.4902669358 -4.22213572268094 -3.68316669209386 -2.82652369481335 29.3288169030661 -11.3892722494938 4.84052028832126 17.5853793700069 -11.1904148629068 2.49494763691496 25.0282650624557 9.83245162228505 5.94790249689762 -6.42431218710018 -6.76233126419838
-2.08414104812651 -18.2083068287795 -16.4567707396128 -12.9560599206473 -11.9790010215508 0.264943343136336 -6.34909059321067 8.10369982316952 12.7001051789924 2.35777657220074 49.972216478556 13.5243623743153 -14.2582729946109 1.38453207687830 6.66025094116804 29.3648413927780 -20.9787897293551 -9.17114869705463 0.476178476642617 8.56226825865475 -33.8320034586002
-1.61354498889191 -7.61274926261539 22.4226258139018 14.1631057988146 19.7510135057682 16.9456856401514 12.1683561480475 3.44421826921165 2.88043849322119 20.8003751224638 6.59376449612109 -17.2284679522632 -4.59485267710022 12.7270231221306 19.1686867945580 16.2493998721220 6.57274000171435 -1.60454549705329 -7.37022269886367 45.394224781948 14.9519106329373
1.00361047045881 -8.28261444674891 -13.7064834117239 11.646844762344 7.43896179912097 -12.1358823756821 -18.7077428082101 -16.66213166896 28.5274524510500 5.8862096941561 19.9754149732745 -7.05658442765758 4.14355461293712 -23.1557669078522 3.39047120697548 18.8287293031722 5.68442004339354 -23.9453334619381 13.9448660352285 18.7574440648868 -8.91419759280381
0.960242328023518 19.9645142047975 -9.17015748265656 -23.3496016809879 27.493958312081 7.2646353894176 15.7692355444779 16.2192288796323 6.77609708120754 21.3882000714011 20.4889708810482 -7.80179669005635 13.2287021258346 7.26625614698897 6.0570166967697 8.37717603024802 19.3760369228 -1.43901223227347 22.7638752568309 -1.10728227313628 34.5264268573348
-0.745499728030379 21.4910209340463 14.7350700230482 12.9176834873631 34.975048831243 -21.1181833423916 3.6589908997215 6.40366807127778 -4.90445861760822 19.1216387789753 29.1943135866245 4.64321228346179 5.65853832778081 4.99437570267057 -9.3790596445099 22.5926103614244 -14.9956005382362 28.0077544389646 13.3607366355292 4.73954323992865 20.2318629643885
1.91797646132023 -5.57434306530973 14.0231673273557 8.74211031643867 33.2789382332907 -2.12648974340608 4.83653958561616 -6.13514682536583 0.0242090770769318 -9.89347010678398 24.4286345556522 4.91944232414963 9.3215078019887 16.5363777209252 -9.2906761513639 4.4133884569867 24.9983107147204 8.7849182440174 10.8278022463221 -6.61743965922998 11.1664150200034
0.352148904939953 7.67882211326241 29.4636401642824 18.3077926308462 29.8645608370861 42.519487040803 10.3269692562594 -20.6363361680277 -12.6381667202381 27.9924435241475 5.05766092598581 24.5932881425406 14.9324160850853 14.7291565676084 -20.2331533344849 35.459142212366 23.5362182940797 4.33482551949594 -16.1036549946774 -1.70441861917193 -3.2592840275042
-1.31490671740843 -2.64955994213229 -9.1235723443925 15.5582370967020 18.7846274032211 -12.6982807037686 -19.3899551989284 -1.72823290721862 9.88673263410233 50.4597531556260 -22.5547040195202 24.6998105008078 20.1323123641878 9.65424611733027 36.3308950715985 19.635720877796 21.9547900170066 7.70888033810758 1.92740433311667 20.4963801679087 -0.524210102476255
-0.526895919372537 31.5187926019080 45.9718397843496 -5.67355435653877 7.59736699900203 7.2446918175021 -13.2339620928632 1.82742586119664 7.22957755287273 1.12835711917902 12.6919864938611 2.66819217862898 11.7824570788347 -8.95312409363885 -20.8897252738520 3.75974068833119 6.56923290923291 19.1095790612143 2.34586458962799 11.5517895394995 -2.60400117756287
0.585579615597443 -6.75739688841228 3.17208618513896 9.83502088798757 6.88593153656898 2.28309979433571 6.8752219326315 -9.52743060434787 -4.40041038502509 -17.2715129824137 8.92328410472889 -20.7681892596093 9.30075946227645 23.5460605021917 21.0275423797653 5.17594826541025 18.6370091701029 32.6980875424844 9.90047355261226 -4.2803118662185 3.77236018401361
1.15739416520475 43.747707574182 9.87483810703498 -6.88833288702897 -10.0976461357478 9.3226001346371 2.81728190905571 -10.7357421942917 -7.86653204491445 0.432583883687789 21.4385621969115 3.17859876769431 -10.0722862955594 10.6756446240624 10.0092945865045 24.2428934751746 -5.81759509084423 21.1498902524882 41.0099630712969 -11.6288372158906 30.7773707957942
-0.820267517120098 5.85023924885415 43.5252136525962 -4.64239963654499 -9.37125772807361 39.2740079955587 -12.4502819728399 9.26472775129522 9.2799039661444 18.4072501958528 27.3154746148357 5.48822708948914 35.9078344912997 -10.9462654523589 0.580010047808588 6.8481966669952 6.27621876415234 21.6551721331043 32.8456576906749 2.65538076180665 0.969154873042217
-0.0218876389113601 15.1690999914564 -1.98841177465133 -26.2571722495386 -32.3724779484098 10.8032019387455 10.3340715354397 -3.39992153442845 2.23413688571499 10.7670616357901 27.7448085941412 6.58285975199255 21.6475568154424 7.74968979187937 2.29145159641527 0.540918272616229 11.8469255107758 26.887622468156 8.18254212687159 2.21357323476472 -10.2567743589919
0.273570594177009 6.26611211960159 -4.97806561929129 8.5609861393943 -10.8514230264026 -10.3389277918205 16.2651396581631 -10.3230979573114 21.8836959399927 38.7924088916692 29.0084918550060 -12.2942969336634 0.317735801476027 -4.36324554008038 29.5475291968486 -14.513002121514 -26.6120570310421 0.739926285868173 13.8508177706023 -2.75714435702745 -2.13412699885162
0.161806665786798 5.54906934555882 34.0475981322604 -12.1578423920546 2.22745146641058 -4.72571262275453 -25.3973422439923 27.0968486089153 2.15388545901834 -2.11596344202338 34.6117739867059 12.5348358024266 17.3621904747421 24.0216053697825 26.5764407766664 6.02233325607687 44.096520478129 13.8353143011220 24.8415515148281 -0.511150947785237 -30.5399832867452
0.544138484080667 32.6667507635803 20.0773845874037 -19.0391159632719 -3.83496433898548 23.3021416375607 40.3556064062071 3.71213610062245 28.5230575688935 4.8448169914512 -10.5759641389137 9.75018506581961 -1.17405271342664 7.70097264288058 35.4883849144695 4.3300017377016 10.5532422643250 -19.6696132820003 11.8310372860762 22.6850785144687 1.95566827839937
0.987319692312166 17.8503455563361 -17.2039826281615 -9.01569682521208 31.7640852651002 6.7031373829448 8.20118158159048 11.3172786132801 -19.8015306480423 44.3178955827204 25.3229575608900 37.1976073158077 -20.8185935856171 29.6271543357959 -2.62644226496353 4.64314598947992 12.7324879422459 24.9731576450243 -6.06919080434082 -14.4939581205878 -10.5820591594398
0.908401784512838 11.1819342501529 9.7131691451915 -3.35387095386107 10.6823127169133 7.69335396873024 18.0776509090739 -14.8685196060437 15.0925542534892 -5.83210812486803 29.7769913686913 -1.80842339799108 11.2687246763270 14.4677802257942 -30.4912147337133 28.059004552504 1.76336233920690 23.8203867288162 39.1903823875135 7.1661710739508 -5.47587011675668
-0.958328808505945 8.05205508483894 1.98537632937676 4.00391129400295 -3.06129909033563 -4.58785779924461 6.91892147730279 11.7485772868482 17.6253491921056 3.19520018024679 -2.47806717072434 -8.24780828334324 2.6367272890319 0.379389208450657 6.36214969381631 9.93254947021687 -2.54063407639282 21.7852125406270 31.5471454916924 22.3930139370091 7.12423231532822
0.580555884933545 39.1135117540416 21.7641591017938 0.251979039594937 32.3739669177654 9.14642333704277 -15.3248652701203 22.1351611080879 30.3741982790840 -21.6464486422079 -3.98504397111866 11.5058928679570 9.64044061787365 15.4770215670344 36.2809387164959 -4.89938703649175 6.44499888711245 -13.1135679868513 33.1254848249372 3.31681495793650 -10.5480486093241
-0.0839784164157153 -14.447367715165 20.5551388381874 1.18126828213616 15.7048545453435 20.3661616903391 1.66150684784462 18.3334990307265 -2.37860372214629 18.2850375140315 -9.38043255600598 -0.172636238932241 27.4601104238987 11.0929449684275 8.02853039145293 -19.2926148385265 15.9067695226662 -11.9276732405300 9.7068517297606 -25.4061168565012 -12.7657051224260
-0.247984735682423 16.8108251182815 19.1595596616785 -13.6974788555607 35.6890631713675 8.98475070787089 6.2176720754516 28.4620338762388 14.3387330439848 7.96558029901297 35.3243261994703 -5.86196383699396 22.7525682808684 3.58203078077112 -3.47873122110177 -18.4336795381194 33.8947045170260 11.1006619235198 -1.33852309188522 -10.2491719610903 3.84099378477166
-0.593255196764499 12.5766486478073 -14.1315074887200 13.0814676296287 7.84981373308067 9.4401347812894 9.97501830415738 -12.3645607320397 0.257486410707855 5.23705036367263 -11.8247479420692 15.3035374189403 -8.38066470983947 -12.8871756973314 4.65823821170734 21.1859407972922 23.7178334621094 16.2316051705552 58.4691334561916 10.7541353785262 37.4794264934998
-1.22291583519959 -0.284877259789404 14.4358008391834 -13.0774934782034 21.3477666725456 9.33043601895686 15.6502050865414 11.4226015427412 13.7434779998877 11.2873023610069 23.8506967562253 4.05138592692634 12.5040258347527 13.7523975470243 7.57925146233197 43.9803842448824 20.2730251017587 0.91586217317809 25.7145744860571 -6.48996186423425 36.461059049386
1.68580078398446 3.97341897301588 4.13284057310603 19.7700887551005 26.2916827895970 13.0856942261785 -13.6036751767376 -14.5711405953050 29.2639874276142 -0.376985863671901 -38.7284591242814 -1.92836919862950 8.25480257590058 17.5230406705637 6.04539504641076 1.07477674165136 -15.2238867038030 -6.3178224759451 6.11476242704314 -3.04121252281827 -1.71200790225575
-1.00095765534503 -18.2442679588234 -13.9663688138078 16.4096967114865 41.6195054877617 -19.4976300345437 33.6271567807549 31.7336794029628 45.7759369928608 -3.57267094179154 1.10208713540332 2.33137727327753 26.4749065262070 37.8170716472891 -14.2818678704986 28.5956569855010 -16.9409866860638 12.8286192530284 20.3307970991963 1.47586588696312 17.6911225931239
-0.756261518252538 11.0497669560790 14.2667072593706 -7.26089582146226 4.25065834593094 20.9116898664562 24.3801121774540 23.6199369939894 41.8748292113318 12.3080624539778 26.0532288269996 -3.89597246759255 -13.8029695190371 10.1823611723738 21.7724385092283 5.50242836757888 2.08765116342366 34.0286574272624 -10.1199803771560 9.20992635606127 23.8181906424708
0.62596008214643 -16.4445191823087 32.8362602487946 -7.43069917626412 -11.9028916319864 16.1395600185243 -4.6331092756608 -11.6349027003665 12.0204830347610 9.49356593612755 -14.5777147981373 14.9848370930132 7.00304056176623 5.29965069606661 18.2866938175366 18.4085356393991 17.771300577566 -16.4816557602971 17.3960261790535 -17.0745192854861 8.19667384456887
-2.58988579164473 27.3941362502880 13.6919697560247 19.6454617851452 33.223491129961 2.24347454979330 9.68520068220315 15.4686533575174 2.39538471864685 20.7097900436519 19.5598454821282 3.00671949658986 5.05402593871779 11.6596572782127 34.4966329402204 0.563584756743054 34.7448872947398 17.8938208808177 4.12588325786636 20.6456226625213 37.2940680198148
-0.335013321524034 29.8764391415982 9.42127065801042 -15.5904076579488 10.7652271548914 22.1364821995245 0.486499467669322 -22.1465614709632 9.97692904555353 37.1560690216934 12.6882274924434 8.41247642312549 14.2395684013354 9.49931370743488 35.3296212199689 -28.7242474852427 9.25150022009274 42.4827235605307 29.7811358761958 11.9978010005738 9.07978121336935
0.356698469274464 22.1622887643012 15.1483951221497 7.22300627986183 -21.1829026947622 28.8335321873109 39.780723216716 12.1428815675537 -6.8676338727904 36.1370293933782 -22.3109835081063 -12.4451334411011 31.8826561225608 5.69051670476719 -1.77875302713521 4.57568146934863 -9.24487751092214 10.0627730476670 14.9416761507457 -3.2154258233458 10.1644783093451
-0.888099561787633 1.71742659829779 1.37069270731467 43.3444153752058 0.0652055916290098 -14.0714548715354 -7.63690656850841 -9.74991863874343 -8.20291086403169 15.3132514666841 -11.9447636309217 -17.0620018959076 31.2611981994472 3.88374627033868 11.4693508642717 5.71364751449788 -2.68264515248071 7.17148196239863 20.7456233228791 25.6825910255837 -15.7726264398058
1.04660678854123 -2.16753853124079 -29.9542737259620 -19.4631555392625 -0.0971742408424368 13.8619123641773 11.7321887977341 11.2948698523058 -0.883617489250426 23.327812512914 38.2046944849760 19.8243089210267 -13.4928637622874 7.56339533552667 27.4291449563255 5.635027678385 32.2390415682899 22.6735377717093 -36.6160779145998 -16.3749923130245 20.0170161158197
-0.656595856226528 -4.20394824542116 -8.7263212740334 -9.5068432770892 21.5297907019301 -5.78843274992649 6.30463352685145 7.29864131091147 21.2272820069249 24.4495695765991 13.1967225183092 10.3852336983264 14.8780244392548 -11.049955174153 9.1569486907748 9.94892845407043 7.90859544706293 13.3705483130831 -5.0758452204944 2.72666019822185 16.3096153854947
-0.213318079969103 1.23649837839776 13.6983010607814 -11.0277255296486 12.9602478559471 -12.9758613873470 7.81857383499264 -3.64760054664939 29.4810207729635 -13.4787818402613 -8.06920032155913 0.477189129662896 27.7113359587453 3.62503100011344 8.54596466496407 0.453747238452807 3.35728473629807 12.1327049400357 21.8197222830718 -0.87837598159108 -19.1924406161307
0.230481757113338 22.4369054150481 -16.7683856432582 -1.38961443403792 -1.14308115131627 14.451508548873 21.6852255252354 20.3423165382504 16.1849566703185 18.8225820802132 -2.04852583431910 23.830149564412 -3.02170092164811 19.8629495308367 -0.91031379576624 -1.54489472713637 -1.97322859587203 27.1227356128739 -10.0741892484761 27.2561767786194 4.32400395457509
-0.480849775995596 -13.3534254478593 17.6044857165966 17.4491509089951 16.1554834091844 -3.68395755774253 0.0483463797029552 1.50471551648109 1.76948592144897 -5.70483269855177 0.499898909100403 34.3635462094796 36.1971902862804 3.29589224542735 5.99541662905574 5.06330412158598 11.9075935089232 18.8345630012858 13.9119248050094 19.5310413510929 2.07343754309389
0.433825487956123 -12.2175324674251 3.30931111460836 11.0969538695879 7.14770137409789 1.79248280189130 -11.3797159089809 -6.71672228813318 -11.9744435970883 -5.79376643717575 19.1776058234599 17.4809960706576 -10.2338205661387 9.04906461503407 -6.40053348601499 -2.73777264719148 -4.58604780821154 21.491380617511 20.9397346153433 31.7964813666081 26.0462113229055
0.407451137773459 20.2625784652755 12.7292308409843 -9.54610357510659 -6.96879994208757 0.908148698366804 30.5614694939199 5.50543787982086 7.12590748503018 16.0245348248796 19.6212479732854 22.4432410920742 6.3392145459316 16.7392434504188 26.6826118613376 16.061961506274 10.4465706299448 12.2849494965546 -6.40512950663555 -17.2461606504235 9.41277029109648
-0.626474416388065 18.3036340993828 5.66152805599049 12.1267103765139 28.773616643872 -18.1408924210033 0.34286014588361 -6.20428796741362 41.610933707697 10.5221442060471 9.99573241170305 20.5199339689339 9.18288107150125 4.36338234266758 11.5185765230451 22.1329880531906 -8.17015669811686 -22.4748075389807 24.3869798746739 21.8507343319351 31.2307337649862
-0.256640246836235 20.6902961691469 -21.2494994171841 -20.0284551918509 24.8678907165556 -7.34846925527816 19.2094333695924 -12.5249733115638 24.2558371745468 4.68555044598147 30.8624984400535 -15.1937380455365 3.07277716504799 6.62077636554998 3.57224691625878 14.967314950487 5.09860586903309 21.4813144905393 -21.5296700631072 10.2935387036018 13.4581274447646
-0.0986585373929904 1.99449254040441 8.51832363087663 -0.497670952801413 5.00787543084713 6.68627265783775 17.1421779598944 3.50244604510554 -0.00327184005390577 7.96130263533505 -10.7949836265674 5.41212714543498 -2.89468837688717 5.80917026987904 -31.6477511935088 -7.29992656732772 3.0767876726437 4.95040020718914 -21.4920023227552 5.38216266765949 44.2743302271513
-1.91929007725544 8.74583998523588 -14.4764542414522 -0.137809481214489 -13.4013113820325 6.98751635471985 22.2386287235427 -18.2196660101351 -8.38964510749531 22.8805635439119 -5.17777199144379 33.9858184890632 26.6951261257538 18.0861171560615 -26.7003930515041 19.1879528185803 -2.64071763649042 -6.4185047124762 0.991842663636934 2.72733530600700 5.21319560763717
0.472758226516899 20.0617644259914 8.82645910251217 -7.37158469798707 19.1868304717823 31.2113054608275 23.9252610882528 -0.509858183873892 10.8327763221126 4.37569964057305 -4.32750518425616 2.99066291307737 13.8211885547044 11.7801010550731 3.12901994924545 -8.25522308056283 35.3413803838817 11.6802887170814 14.3406204692081 24.0174165741074 11.8878121978912
-0.351860757810964 11.2018983832107 -19.1166127689279 0.156962917261977 23.8919959838881 6.18451289699761 8.30318750937936 -37.2602694925887 5.75000350292069 -11.0765017117343 7.73824529202435 12.7353118892725 -0.324118895842098 13.8659229757669 2.75288567768369 23.5358109426800 5.87068804276656 20.2361131636919 -19.2335868223529 9.91867353755733 13.2538334281068
1.6377620424169 35.0727451059688 29.5551304499058 19.1238355366342 20.8482238610431 -0.760586410980239 16.6236567318085 -25.0291930754923 14.8953648866982 -4.13293532410063 14.8494573406564 35.760237301382 14.3274403105707 15.7511027963105 -5.03495632423312 -13.0278435622651 39.4177750642755 13.5695660168527 0.509160142746824 -22.9826191782035 1.18692187901595
-0.555108001903451 0.452016607689042 16.5947952183486 4.16830593088909 14.7563987480870 -5.62158968519593 31.4715170981274 -21.8242306310678 9.05011623718892 3.88349098976355 -12.5438200368459 -14.0874215839645 29.9930919988249 5.69504061150452 8.96480299970263 7.2250312768293 17.1066065000089 1.92708673471038 21.3317041972834 1.59413562564746 -6.73157856682543
0.144808731814066 -18.6761397368593 10.2359803767329 3.44462110254329 33.2588863205604 15.1188008921174 -6.98657156208855 -4.58629350270661 21.3291015612033 5.39528740038809 10.5334601252596 0.454588874163838 2.4169709082632 -0.549571821138698 19.9813218056342 26.9752248498835 27.4254533264752 12.3073848409151 1.80830938517193 10.8442174100266 5.58016566250468
-0.899763268801792 28.7813786251538 5.59349891716827 5.56993193536899 18.4825451314949 1.57650269594499 -3.10872554670727 5.99671907365153 32.5930485078035 25.3910555131245 17.0388339108703 27.364673379931 11.1944549046503 -2.00451709610015 -13.2994477100509 23.9349459311648 -10.0872157313190 38.0735287791662 -0.430895472064356 0.299834600107525 23.121891792332
-1.1524423155274 4.92477586723228 36.0800037060737 -24.6426449385078 30.4271717984266 7.15833417047637 1.63682391301634 -16.8098363368295 13.5585323284338 32.3745451393318 1.63100849895494 24.1299045118293 -7.0565685344026 -24.715963696325 22.5222931915321 -10.8917786759976 25.705857417587 20.7671459209774 -1.85835337461451 1.14570318854032 7.16530602254617
-0.597875338277922 21.5773064598008 22.8659171068376 7.61857611674824 19.5148009864755 1.04566139902014 24.7945342083309 13.0676158381121 13.8250746674304 -2.41293478748196 -9.81563352455952 -0.181704286029121 37.7353945094689 4.65170647718237 8.99337335086377 -7.83794062611118 -18.7910315635547 28.3144924055302 25.4251924701293 -3.22589616682792 23.4775802460093
-1.20978334778675 -2.79564656183059 25.8227766454122 -16.6421049151022 21.9516203217555 -5.81601346547917 36.8041014715078 -30.3253286109220 -5.74138782769553 -0.128311463682199 -14.9631652701891 -3.74463503956467 -0.996675395982381 32.8519782147261 12.0343672857639 -10.8870331771261 9.96306748298615 26.0390588894442 27.3159405931853 18.4996346262201 11.3633220034036
0.637385724264255 17.6984213730339 -21.5884168732369 1.13036213395507 22.7198007497126 10.4291932720728 -9.06478741265369 16.6616158047135 7.99301714207297 18.3996712122028 -11.1711683091449 7.74187753949591 -1.32548935852695 -19.8794685102974 5.55251751215333 -3.7381853649102 27.8693655759534 47.9834360467052 18.3016375284394 7.58981026839118 9.33265089872886
0.583848553931105 16.9358810683681 16.2781345541049 5.08368637723358 6.86588401593735 19.1591983237051 19.9694266459482 19.4877385417692 5.25065276362319 19.6567726069062 38.2702155728032 4.9222930150852 -2.24194667067803 -6.65061331050604 2.45322071964655 13.4384912910087 -17.1721567282037 -1.54262750786281 -7.14270950016034 -7.78321655670826 -1.19048697253004
0.27857004584195 -11.4236317843785 7.02277083827917 40.6022621390584 26.7734944980865 -15.4356310742114 -0.618409978794259 -6.32203093982461 11.5821991705307 8.03278950835309 40.4997424916204 18.9083444807822 7.82691559694748 13.7127334468484 -0.932116428716636 -2.56182977335987 20.7490643394082 26.846581690114 6.33757724578746 15.8624262583449 2.92521851402686
-2.08313853287355 -6.14827215557226 0.229808437146347 -2.63669041661085 10.6956392739906 7.07083240123281 24.7430332527004 9.17139373747723 -6.97947383422353 8.07551777125618 -0.376190510414094 -22.4277929424843 13.1964967741427 5.71056418970149 24.3959656461195 5.29376186758393 1.81589088433058 21.6047061077926 4.89597780696881 49.7451877200757 20.6134389532973
0.116162065654757 14.1675866540586 -4.68935565391173 32.1503577519338 30.92555360898 34.7649657345214 1.85345174171600 9.58299144228327 -10.5084745153445 21.1940087323372 8.00610157981777 8.49701524413586 3.81267314735892 8.80439494169635 -24.8873157731891 -16.7064187537754 -16.1445151904631 28.7669908733020 0.436818313118256 6.60176188459416 5.01723930859849
-0.601092943599964 18.9093708833339 -2.29206605300679 5.90903353514304 0.746845428657706 33.2219448050396 19.4839458541053 4.5042735041555 13.4195439997285 32.8259917702509 25.0866706303215 17.2592205092099 29.8321085465419 5.18023546503302 -20.2851567136752 -4.36255686330925 16.2918731298883 18.5737916776865 15.9680530243806 35.9922129252589 27.0585372884520
-0.9561762852151 8.36233310275294 26.4969264930454 25.9279272099474 -22.5294600118081 44.2583151121037 -3.51391016129248 3.70625380673036 24.5869378201307 -5.87876038045302 21.4667071796465 -3.33106232463125 -3.56648764312028 -7.00733018880107 -17.9400399462111 7.66745460805677 -4.45981670507748 2.36937319991031 35.0730951850557 24.1332187545305 -3.7063271958391
-1.05056047529497 -5.02910684444842 11.5122768976461 22.5016703242451 5.70931092460941 -6.96247407198375 11.1046811995691 -26.4261264288268 15.9169540012731 7.71296643160561 5.59908626473733 -0.795316904490751 -4.5527884927369 10.1462226571241 13.0549499113586 22.2593547432993 2.50772483826014 5.35353429000761 1.41339963197660 28.7655871877196 8.3637384309342
1.75807402340887 -21.4862088695709 -26.4875100970017 -6.0619692225251 16.374113674097 17.1811030472999 9.40730774164247 -17.6619193877578 -13.9427242528442 4.74770161859037 12.8088469086242 -6.80796710178977 30.9218501975001 18.5693103080629 -16.5050473495925 21.7416092663843 -25.2930877688796 8.83022008125728 17.3535117571355 10.6574990141878 4.9626231139225
-0.323801978440453 21.3274148442998 4.47437900030654 0.99603500703585 10.7202148196212 -4.28696657764166 -12.5107703764251 23.8534730204297 2.05670106813564 -8.64244608890792 13.1279899472102 18.5432821212854 5.6399934382048 37.536850984247 -3.68952721231555 13.9320389415666 16.7286556254387 22.3362725669444 23.8825607887806 -6.09154381015194 30.3971179437519
-0.805390831505245 -23.6665241829646 -0.475507665312904 21.9187410541534 13.5657229040164 44.3523095617086 16.2841452515004 23.2945810444200 21.2738419148394 12.2432270291859 27.9786518100671 -0.652398625338413 -31.4195240157593 4.86330904943078 23.4102670051844 36.0400321325062 -0.552202517351175 17.9464016631641 24.7089646929505 17.4009777931817 11.3414102872350
-0.741255853862865 11.3623127529526 27.6152006150009 28.3966976557964 17.5435740849175 3.12335543392490 13.5482527638642 9.4075075478722 -9.60910703162062 21.3057557458916 -9.11346211191388 12.3606261948703 28.8062179814925 4.6517580552186 7.36403306270284 22.2030208943246 -2.74263358599391 14.6241490210227 -6.38619581741839 8.708573321051 27.1897696468724
1.24906634634417 7.67806970667256 23.8454514687492 -8.34323847956573 -1.66818630206903 -4.23950224660955 36.9311271370675 12.6364747120877 10.3028577610261 -1.52000907434456 6.98199622472591 11.6958736504672 17.8454315497825 6.07109533374725 5.63365953412172 14.7691803507578 4.18044903888324 11.7782692582585 -2.52652306338994 -9.53615134165162 20.5060030916355
-0.735705701619341 22.9683717301444 11.2816575985735 13.8701369240108 20.6178039253590 41.2987424862707 -16.5435044399033 -3.06159964005150 8.5265742218563 13.5754117068564 -3.38070532397711 -26.8658703086814 14.1194575186912 11.0480399631907 -6.44639386736999 -7.61988681107608 17.6613801048804 33.1085819381979 38.3332928587733 6.41369708805441 6.70856554789393
0.915585760805945 11.3977709303446 19.50109962358 0.788719536114971 7.2139839309005 18.7403358336826 7.88941052771505 -0.573380597713733 0.916184416512534 -26.5147691525788 28.5825472648743 33.9581681200915 16.7919378506437 0.068715486435346 5.86138252404047 2.41473826294108 25.6610710906197 -20.7738042452556 15.923942619724 17.4909613399307 1.03051131145687
-0.248641553523762 19.2442256001062 7.96839460048016 -26.6582369498857 19.5781252709896 15.8894421095261 -17.7362799764590 10.7718758799863 12.136376334632 20.8556395761266 5.38443192799222 26.5862167456233 4.33316320508001 -4.48080800226927 14.9040238874079 26.5322140848888 -5.9881450160536 18.9476637616945 13.1320887456071 5.8001910358443 9.4587102210361
-0.467289671250035 -54.0222786782799 -2.94620514965302 -2.75123177840516 37.0912897734931 14.8488728196113 35.4279917367802 9.7696383998226 3.18024470835946 -6.45820349945204 17.4224248944046 6.07382342198795 27.8662141424345 10.1454083420396 7.34053669496781 8.74154702180338 -12.4163679806539 -1.43336863461240 -3.56872269715451 1.31321890733405 20.0295707457775
0.780494080845802 -24.5369435211588 -2.45360067999991 -26.0609215035376 26.4896678533028 7.2297611856144 -17.3694741581894 18.6257430898258 9.7028046892469 36.1957249893908 22.6312063715306 -26.2935928508808 26.5602595021952 10.1729590300946 28.0798905460221 33.7369591526607 -9.49571527804138 5.76229511502299 17.7485890056097 -6.33352338179414 12.2752585500595
-0.520148164919409 -8.63508032686294 7.2836481774032 36.5818530961128 -9.77558666316574 21.7366050879591 5.85766725051556 8.61620012884087 -12.6916426169072 0.281885199568431 21.6107177399926 25.2828338698701 -2.30318666827702 9.24896046816614 5.8324132259123 -4.57414778422738 35.8303360803770 5.81950899002006 31.4758147802874 10.3420099307935 16.7616302606662
-1.94832391039505 20.4750875556113 -10.6792492228326 -7.76396216697057 9.60066835078848 13.6203042876823 -14.7464428834784 -10.4514085830750 14.91146080364 5.64199693639217 15.6967103960368 8.48509814393353 21.2088797756527 7.67557468544697 3.10583719147765 10.2163841991241 14.1253180680507 12.7082866597022 4.10582512420899 29.6411821002726 4.08574556432655
0.932245105735085 7.77726272889895 -7.86080462238508 7.53994446676719 -3.29488257711932 17.868016121581 15.573903085551 13.2365379080175 -3.6346743362568 8.25309332307725 21.0917541230704 -10.0811244484351 -5.52385803486825 -6.71078636303525 39.6855221634178 13.9117058987348 18.3845838140987 5.56479566810351 16.2212833898308 -10.1482437554364 4.97121637968516
-1.53767245384534 -4.25281554683345 35.1904933792531 34.2975314337327 9.97297763074757 21.9996765442519 -20.8176627326926 -18.953067985161 -1.72726038683824 34.6677218339053 10.9245942872998 27.5870165392341 0.528244657088289 35.2473160846593 22.3654399015234 17.8703412319830 28.975996154433 7.42983498561275 -10.3061815245985 10.9150537155499 2.82952374859232
0.834844336471207 1.61976613194563 24.3524064429945 -0.582939171949692 4.98665567554938 14.752692640775 9.66588630924756 13.2164768376227 17.7750151391195 10.5856962915608 5.63327239030773 30.503168099073 12.3235836243561 -0.913919228730636 -1.58590772270323 49.2575038544779 -1.89406798637276 26.4475016564273 5.20750076672284 -10.7304889594925 6.10804153270018
-0.780705834941812 -20.3078749283011 -15.7877540443931 24.6746779270138 0.579978055810589 11.5869549153659 -1.59618202319020 -0.998926676563534 1.22615361965943 -1.78791548440591 18.8463053859257 21.8385155882028 1.28346239057620 15.1195841604763 33.6819545968136 15.5966187313316 33.8089183514396 12.2445397071602 30.4723010400035 37.3740060675076 2.78125502904297
-2.98866462489794 9.52990845306079 42.3331039275393 -14.0243673826674 5.09333831950492 1.75982328711505 10.2244027889304 16.608058984076 18.5156700367246 22.4783734699217 -7.21849339689395 13.0461683462325 12.4978772130679 17.2773143423409 14.2628205161781 10.7232079140079 10.9924214001241 -34.4566622798694 19.3028914712467 23.073678205249 -22.7240818499191
0.433766561912975 22.5446074235442 31.8283180792781 38.1168438269467 3.12004596955956 9.47980268725247 31.1444497370365 42.9206809176461 -6.5889937083248 8.85133236431776 14.3813385139280 0.477533328756415 12.9009955677688 -14.1092102231261 24.9320476888426 13.7079553669179 15.4685137964554 0.968924164035424 47.5129550780472 18.3360414394322 -12.0839762501293
-2.06522481459973 12.2798078732712 8.92592805271991 37.6312915998938 24.6254539818406 -5.05807880486374 14.0599162084161 -2.58926470579302 7.15933375098213 11.1345317663567 25.9068145946587 -0.821421418485196 8.3626338932995 -0.114465289964312 40.2270987385411 -17.2280565679566 9.74087333797459 20.4237702559292 1.41116452689898 21.2561472117928 12.7857063869942
-0.873395134485796 0.446669174153241 25.4842018877255 10.0379425172477 -7.28768964774539 -3.88627266431267 20.9893138032673 18.2704382261504 6.33271346861597 -1.58240818921493 8.32924956279611 -29.5575627227494 -11.8307543083319 11.7201246558962 31.5518500412745 13.7052035462982 -30.0599861905247 20.0768397137537 14.7569146680598 17.696161245155 17.1026546225974
-0.970767320202583 8.94340403340932 -3.0438640308295 11.4483552040135 22.2122423290014 25.7771206953283 2.65178954443470 13.9544550535942 27.3321380089527 18.1844540441130 -27.1779712389928 24.5472749824218 13.6526640421338 21.8122046482722 -7.92362323824707 8.83567340288791 5.6300450508345 -2.62348235071480 34.1462984495083 1.90955000039873 3.6598963150202
0.0729684860296047 30.8364892780227 7.07647681241301 12.9700925302563 24.2717238666607 18.1001806125529 24.5250702781885 10.8684264838145 -2.64669104250685 -13.5925385162733 -4.69381911486015 -0.443507470738803 12.2638006383000 6.27501188631022 25.0832645319461 -11.9993291782160 15.6503331533955 2.10002641197342 -12.8911882803790 9.48685045046808 -14.1573133341792
2.09090430893527 3.96153001506362 13.9420609700788 5.1360986419337 6.58935821300533 -11.3106485100114 22.3120442830356 3.97259665934933 -0.702895349764568 27.6015528179055 28.7436409741951 3.60267035679595 -1.68953942382645 19.3540678860336 -7.38087782994252 14.9232891959273 20.8966905460812 3.9891599686912 43.1711200706915 -4.5994760422185 22.3512836417498
0.3036913030732 1.70505189120437 1.10391904762250 22.3164639777812 -2.01556665109471 2.29309014463476 33.3295586295361 -4.34201258578594 13.8581396611557 -13.6243013127926 -14.3727670861501 13.4364670854867 23.9765784481914 -14.9669960509226 10.9618417357001 24.1199676485834 44.2886036867925 2.16284508924486 1.42616000393025 30.2977897001961 24.2335868841619
1.04424396952685 -3.76260118339615 16.9837621590301 1.01331179135628 4.13495757309581 19.477540634712 4.39962809754478 6.01927334796151 -5.64712576850227 18.6498662697787 14.0016974765825 -0.213836924733982 -8.62255342771518 -3.32044009192017 6.16944700956382 32.4698838909754 32.6651849207151 7.26470598210842 5.5977051544018 -16.2877319331409 -25.7344118299710
-1.47190338250702 43.0080208565435 -0.146085014684706 6.08102544247745 -17.6348929546351 27.1628457572433 -8.69263771579416 17.7290054027087 0.118303875569593 10.8995415644705 12.2781621017613 -15.0189838696593 10.8902414871326 33.9054456955341 37.1876472293695 -16.6042971989715 -9.26539459964624 31.8911535632587 19.336719184923 34.7919999904966 -5.37400693719887
0.83728816054923 -0.180433332699421 -11.0228539563101 13.1249729970691 17.9818455675339 -9.2120951069675 39.0685238491173 -6.75567847717157 21.8160977195772 1.38914814309527 -2.61658144921026 13.4576022438478 -5.19628402881874 -0.29256306808122 11.0061609240051 41.6797308088928 0.0946140320887815 18.1466187098741 -18.1189438273815 -8.1176259132794 -3.03915254508511
-1.12497097782634 -0.594666303466732 -17.955005447189 23.8859202770603 29.6649346168248 6.85359913468466 17.2225052520368 19.2726784862453 -16.7036168689923 28.1826828173225 -4.94466747461357 -7.26808613137451 2.95829381929674 4.81639430021424 -8.49676387195993 1.69242183130555 20.0148968833443 30.0873230295814 17.5504925039679 27.6216062676451 -22.3413672240820
0.933055237219588 18.3171559471424 0.699042602325534 -37.0543194030548 22.3324884561369 11.8850177079095 19.6256650521963 -19.1841766506605 -9.50601131854668 5.05745307684865 5.69782187825206 -8.30685322185159 5.85742599578658 25.2952970345659 23.0903783860555 -11.4297720306081 -10.7452781063402 13.2131294738968 29.1494130626477 -18.9345965583018 -9.65055815708098
0.202576189572692 37.4964211016138 23.9504958579265 -9.59773355875606 0.316413367444750 -6.00148541689977 6.17997396942445 22.7586482107468 -13.0382441170081 32.3795582020543 -0.991907529419622 6.28337039697788 22.4744361435145 -18.2363579340397 -27.8467601718487 -9.30439743079637 -8.4187347255695 1.63640680806289 -8.38622435146849 15.8072442086577 -3.23620666280244
-0.43874883622307 -0.471875307282603 -0.665415749277994 18.7933583804727 3.91386663446324 13.6426591141927 -6.53177072419488 16.4831309693471 -9.09180155932596 19.2173749073539 13.4701780121257 -8.60912992804565 17.0544230972887 12.155649606507 -0.658943615385498 22.0580742484053 14.3219303466334 1.29913516515085 22.6184020537521 -1.24563325123432 -0.985745102262754
-0.982508729310142 5.35065942114623 5.59117739054767 13.8018045161567 -4.97976897161619 7.38973290240549 9.8185156855996 2.01958810778765 6.53973121068888 4.41615118114126 -2.76374377868861 10.2132333370803 -5.19580922530654 27.7116118630632 20.9211344744464 17.4600992597630 -20.9693792826564 15.7960486257858 -10.7981538038391 21.6433195834622 3.87338607951445
-0.619929502783261 -5.1458371604561 13.9682828905912 13.3331214347961 -19.6536269029684 -10.8043215021078 12.9347405493435 23.992400059752 -2.81627822106143 4.91861379823277 17.2095105584795 -9.14134888248632 14.7592779083646 -3.46359445722244 6.02781614145674 11.8041800247348 9.0027170057461 -17.9136929397991 -0.864279947805956 45.4148645576327 0.119185785511137
0.393680397180593 20.0439575909821 31.2386853471466 37.9359883123684 12.1034570597016 29.4546777359003 18.0806555375169 17.8053987828659 -8.30838431038506 -37.9248711666607 24.244059009804 6.66806245761778 32.4512891954497 22.3134037773806 4.07084046748384 13.0858699915141 2.26902943058598 11.3564805126505 5.12052141522735 2.53396581457362 30.3162067613235
-0.360442810284895 29.9255723925467 -11.3693954150009 16.9400887596722 22.8412356740122 -1.13397624985949 4.2095112363063 -9.12317115550095 -8.41982645002591 -3.02989907241256 4.25116862270229 -7.94926507702007 7.8569727144041 -8.08449496191914 7.9004131751919 34.1715066036988 23.8996073550667 14.0106810723996 28.8345641122182 24.8613881816672 -0.715678800809498
0.242646298425938 6.36949358616462 23.761302749075 36.3949213531212 32.2149380344702 -19.3284991382209 3.64533827302374 20.3158768964036 16.3337208629810 -13.7165187871723 15.5480580156123 36.229794367395 26.1563236050485 13.2268855101199 35.1229847959970 0.9661539079459 6.19310182247358 4.09895664434017 -7.67909317070643 2.95114812131055 3.35865304961727
-1.31510772726344 -6.29249236336118 -24.1752144831156 -0.563721319736703 6.31448591681819 14.7938536607993 10.7759751448621 5.90234054123589 -15.2504737175765 17.7668790592184 36.0207883754248 46.1913809852427 23.0779144060964 -7.56586990193774 33.3828867167287 -20.5926178976120 14.2644613224727 -10.8953562770163 -0.762134038095587 10.3791984897870 17.3661144275156
0.729880739664469 -12.2362593487739 -9.26652618501583 -2.90997914524098 26.4813089924050 29.9241951245973 -4.17545459393546 18.0920177571864 -20.9961922400815 -3.00712392363284 24.0756047317391 35.5851120546573 18.0706994554623 -17.9726545396667 11.6920679568496 20.0557378268640 3.12598381998873 24.1712078664273 -5.6584033654671 -9.89063152961882 12.7880939114656
