"X" "1" "2" "3" "4" "5" "6" "7" "8" "9" "10" "11" "12" "13" "14" "15" "16" "17" "18" "19" "20"
-0.4449882047534 12.5842901770697 11.2606036751724 -9.23983887049329 -7.7423795002584 -1.14360251919056 13.9211621213792 -2.65859380519739 15.2173809309923 15.7583501112706 30.1649572520706 4.43697105390243 13.9457260222535 8.32441600607119 1.95062547809894 29.4872940338774 0.612178049646067 -4.1444622529345 12.7328876816933 16.5847673148253 5.22380621344548
0.386415940320485 -4.11275608405606 0.990164946612424 12.3324923371608 21.2434828721374 -10.8115461727913 16.8364885299899 13.8926669659035 -7.34524174226527 12.3215373041965 14.2360212241495 7.19073465213478 17.9010039193761 -17.058060361947 31.9830311222243 5.14097843476272 -12.8097469898017 -11.9343113903148 14.4828597440802 21.2784834979744 6.42697665471997
-2.08414104812651 8.7145682936438 3.64140730617156 7.77793103725326 -4.69199250386575 12.7191192200317 12.4138141474224 10.6902872891282 0.230635111995873 -0.927955502809044 14.1217427714101 -4.26709284445204 -8.38092685649326 -13.9979224581034 -5.98227529914767 17.8698432070942 6.97804162373631 14.4596617569628 -2.97655699318144 2.12071103269501 -2.37174452630682
-1.61354498889191 13.6019955125437 11.8746564672029 -15.8943037325207 11.4991810834765 3.15033087707500 -21.2670509551002 15.2936297004392 -19.0975606637282 8.24930176250614 0.83764559594868 4.47600770441751 15.5523279788000 -4.23018081801652 -1.26588961908097 -4.23328602613126 4.20300473139377 0.846672358159864 -7.42233206418972 -4.32226643224684 5.16943309810623
1.00361047045881 2.76121593091339 1.16646718840045 3.49742681953779 19.0565461405334 2.39661584417158 12.8798178406156 -1.08622556529550 7.35991786562895 -6.08021123263808 30.693261795824 1.45865079452389 4.7799730051767 27.8765275924774 -17.9136437037107 4.55091277944122 -7.46843169535752 0.510639650916258 2.85173258476381 7.72693090861531 10.1957822419390
0.960242328023518 18.8407715712306 -3.21328814384200 25.2666251096735 2.85585304499635 11.1507620506307 12.6659219864136 7.9735621851057 -4.91124924982859 -11.2346819360539 11.0626366825844 6.40536502663368 5.39539188331915 -15.3122203537518 10.9154906784312 33.8351023198841 19.6190990334262 -10.3550013273453 30.9368851071743 10.3107179554159 -11.8472885937501
-0.745499728030379 6.39340739356847 24.6237504542442 4.95392592372482 15.7460781382965 7.9042067731739 -13.4825591215086 -5.68578535560192 9.17781875234793 17.2675739952718 -5.693078713669 -6.87547689349298 -27.3076755894834 13.3019334477703 0.314817330142323 -6.36949552929508 -4.83280871022567 22.1808089663601 2.42033952127771 8.67113692767222 25.1975445081272
1.91797646132023 9.6706923962864 15.1083856426321 1.52283249430839 4.03719740470041 12.3899196457773 4.33883713862331 8.82285769526303 -5.48345227415482 17.6797917121449 9.1889611420035 -10.4190876789542 10.9255214178531 21.5096836404246 -3.20464490279739 4.50703010323591 -4.49199893413995 12.4643748988469 -0.816909324186197 6.39512111012745 -10.786132507317
0.352148904939953 -3.22060586963687 -18.2938465271622 4.83937263315731 0.250922398198317 13.1587605343295 14.1719127020888 -0.320829325817735 10.0526919218509 -0.558434209578317 4.65834219214181 -10.2750346246349 4.84834194667047 -2.07240395267651 10.9397572292217 -4.6761676948919 -10.2852717156325 9.76815608695693 -3.14215511349877 -12.4764807736630 -2.13215243181832
-1.31490671740843 2.82985201495568 -4.90880305150219 13.7814347666744 20.7461166958895 26.2086978813130 12.8310846168347 -4.30389681972226 -19.9795141038211 33.6105025282873 33.1801380897161 19.0279488629901 -7.11419497332411 8.960525892745 6.40385444969457 9.83010450332745 7.68367562526981 -3.06979567536932 9.03243781170895 4.09490711953695 5.02479159262385
-0.526895919372537 -2.4742120036102 1.48164939157284 0.96757719274606 17.6185194518008 -0.573196249589248 -3.44450760800973 18.7058616216549 15.191525573072 11.4989416460134 -17.7358391617451 4.54031268740342 -1.91354680768698 19.5890127580816 3.70243238400360 0.108798031222708 -5.92734432630656 -25.2224173596958 3.76502059035801 6.81673437149303 2.8223432414202
0.585579615597443 9.79628310765946 -0.0088757601784277 11.9088594658564 26.4087419074729 13.9862440435773 2.36583265863194 2.18559093425428 6.53818494875948 2.42183035929340 9.21445859550514 8.74459946473129 -4.20182836740964 -3.47987251197012 2.52084498965881 13.2864907588257 0.943868587615995 4.08541488162875 0.215423289198971 4.93885669682999 4.96216992202411
1.15739416520475 10.1149410133762 9.4981767984495 33.0330850721571 2.76264669783940 -4.54123644189588 13.7917968020818 21.8663135253197 15.2721356893960 10.1619266096079 13.1033493012064 15.7389540857171 -7.03101843852985 13.8935564993980 7.00717925211379 18.0670211018569 17.6422139420406 10.5373176649855 17.4697316629577 30.1028694478202 18.8241110056883
-0.820267517120098 -4.38940561928836 7.6215029963164 10.6207423269865 11.4686037236937 -9.86584693444683 10.5636866530656 -2.52747629270475 0.130151750990428 11.5053294846778 7.49711497726973 9.47591712669642 3.73939391797952 13.6825926582003 16.4536895756393 9.972718259885 9.87245417857831 0.940810043830411 2.16287926628633 11.3622612017786 4.51419174558011
-0.0218876389113601 -11.2659317528330 -2.65237866149695 -6.35371396048518 5.71259816301785 6.37017210759641 12.8939393925532 14.3100478937768 -6.91110985505753 10.1568476767291 5.51502324221460 19.4859175349627 5.50567082724814 10.2082081793567 16.7761885910357 14.3034755067380 15.1213241628317 8.53682514746516 2.47872458018882 13.2471450688172 -1.71994677467012
0.273570594177009 2.05092568698693 11.8858231241391 10.5918480454057 0.0540267987384807 -6.45743439386895 -10.6549796571167 9.98260131818875 11.2901194334027 -3.09223899463210 12.8269087623283 12.2045371331155 14.3551818986585 7.15776759954226 -15.0104655970441 -1.03914752044207 12.8289401975594 -2.20554986712774 30.0132748525893 14.6880289354907 -3.91884175101015
0.161806665786798 -8.26091369514799 3.05995183458892 19.2902428665066 0.390723299643825 -1.99566893349719 -1.38450413501965 2.91607481728601 6.774872213719 11.2438046775948 -11.6161819592598 1.05084170402987 16.5954061936198 -2.86827025204513 12.0994899498625 12.3490511903491 -5.18365041295293 -0.5994343391865 -14.1021105793208 -22.6068812759181 -5.77554123169254
0.544138484080667 10.9237965724675 1.33342447078956 3.03045141974778 7.22413643371052 8.10830933557778 -15.0309514987697 -0.789205179319378 -3.8137162448519 9.02612864576701 -2.97296580939283 -0.352974761334203 18.215867670739 -12.7102158789931 7.78354276369458 -4.71168509486296 10.1924374455654 16.6329455876639 39.4087499539145 36.7013262485735 9.71659626429236
0.987319692312166 12.4140862804271 17.3871475380634 4.12255597745836 21.4469759272421 10.2416158488089 16.3679756001747 0.730043813871213 1.08307103713308 -18.5099600893718 7.43807627744065 5.91786689652581 -13.0565014192727 3.91530365932395 -10.13903319136 1.25409338714261 -18.2229483620265 -2.73575232662734 -6.5816925519918 7.10736266482211 5.1543595077541
0.908401784512838 -1.32696866682301 2.46272472973774 4.25367369864015 -2.22121947020786 14.2805160879998 2.96684723406122 -8.64976086421213 5.42385805276111 -15.5249549360559 -2.26727416197246 1.77491431949983 7.1646084131156 6.6579737713874 -10.5049012328238 1.62216090820475 -8.421888153881 20.8481467470504 -1.91645717256939 23.3837742355770 -22.7776552642186
-0.958328808505945 -8.69035571297951 6.33773008408487 -12.6751676005222 2.97272542723857 6.13563133350386 26.7466676418953 13.0168131725753 -10.7530799791691 19.8724085241307 3.48784185198582 3.15434783977268 15.8464975759989 -9.92023084187204 -4.48693890838755 -5.21340046063744 -0.53272433555263 -7.69775693948214 0.335715156975692 1.92292254723708 3.63770920857204
0.580555884933545 20.562588315688 16.0628775936454 18.8212788412496 -14.6975510229946 5.86065411718417 22.0567556198940 6.46225254110422 0.302814023028891 -2.39362955865348 0.846266982557046 14.8494706731365 -0.378385609956322 1.14554718759220 10.1719369041147 6.09829232637033 2.54931155825183 3.06553794871264 -0.909856446906398 15.2205506659184 -5.5990494752132
-0.0839784164157153 4.64965669067875 5.92352590956131 -11.7475769581503 5.5494263980405 4.07257741213565 8.28344185706267 3.30246301553709 -6.46788058489692 4.36746314495348 0.27159732557495 8.30422257512711 10.1472288309682 11.8250730656364 28.0365711106185 15.0326735945991 2.43930902870087 -10.4427896267802 8.31748410393046 11.8756485795003 1.99100264158303
-0.247984735682423 8.80202191896649 -1.02597013564904 9.3754887372539 15.6667146859782 4.82329410938648 6.53904004193737 -8.39279700197402 9.26834960876635 20.3406486197907 -9.11429442889459 -10.2195291013295 2.01524704985479 -11.2253021625064 21.7017195107418 6.14305185161546 24.3912913250726 -7.20323578303786 3.88373287551785 -3.10734701106739 1.33478696343577
-0.593255196764499 24.4595271659425 32.0216496086083 1.07523405174219 -0.921598872842264 -6.17047388231310 7.27527267869333 31.7683602786654 -7.6013152729282 10.0185955698993 -7.70144292379048 -2.62576070638754 16.1961394979314 15.5161451086534 -2.17656534364245 -14.7020384995292 6.72069203822887 -3.25555243685268 12.4504572165206 -0.847363440910315 10.8139798367574
-1.22291583519959 -4.7625860767057 0.645661092692454 0.0465185280848017 3.35810186835336 13.6916353870089 21.6475186367160 9.5397104100358 -0.0759278591971956 15.7538962145677 22.0342983666991 11.2431396351394 -4.91355861859012 -8.37489152884491 -7.09223818456091 16.8481295226425 -2.47638341011265 10.4657623519269 10.7926344564395 18.1812827398242 12.4487845048999
1.68580078398446 4.55284817499186 -7.7169644572619 8.65610401100026 2.53731871881502 14.1565448836428 -2.33812459247283 -10.7279318014243 24.0400804632055 -7.78150025359491 19.2682488985155 15.0711863732695 5.66308036239211 -0.773691105347664 18.3096003773807 9.25162429871186 13.3367268402497 7.79168596228398 8.29309315354536 9.86997208484496 -1.61305985197462
-1.00095765534503 6.44199478330126 -1.53862644614960 3.56689376240729 10.7823700170983 -6.733013032985 1.94077532567604 -11.2310797389535 0.842063166301685 -11.3107125409353 3.77681905374842 10.3782760356804 -1.37445385069814 0.497964651597007 11.1882582867091 9.65502977056001 4.99901706141606 -14.7402797059489 1.37959318102116 -6.68711812793509 6.11851488095486
-0.756261518252538 24.1362067189282 12.7653564202323 32.157281900032 7.33619856367895 -12.9634498948303 12.8330665026898 24.2521486085773 -9.31035165510766 -0.163009363835829 25.9620113729113 -8.1956489528797 13.4447763161110 -2.65960042782067 9.790605347318 8.65731864528499 0.791153306162356 11.6865984035477 1.21950915356414 6.41397534814364 -6.90885989279399
0.62596008214643 20.1338771106782 0.134162214692843 3.09225866739668 8.36489430659312 15.1273211315510 -3.93952437773115 13.7765628986495 1.32113185870883 -0.43102560130425 19.6786464901753 13.2730920879187 -1.11001983321064 -12.7122947123295 3.45132297442297 -18.4474191482196 -23.7085156925624 16.4428571851746 1.93922790510045 -13.0931826125527 -1.43545440711438
-2.58988579164473 11.7936378057901 -9.75777944261527 18.7338753847011 17.2255429819616 -14.6402749151316 24.4922449995948 9.7782980514312 -1.50388007912755 14.3862974080622 7.7103615656271 10.4930383822956 31.6985678385766 -7.85114818660434 -11.6273871682871 13.2231076447769 -10.0123878155507 4.12558815902277 0.234596308279555 16.8715884867278 -6.39124590198119
-0.335013321524034 20.9454056137936 4.43694716102496 6.17860054529775 -10.1882425597852 4.13550135699646 -12.4053687063102 8.20639570761528 15.0602767706636 -12.5079350250285 5.15926763661747 -11.3386180547013 -4.52690881932295 5.60516742913817 6.61969209103 3.45248972526002 14.3058911645183 9.26495739079522 -7.89050504621853 -4.49629167936298 -11.6164800444857
0.356698469274464 27.0766378713592 11.1427046726602 9.30445333839802 0.595870913464478 1.55020232459382 8.7607807818341 -5.30025637600112 -6.20792200810688 9.12011254450446 3.47081066027929 -3.1773903454879 21.5374868677268 24.4508610146967 -3.86926761324513 6.96364847295051 -23.2774332995284 7.19127218714482 12.6068713301328 4.51404590804854 2.70950750410077
-0.888099561787633 6.96044515453093 2.40260536873187 2.88595339430298 22.2930896237177 32.629989955743 1.51317503876685 13.7977344853050 9.23071365897488 10.2641365071751 18.1175083658593 7.27321175475873 -5.36604732772064 3.87829004544673 19.8510064754210 13.6890824735974 -1.44239649027566 -6.87269430022773 2.85045360833588 -5.30960185329538 9.13516844642483
1.04660678854123 13.5709174027304 11.7588115301265 19.7421295851301 7.10351437938727 -23.7529175340502 30.6448074766493 29.1239204857918 13.4215909441632 0.49566613925739 7.8637183569805 -6.95509072610721 7.40639125042381 10.9017232511666 -0.00352489944669 24.2641874658136 12.9038889890205 33.5375852091181 -3.88272930541064 -17.6908491617719 -6.73043026775407
-0.656595856226528 9.69177613510578 16.1619541024269 11.5413155386526 16.0275863456596 14.5697577982784 7.70795173957364 12.597506971965 0.217604277056563 0.367810869282422 11.1512324122066 16.2400877683052 4.01594530308679 1.01950888043710 22.4562628998613 -6.60919554268564 -2.90382099647759 11.8674646758290 -2.27092618680163 17.2650154175761 4.96325501813927
-0.213318079969103 1.40439873528933 5.9248049765152 10.9813266113242 11.8630694417789 9.73713756853653 5.07407056454515 5.38841009493797 14.3286898925496 -0.389857148184469 0.558936072356173 -8.092997516352 2.38243835391229 7.92731782582716 -11.2441465588387 7.7248326582245 1.46914525870358 1.07267934878207 -28.8810140412532 16.8317437361070 2.19153193833810
0.230481757113338 22.4880349665455 12.3619641364495 -0.83511389834827 -14.8566035276253 1.12014391293746 -4.68944049585692 -3.88119789495767 -1.4648295406132 21.207238469795 4.15857193113024 5.01924641535198 15.2873985349683 -0.592318197419013 -5.3732655204468 7.3708495548478 17.9158164704834 7.14846909616727 -0.109690807398824 25.6720962903680 -7.84019693664376
-0.480849775995596 24.8171244124273 -1.59844011156256 5.93440959078121 6.94308956148946 -6.77322728264714 15.0824877898186 1.79416277516844 5.07782790043132 11.4700768014234 -6.05358809784585 4.4009637158648 3.23512990635994 12.3830529523614 2.17124056653874 22.2050658875429 -6.59053050127835 -15.1730432156672 6.25978759091483 3.74366325558585 -5.37083252668297
0.433825487956123 -6.93932704981551 19.9458763300968 6.69485442323036 -3.82282549450161 4.07894020522296 -6.33282548800354 19.8537574285605 12.1577408076324 11.8286585980698 20.2507420969330 -5.43698538886312 19.4943211316568 10.8859252759524 16.3172741789423 -7.86055987819242 14.1878603716925 -3.93568690644477 0.0776691705579426 13.0135285654997 5.91571265707756
0.407451137773459 -8.89284300012976 -4.27912979666653 -8.19585459392095 2.59022876607282 10.0504364436789 -2.67056855694175 11.6091061092599 0.262830282039739 20.6619004777941 0.116621460156117 -17.4452360566420 -7.38427110027709 -1.19913318473807 1.30713667368458 8.41416408965841 -4.94290525761251 -1.07734916181930 -5.48737308860366 -6.4079666018495 0.556195298891686
-0.626474416388065 -11.2041619598624 -5.08799646198509 3.30888430153849 18.2978705997199 -2.33874004145573 -14.9920262902379 -2.44561946893423 -19.6347715391548 0.232283896940408 20.7165222956772 25.1297448284179 13.8905868983972 8.88437066102006 8.04847667085288 18.5575024631374 1.66866995065335 27.4212477554047 7.8287627691767 14.2974285295893 11.0224737529807
-0.256640246836235 -11.1360830567284 -21.8322993860829 -11.4718058417738 17.5911647963663 1.63913975343943 -15.0569475161102 1.11933131300512 -0.382205356392687 8.72692324163365 26.5965258488826 -3.93329125531981 32.6811420615827 16.2959314925537 -9.45949720128345 0.813066428000635 -7.55115313888423 -4.44779250430021 3.22595916710011 7.75923576738238 2.51446015334249
-0.0986585373929904 -12.9491848761602 0.894630563672968 -2.54427341304836 10.6937253295194 -3.43333043896451 12.6460607804763 12.6516172076625 19.7789787818712 17.1949631924215 -0.828297202839507 -3.18584513187156 24.1535120344466 17.4797534855553 -4.92863001663598 -16.2403680159548 2.88545856841028 3.74306419861333 7.60437642973872 -12.2181513303535 -2.29097413073355
-1.91929007725544 8.41785476577913 14.3180606088335 -4.77890158389787 12.2374168062813 -12.0824303573352 -13.3444152537282 6.9219661696588 7.58594450071524 0.687659708411697 -6.24818206409444 7.222920151884 4.03190311098059 14.1689450602669 -6.5341850579959 16.9950160435472 23.6670222047185 -4.81104345595305 -15.0036228315532 14.5617365576278 8.2957090162784
0.472758226516899 19.921912957804 -0.0684729826604593 -1.26735543190654 13.6009648618566 -0.402515294486482 17.1289844671256 -16.9097290051648 17.4383386164061 24.9442330913646 26.1373931906329 10.7743440286271 -5.1908583107264 5.05551028604684 11.4876556381683 22.1282252730312 2.36722492545865 3.92816593365527 -12.6347752970058 17.0430924074873 4.7582966160991
-0.351860757810964 4.36802958958312 5.44873230870052 14.8683453821424 -19.1387916642756 -0.888436085334232 10.5729070435836 15.1359598527272 -2.74985189345758 29.8972708426502 12.3980625744558 -0.691562103201946 3.26668767309223 16.5502480552497 -4.75619951595055 -0.722538330047252 10.2281053560042 13.8998909891402 -8.27124433111485 -20.7127502641063 26.6438077877041
1.6377620424169 1.74905482249993 4.55022830233181 -13.9437704057814 -8.59050181732982 4.15065945450574 7.9133015899258 7.04309766404986 -4.36558508260768 -2.66936180831599 19.0687904462377 -20.3684623226019 -5.71311279687316 -1.25462302982179 20.7551097498621 13.6770102832378 24.9118954663276 8.16019665755933 -3.35836820014499 -1.00988922308116 11.6411497203224
-0.555108001903451 -0.896121897598057 14.7741041231049 -0.39480897679055 -2.78055293114445 37.6191087051824 13.8747471600950 -7.56010302408287 17.6744798381911 -0.275774743391657 12.9519586272607 -1.54476102639003 15.5057062335015 21.4465604581116 -4.53035711802986 -2.4547275481658 -3.10729092632682 -0.270828662279842 1.57928197977149 7.35586323371072 6.05162580925982
0.144808731814066 9.76946964428406 19.3333754715518 12.9129850041845 0.89565046668117 8.67347904552623 15.8460403125161 -5.40325025765088 1.29818083225853 -11.4419261037644 27.3169925317613 -26.5393588824353 15.6015027033196 13.188880225986 17.6483650267179 21.4830862122317 5.06337729388024 3.7701625476721 2.64013792734038 2.4279583276135 -3.81754589405975
-0.899763268801792 9.96596170205994 7.27382456373189 10.7765320308152 -0.0260630109835542 8.9074677847716 16.0958934138508 -11.0946316857166 12.2483346503727 18.005993509328 -19.6872868553119 10.9076713527860 -7.44787322765532 36.737778812937 -0.453185337425006 6.8726044639813 -6.44218376597035 1.79572299311301 17.8579809164724 -1.02599137831722 5.79026067201356
-1.1524423155274 1.09305499391414 -7.78372742741636 -2.75388191890426 6.00717418734095 10.9393002970788 3.50937600585342 29.6544836649124 -0.244098059553542 -4.97243798477175 13.6947174431644 2.73351148958241 3.85183834500261 4.42841986118754 -6.83287116384335 1.08790254551467 21.9616915678011 16.6550250150946 -24.5299964433185 -3.46120978956609 -15.3907557134871
-0.597875338277922 7.82437733429733 4.20211106993626 -1.82891440692621 2.98459945414623 -6.17946954063854 10.465654380496 2.06838065407789 10.0904929473946 -0.460134459965832 -5.62313249338277 12.9621832534528 8.32732229264366 18.1693704584249 17.9907296262491 12.1879125314276 22.7399387693806 13.5338129642343 3.00043921919028 12.2147714148040 0.689584076976242
-1.20978334778675 7.82315185524288 1.50609808325995 24.0654773804776 24.5750195560533 13.6213066820667 -9.75139987442103 1.50220469226742 7.47933253723298 -6.07387916158559 11.4652866467857 11.6459038022850 14.1984809878180 -3.71389653936734 6.34803725120286 1.87658169832920 -1.42787774635865 -0.982668507785273 -12.0289604697511 -5.1841471649487 16.5877327243821
0.637385724264255 -20.3186086942370 4.85878350892584 9.57871544923772 4.27136202151799 0.726333503041887 11.1085236047102 9.9771282838363 18.9952343882376 19.1968875530015 -6.14703891463612 -12.8536333691546 -12.0579843345813 -2.41245546564581 20.5420611068358 0.348684509580145 31.0068451183747 -4.92712142737535 36.2403533980939 0.371230529952204 14.3354944971172
0.583848553931105 12.0300763533597 22.769750937389 14.4873154752883 8.0533233920697 -10.8663037984630 9.30583037828985 -8.2555020831721 6.56588145306909 -3.34365390049350 22.7673562521077 16.6073719596442 -8.25066727452476 -4.75113802770331 -10.8740491605173 -15.2558253822814 8.36335261567413 17.8095684118315 12.9328540511457 12.5550113977165 17.7383592528401
0.27857004584195 13.5126138221702 -2.06213795849361 -2.04333814501262 5.40598801819731 7.26326236462186 21.1913301643529 19.9463650046920 2.63649279752789 3.09519737465223 14.6445078051504 7.52470971882504 18.1085991566028 12.2743667666011 -19.8112025095996 -1.03015693501592 -6.78710820807645 -13.3495719154184 1.11441430421635 26.0059896137708 14.7198603034184
-2.08313853287355 15.9750524851487 -2.76564312498850 3.31720562623975 33.1102306453969 17.0427689756187 -1.87009115851764 11.1794946777367 9.65476844932415 12.8677243915436 -24.1368530231005 3.78450900428634 0.138885187611944 -6.59212450567941 1.14058855645239 16.3315627492433 6.26281723403423 3.25617674037995 13.7493086661297 -7.74523311116443 2.68177687648660
0.116162065654757 11.6574503780458 -2.86514258832530 1.83182316312853 2.40783100639235 -7.32062317255035 -1.06375721666168 15.5943663164257 10.9378539369788 1.97785504703649 -4.39514046923582 2.21225189888126 5.49267567136051 6.11128957098826 17.6114952491712 -6.90097580989485 3.68567344533347 3.48454570305457 4.11943411179969 7.76313307110926 6.43362460148376
-0.601092943599964 39.5753233517354 18.9117177584407 12.2989717977852 23.3979465935976 3.40618791826637 20.9856727676646 4.95386604731882 2.71222417096430 12.6609790678418 22.2765647549699 18.5399998627602 -0.0485163948780371 9.9114700807748 2.84799282987853 3.30569405505589 2.54722551657118 -3.28964608464615 24.5419136311876 20.4579093840666 -11.1449291341858
-0.9561762852151 15.8996104772793 24.8355716102074 -18.7525264132399 7.19797014362247 6.35011862127058 19.1265241977150 -5.72371229566132 -3.83395008109174 25.400946851008 16.1166905470192 -13.9381268822262 5.21561196718065 16.2874875110144 10.2784362866706 23.4775168736105 8.77906444410878 11.7564165833743 10.9069105681561 9.08824235411371 6.70948152492339
-1.05056047529497 6.83678467641316 10.0217114637846 14.5595788186463 1.65387367513137 -4.44197947600459 9.91820328782096 9.5098314470468 -5.39653140183478 -8.31086831414498 16.8489547472729 -3.00944058786599 14.1913838393867 -0.697270613937103 7.82162735042205 7.6153247021776 8.8067747368811 0.664282509110286 -15.4806984923771 -0.579806588353326 1.00451234800977
1.75807402340887 -0.684757110263964 5.88761924922998 20.8907435025045 5.88315893836273 14.3276477163171 -6.43064823844988 -4.230775104311 0.651537993175076 10.3333107680397 -2.39825405674878 37.9726445252454 27.9269704265117 -10.0233267965661 14.6770365629878 3.97936222786122 -4.30099889527164 -13.7522690560944 -15.6683213588200 27.389511597479 11.0017284512726
-0.323801978440453 -5.51610092659896 -11.5817466008911 10.4502944075462 10.9335026819731 3.06522093852079 -1.24832417573995 3.77047602695992 -13.4342668578063 22.7495083193935 -10.4157097059139 -3.99796272776902 3.2973393696671 -5.53199059386786 13.8358805054231 0.924683912925344 12.2595692726123 -0.928663967265458 8.10759484255843 2.79148048786384 7.17415858295667
-0.805390831505245 -0.0310351166808753 10.2600331811531 17.4238430571224 8.06247196066632 5.00103194419912 24.4109146523835 -8.75803149923807 18.5160987999001 23.5101182648360 4.04570766301375 2.56210814846622 -6.24227621064119 9.66353786533732 13.2528819525087 33.4243389195123 -5.64012433400232 4.9880101349598 -13.5857201676488 0.959972271866624 16.3754332775804
-0.741255853862865 9.02335825901112 21.0268643952095 -8.43492981049389 2.87088250267318 5.61610641309305 -1.27384370030136 9.14054339257783 12.0018818937228 6.56650084759193 -7.95552071552326 1.46256281164771 -10.7759221151882 -4.29597055588315 12.8671760566642 18.0675676494134 4.3443883987802 5.20643291897758 18.3575549222428 19.3155038830307 -4.57406062633125
1.24906634634417 -2.23776445531655 11.3176740161981 10.4764395740076 1.67607339964522 15.8095127593401 23.8716551627721 25.663759448731 9.47622988910435 0.575521887802775 24.4506572539003 4.63631894953285 -1.56393988222873 5.15558985017428 15.4140997394850 24.8665562957186 13.7070618298468 10.750830706637 4.27123544691865 11.6799134350395 -6.90565118377057
-0.735705701619341 9.63707194845888 21.8891528279246 -6.98951331083697 7.95516752980857 -2.32318209195899 4.46000238163275 11.6172758888629 22.4745037460475 0.959327270446317 -3.29898098383274 17.8908870878560 27.3147284989574 20.0621438184736 0.385273016511189 -3.77451621955783 -9.09842943040517 19.4188435638882 -5.7591939984725 10.1220999131081 7.43585238851
0.915585760805945 -3.46993715375422 9.2320967258418 32.3878844833843 8.06994045007121 3.38496727388097 -9.08675641778639 1.43446387261460 1.43824102391123 7.36027567173611 13.0208935584326 0.343159058139575 -10.8295339104079 20.6074346474809 1.63934420647196 15.7310495971094 21.8251536071512 -9.694542553144 -1.71574673847616 -0.142295465032883 -3.11918221972822
-0.248641553523762 -1.14801045764835 9.9122902438907 -26.9668837469549 2.15418030415062 0.0256979157896881 12.6204738423882 1.39763901557837 10.1735700650834 8.22329857038296 27.1582733860031 15.1246910878655 -8.30454414248079 6.63135730672464 -9.79349315286174 0.436878199428986 -1.67688865444701 -13.2346284651756 15.1878549557459 -2.75993166533861 4.89380102422887
-0.467289671250035 9.35141412161013 -0.823857046919166 -16.9452261889416 11.9564322792585 10.7597596676773 14.1588686497230 -1.72798435552646 0.841469910004932 7.21299888696023 -13.7746954118119 7.36567567737706 6.43378700102327 1.25903907928402 7.76418329063471 -7.6388501399883 -5.20055986914307 -5.58804369001438 9.78064317462264 19.5621532473066 -6.88418978300084
0.780494080845802 8.1636269259354 -0.0707436584862451 -2.40603215400398 26.3589897203681 11.4143138743257 19.1517135146466 12.0619848206588 3.52900152652197 -1.23268259688451 -30.4596156391255 9.69123079040063 5.6168097710552 9.5292116390802 14.6459791275233 -10.4647382870873 -1.47557887490105 -12.9353008893159 20.7734717615714 5.44742725524875 9.91693355911657
-0.520148164919409 -6.28609838603711 17.4978830551907 -16.1328317204171 -7.67057710314132 -1.85370465788368 10.4170214329256 11.3097299733526 2.08327794071225 19.3479738493629 -5.452681611932 5.13981444259138 4.61505036086488 10.0789532804873 -1.5958606043588 -1.58496066122100 3.38891260616986 -2.90073378800221 -13.8313055475114 -0.0364958428832728 -2.34949137184351
-1.94832391039505 2.44524608764654 -15.9012578420472 3.91564540453543 8.08191415074641 -16.2596882827176 16.5027390042849 -6.28007181829013 -11.0600416204404 -18.5222639514654 11.6314684072908 7.50381628184476 25.4796457926265 -7.99292677135429 -2.28990783944175 -8.64966314390889 2.96352907527714 7.05414022331521 -2.43493393942387 18.9220443471531 9.01563240258709
0.932245105735085 -5.33807561018383 7.39897503687016 15.3903657965196 7.93771574040942 -22.8327429615403 10.8796008352527 -7.14954060850703 19.9933263375243 23.2011068925984 -5.32565402550559 2.86623231362495 0.428751765952494 17.3917725581001 13.8584205360190 17.8042097981799 -5.95359461734342 -12.3895235601171 4.15501409274484 11.7938588970975 0.473045656483545
-1.53767245384534 -8.376448405037 20.5111772856132 -3.86459379066733 -5.36986506098239 4.77860990809216 22.6081069544345 -9.46074358628539 -2.49105423650782 -6.16907371064328 -4.6992154118436 19.3504891141440 -8.79255190389975 25.8313600579266 -21.1649902784650 -5.71596368614186 -2.72850295901646 17.8848772587075 19.3316274915527 -7.89758685144154 -1.35714420847480
0.834844336471207 6.20733096451561 7.97766328945505 29.1554553745437 3.70283890056332 -12.7252150283597 11.2346759382974 1.15860102754619 10.7594840855318 -3.48043657993962 7.40894424047027 -2.10235078596815 8.02529701942482 16.9912401201275 3.42090874812537 1.82387295949941 -10.2156320171245 3.37080459582971 4.93345913156396 -8.00535176038823 14.1502636146897
-0.780705834941812 -2.12165463970669 8.10777430733201 19.8099270717447 -1.27414611103121 10.2893241755971 -0.62296743312132 -3.03198147152575 0.203368997573517 2.94653151563367 20.2266626636766 -18.3996258375069 34.5775680769724 6.25537257682255 4.06147836792943 3.11234874737148 3.64662514745826 1.81530179894197 10.6823370543483 7.29641163871298 -15.0146406888249
-2.98866462489794 -9.29648057134003 -16.7888378873543 11.0520041998467 6.33346028536606 19.7516237946433 17.3962814158752 11.1878247421551 7.90790832817035 -1.07909103668496 8.6589109418119 21.0625390238387 -7.32551113798485 -11.1926232146962 -0.48203696840076 7.78910415718582 -4.05530763337083 -2.56305301279347 4.3504700256865 -6.82159425544106 42.1609046753378
0.433766561912975 14.1982444063059 5.45182131289007 -3.33111831826810 12.6039815496007 -10.2048711122317 15.822711058173 20.6606742404051 -10.5939992012669 -10.6783123458286 3.28554331181777 5.79784105342905 5.00762834705484 -5.82463477444223 1.87451584766311 -5.34813161269664 -3.07167497096369 -0.904234624900974 -10.9718203041653 -1.15398883090380 5.34448951876651
-2.06522481459973 30.9465985075897 0.103383678200420 -3.885073926375 -10.3652711721163 6.685313847842 -3.41423590477238 2.63272648662017 4.6567423698168 11.5579880996960 5.95193515198176 8.98144054621009 -16.5445964203973 0.0632949241499414 7.02043523293214 3.19923840849343 -0.880475317953063 4.91545577809141 -8.68840803581894 -1.62417422656545 16.6075987936803
-0.873395134485796 0.777281286347208 1.77254681258481 5.6828546472771 28.4767885954862 -4.93126830308525 26.3026101878561 0.0222508755720119 -8.61412683922252 12.9201278652969 3.50665410681797 -10.6706539041776 6.4037094903065 13.7622728440817 13.4411873093117 7.75538027980719 -2.60465994526952 11.6244559433865 2.37113542139243 4.92887875325866 14.8309506383447
-0.970767320202583 -21.0936714314376 -1.19970740740314 12.1643685277278 -10.5226048221937 8.17380697637049 8.28197685949138 -1.73166643991949 16.2336485963438 -3.29410492411255 -20.7129342728172 22.9115400613295 -5.46943247525142 19.5395381588998 4.19823703395433 1.72229254573262 -3.28244835715131 3.13734420757691 2.64785030633150 1.30283641192485 0.712737483695103
0.0729684860296047 6.71174586544259 -0.394319555235896 1.30681219991377 -4.06484039930256 -21.5329655402965 -1.55758508135868 15.7047206222136 0.697988555665383 3.81646140466037 10.5629748137791 16.8975386496182 5.9400481303364 11.5767761627816 -12.3184101457187 5.64347708977505 12.8570345495723 11.9753580049070 -18.9275334374024 -6.8461877147967 0.101546110711921
2.09090430893527 34.8837951931397 18.36735496305 18.8656786570984 16.9938598800613 2.04688987247359 -5.83776566803536 12.2595903092904 4.38786196473558 -0.173070041047312 -5.1224371243699 7.39583058359375 9.86039139331996 5.30972401799334 20.7105405112706 -1.26178550646722 7.16518763240714 19.2174140486810 13.8854315164601 -4.65771462308184 -1.16149051838958
0.3036913030732 9.87200469550474 8.36505589761152 4.95851993900474 0.759526951248141 -9.02819953972648 19.3713739960536 9.63419665316878 16.7263924149439 17.7817998747105 13.0178362978893 20.5249788464229 13.5342666865965 17.0066962029882 7.26415357345915 8.705780625062 8.98186992845366 7.9447646085298 8.91470307036526 -12.5364414493599 -5.69952357741877
1.04424396952685 1.01354077352513 2.50513672574460 -9.93045970546162 -2.29246892870573 -2.88496513472264 -13.3618008470546 -5.55060355377793 22.8559291946755 25.0118097444408 -5.81210452644475 12.9870489168031 9.82589339510204 1.69981462598242 14.2264799178925 -3.49057968005581 0.823310546547417 -4.3039810560886 20.3535429639284 -10.5011018948295 22.1533123833918
-1.47190338250702 11.5859042674821 2.58707802957254 -3.01928300041406 31.8746913213153 -19.2209904791212 3.55137718256843 4.64688880733381 3.62165278546671 3.76306995329708 -13.4294961907070 -0.518505754583481 -10.6247700543123 2.00340459729315 8.82862121333588 6.38868182730029 19.9249769754342 5.6067173030487 8.874487184748 0.313039317380657 11.5671285625290
0.83728816054923 17.0429169593646 19.6880735026527 5.19946206648726 10.4757349268995 14.1066796591291 -6.23362173565884 3.08373142272103 10.1243979402867 0.0349028540038231 3.02744366467224 17.8528007238702 12.0566910596535 -10.3527055395180 -5.04675015034163 4.56021396274297 10.8555726216592 2.81040749105416 -0.210874852883281 30.9712869983623 -0.0213636148834867
-1.12497097782634 13.6219036312323 -12.7053518630224 -1.13338524171608 42.7471295342137 5.53019566839171 -1.38524289247872 16.4694960973774 18.0156338062981 4.30721437385922 9.32069395906761 12.8181047726371 14.9903912382746 13.001234616029 -7.80691880456698 -3.57413102576576 6.84211751450387 -7.65007556239519 0.427725009822807 7.56061449116401 6.6402976343051
0.933055237219588 -11.3663363448497 -11.1954745531613 -1.83522280600264 17.1967732866636 15.2272921590567 20.1656513385201 -5.69918049440381 -2.35748683477987 11.4352755855731 6.634065662929 -8.95828578464402 21.0967840906998 -11.4964406425506 8.4994681953705 12.8234585730072 6.53811634466773 6.13166869911213 8.85800591331353 3.36114938601539 5.58284981450791
0.202576189572692 9.98198398066304 17.9128429254081 5.40734811547002 6.55714399754704 4.23819374045068 15.9735193723246 11.7642344961738 -13.3439590598818 8.43549937839205 4.20370514220353 10.5026943970392 12.5176724642014 0.63930649106801 9.98920513396436 9.6288565607918 7.6764886428142 -0.447985604189124 7.17374322264422 8.98549182718721 -5.45722609215194
-0.43874883622307 5.70300185970221 -1.45524466689788 13.5726391200526 16.9842816882387 9.4475175958009 -20.3987547664165 16.5675666542433 22.2223266643729 33.9513023245531 20.8305859742711 16.5047668470498 21.0052655892359 -6.82788250755652 14.6036056449602 -10.8149476789194 -2.83345556395718 1.85683704375431 16.7150893015320 -2.87205084201007 1.45153526576994
-0.982508729310142 9.09272691740889 8.6783510381494 -9.0242185086403 0.100617529211002 -0.422157473389434 1.17697669541378 11.0996903522820 -0.372243454630702 10.7013507823109 32.2485991003619 27.0028993257217 -9.89180465078516 -13.8672035049388 -4.04549349367437 -8.9987787231053 18.136753353913 11.2638424546124 3.00555613883425 5.18404540947615 10.8231015929881
-0.619929502783261 10.6104858889600 0.916230313018674 7.0067904288971 -10.9622151365851 11.2489888517460 -4.092583249721 0.610386033949881 12.0006740524808 21.2668120700572 18.3746498209957 18.3975079396553 -1.16690534830722 -20.6680815256125 -3.52330561036777 -0.952487795334232 -0.190778893160561 -2.29780433133076 14.7865145713962 -3.48126445980748 10.6362322558374
0.393680397180593 19.9613279307061 -9.43353670168258 14.1205612414328 6.83761853660726 -3.97046599503874 0.419862971802692 5.26613758879501 3.42844609566903 -11.8101206822678 11.5811809486789 3.65961988463112 22.7235056328101 7.36672849957665 2.11036974734343 10.0171430347215 -7.8446678263183 10.9594157007605 14.0991767250001 2.90400636944824 32.3465822122122
-0.360442810284895 7.52022036012499 14.7467417018461 3.48580937221319 -0.961383411118992 1.04207815142621 13.645026610048 3.98970920476169 -10.4553499429895 -1.60554602249676 18.3116475458409 -13.3189769742668 -14.6867229641705 14.143649151991 12.9180299409800 14.146505439313 0.907739525161664 -17.6592540902743 25.5337807803796 7.25718363960667 -1.64430585649986
0.242646298425938 -2.99073783353352 7.78597265548989 26.9902645900171 6.61259882008431 8.39008340350218 17.1582275711468 0.618397810134797 5.27072684806487 18.3671594922192 10.6850253740508 -2.28141222528309 -14.4527110481200 8.39296850516189 -7.61186504264595 1.58622519522623 6.70650778132653 -0.0315668100073496 9.95364720258162 -1.28708116795447 -0.847842137346874
-1.31510772726344 -10.5520483753250 -17.6126392567729 13.2801349482663 -0.239564377736967 -16.7433038634991 4.11733356133065 -7.76823752071092 14.5167617270136 -2.49087178677994 0.723103968749432 13.8185189118132 4.55954789588792 10.857475411849 4.44954004109127 6.45204934975166 11.3989824318260 7.98368305708093 4.75142856759132 19.7535503151492 5.6600559246473
0.729880739664469 10.2809988289567 11.8679792866641 7.38819712297466 30.5880648217602 -0.483669624109189 8.95269487369716 41.1466321586103 -8.92799637767986 -6.74002133705905 -10.3402623641251 9.17862013655448 9.73131819614322 7.59038501236524 16.5991111347063 -2.52712766710046 13.7594879695235 2.24847466370976 11.9648173204649 10.9489203221898 -6.62244813455318
