"X" "1" "2" "3" "4" "5" "6" "7" "8" "9" "10" "11" "12" "13" "14" "15" "16" "17" "18" "19" "20"
-0.4449882047534 18.8230141789588 13.7031269153201 22.1295663382634 8.26019919570357 22.9512280062338 11.5444361756028 2.57866898365497 13.0620511239813 16.2738965688618 8.33437205660412 7.24833037669815 11.3415679769702 17.1443902938551 6.21929042364385 24.5874909699952 -2.12667588097305 19.6328474513227 12.0810696930955 0.325332078992422 -5.79914745596274
0.386415940320485 1.99925924423625 4.07778818599785 3.11573678089644 -1.79027850110373 -1.22895387833607 8.58416772129958 -15.8645254220961 17.7143233433319 22.8015951082030 -0.964520315492808 34.4788333813777 -9.03927892201587 -2.85409501262336 20.5318012216231 35.7684333908164 -10.3062768355571 29.1668030585375 35.9261208349036 30.4748375874015 0.514819027523324
-2.08414104812651 12.6403997339966 9.68337774483972 16.1373508796488 34.6582960021934 8.64968082392314 13.9099785342435 -16.6486298247248 7.16735934819543 13.6438530647179 5.6770071794973 32.4727955309398 -14.1164101858227 -2.69174559086448 -11.6874736553014 21.9052083258272 9.39136331448347 5.36298754690459 26.3099356485866 18.0770193236054 -7.31578554607433
-1.61354498889191 13.3107501062901 7.45179132418937 24.6268612335960 22.1575366634662 2.29626752820254 1.84169892891671 6.73139451679137 17.6680162378169 10.0253041882589 29.6607950312582 -0.151376065268749 9.20515982228927 -3.47931166415927 7.53954820877705 17.8079095732976 25.5620382924316 9.83610948028843 18.0456883771571 19.8738544774785 13.3585655162491
1.00361047045881 8.69339962441359 3.98606480504719 -6.40784049672627 -1.80025393614526 25.746070813336 19.2294884234197 6.5915678128317 6.74705631662951 18.9246854030356 8.14029927636545 9.49466967525262 -4.65631720752737 20.9505125007581 -2.9290455513142 13.1552360320852 4.26671140393221 35.5054888695316 1.77053523186889 -7.24479344733935 -2.97415251878683
0.960242328023518 18.751024144907 -6.20358663822564 5.72446475548583 17.8553125545138 11.3715528004921 22.1668184123591 12.1794788064417 3.55212260817117 -17.3329364654569 5.09281845525508 23.9119404087776 -5.33999505933189 6.51405688031771 -1.55538538473479 -6.45098483074285 8.12945208943689 -17.8780352896706 17.7678588731453 2.16426541559163 24.8014765738772
-0.745499728030379 8.30275254970734 23.7718421003203 0.199520345554724 26.0696448788222 5.0123283215304 24.7197535315695 20.0227850242408 15.1284292286078 4.19317816232384 12.3891423435184 13.5240655098663 10.5831832414862 2.46792945056488 14.9598343164435 8.78685632207549 10.5772464076956 7.99048911066335 0.616316640189507 -20.6870407954676 -0.0501172565439756
1.91797646132023 10.8967155984510 1.32906443886752 28.9092325959631 23.0343424968023 12.2165203774394 10.3787931241316 -2.77538784424405 9.89415204474865 25.1667955320008 7.43116382584085 25.8869256023531 7.71179045759673 37.4058160982984 5.97457153866301 10.5910342836416 2.18190726760003 21.1527501152857 4.81251827311623 31.4086742583481 5.35546611596463
0.352148904939953 12.6197323592719 31.9772209537673 -2.25244328495500 15.2952975636624 8.4841554590526 26.7669256522324 -4.06421004263809 -1.41004706600239 28.1048877284227 16.625224482695 7.61842430205962 -5.53710393166448 -10.9587672525732 13.7171552887751 28.9466473709076 21.1113435149237 10.6560368469900 -0.146874887940182 11.8880289401519 2.96073470107913
-1.31490671740843 15.6245724666089 2.42045537101449 15.2319920029068 -3.54441372632423 34.3131386924997 6.40188616319024 -6.23676222462113 5.25859512852088 -0.82317109097643 24.9535242803307 -0.701287466302041 -0.571795328488254 27.2780965262143 1.74350563177955 7.05244013226854 4.49080896882456 12.1848685113294 29.3667894400035 -19.6433867725927 15.4719746789772
-0.526895919372537 21.0108688933713 -7.04077367175947 7.075659686126 19.0632440908037 13.5913939506822 28.4459050688040 -13.9328807639538 25.4061668385503 -13.8926579088184 17.0345618114298 6.44470406245189 7.41523253235868 14.3764996440361 26.4221116538982 -2.47031658918378 16.2917143475350 9.9401978470601 13.4483382780047 3.19040369042053 12.1391974211268
0.585579615597443 14.543381410478 4.07449578660975 10.2154198995352 -8.5154085554308 17.7392577697520 30.5293735511902 24.6222148487384 21.1232534993822 -7.26018666186797 7.59830355349547 10.3749432962035 -1.00887221267968 5.80426917917055 7.80270877174902 13.3369830335457 -1.20179292615775 18.1449052562207 6.4110952771958 2.44564004426962 30.9641670433599
1.15739416520475 14.6983504630289 9.66016527804255 14.8934135600626 12.3726956009546 -1.0361217646575 3.44948716901506 19.741405218551 35.6329536152138 5.97780731924061 16.8116244085152 14.3949447984787 9.91570039664486 -0.93108446661526 36.8923188869240 4.54861831231514 10.2397042167835 -6.07594852167224 11.0136776611566 11.3775353332539 -30.690294028169
-0.820267517120098 13.6270676023828 0.453581800207618 22.1264029726107 12.5906567668626 26.8184522709757 5.62352567116691 24.5964901479843 -1.36212178197434 10.6468361086427 34.3811868257878 4.22910005997135 18.4446499721163 21.2271005284409 7.94011118441129 21.3007573646804 20.7300716222479 7.96859761645968 -7.24454779417615 -5.33427652065383 16.3034545661724
-0.0218876389113601 27.8252193998363 -12.7659251711945 4.97458040586652 -2.35697405952343 -6.94141479669365 24.8413833395816 -22.6776696535178 -5.64604719945923 9.85241519308407 3.71866834915225 16.2297666714027 13.3963016772817 18.3669211652415 3.24702699656088 4.72028290328253 32.5253679848892 5.03979071489432 13.7572386371851 12.817693084117 25.5912115225299
0.273570594177009 5.01789669095564 9.89043697322833 9.85730230418145 -2.97264632029185 -20.6660898379812 -9.732212059213 7.05522102212755 -11.1113351058022 25.0171191112302 16.1792443135213 25.3497216789166 10.1184546153868 -8.37512777685405 5.81011485263623 9.88871733913084 12.7303690134022 5.45760497981267 11.1093560943544 22.7722663774342 16.1221454640908
0.161806665786798 17.2280453448526 3.726992179329 10.7443065917240 19.9775289508339 33.5614776000882 14.9935374602248 -1.54983679079985 -8.20369601974371 -3.78332995078996 26.7044178272818 8.9739946067547 -7.87142914455939 15.4598733308176 17.0320631716744 25.037979478445 1.25480439682317 25.9899584386628 3.33081104624871 26.7760202856917 0.216878991730602
0.544138484080667 19.3881107695392 -14.8344449078288 12.9759435509736 7.22350991400867 6.21100424955932 14.1514342147246 3.29664951817677 13.90128460366 15.2087039072550 0.548259073056214 16.0933587110763 6.70050970952143 11.5993756277734 10.4576714327830 17.3647552420407 29.4298529787783 14.2253626013684 -3.51217781659448 -12.0891625353793 7.29201827489611
0.987319692312166 4.46210818189826 -6.7491138705001 8.01462220616528 15.7751753298834 7.71819322796399 10.1006210485623 14.0834468567122 -11.0315501178832 7.23435037827476 -2.1287219131191 4.55224430054876 20.7588509930789 -1.89615421500502 -3.78253740600722 25.4555593250605 5.58551586474917 32.0453725945127 13.4574436832938 19.6350451902715 17.9650890702820
0.908401784512838 26.6140054906205 13.2690930396972 25.5625744190318 4.87652738479049 7.92774597675274 14.0723043556917 12.6496530463825 -13.0973951261234 34.2834755353963 13.0792390428914 20.9116550396056 0.264084686324363 6.52213607493136 19.1309590439400 12.1443687924386 14.8635727082047 1.08137824426735 -5.61159465222243 23.8631719167906 -0.858238766309442
-0.958328808505945 30.1215341091462 15.253598258824 -4.30057204408257 1.56372942804241 9.94805030184609 12.8017232781192 -16.1700723919234 -13.4399346690207 -1.45024056849802 21.4656637573471 6.3504221012202 -9.5722093223287 19.2264415561628 9.40321937859997 14.5303220261049 23.261737288534 -15.7227110735005 15.6545006972605 8.4905672960281 6.67677377605445
0.580555884933545 34.895707915462 -2.55385758828925 19.693270086213 -13.2156896218061 11.9570998894882 15.7311149290449 13.1247937398584 11.4806708858655 12.5091305592130 -6.49178170120568 -4.46440249028997 31.3324890974068 -2.85765169382877 0.324285846240874 -2.42584354401954 0.89211868732939 -0.319646080413555 1.53647334371082 5.59572610153753 -3.57864615989832
-0.0839784164157153 0.430185326210272 21.9320638956542 32.9295065966293 -7.78078007216063 -5.49958012709121 -10.9552458386191 18.7332711846041 18.7129142458393 18.3779188044734 23.7757849072477 20.7056824438461 15.152825645067 -5.27680293734878 0.198734086818679 14.3351592876894 -13.6063375622518 25.5523431783949 10.7330699585582 17.6918853488846 -10.2163053055197
-0.247984735682423 -2.75590656383028 -4.7707043600495 15.6914953322791 -3.88719093615355 -0.206040790608198 29.9392724070327 0.410588196828773 12.2916374079697 -0.569491827267525 -9.79357319390953 1.48505905803179 4.64274831520471 -19.7815965879984 0.333633349328015 10.1763702584566 -12.2746793851294 14.9592518757983 -7.85522455051997 -1.6913171209461 33.3501124624058
-0.593255196764499 -14.9114602083300 7.89395998141378 5.33007805495022 6.57757855462352 28.7785695782273 0.633809007691256 36.7739307055713 11.2492259330549 16.9136060369072 0.767584887730932 2.21083709285686 42.8504466873174 9.32346141244298 29.8530002229338 9.4102088194853 12.5800932020837 -3.12808292700537 17.4318746759 -1.28647794968870 19.8036332199331
-1.22291583519959 21.2112677833609 2.050240833413 28.7676020831594 23.2822936989278 4.07838979654762 -3.86749332373682 10.2990996140365 27.7665363951332 -0.185353445711626 -0.215206770737217 16.2129539762927 23.2626865039613 15.3892821737828 14.0617046573822 -2.5059456060118 -4.16858610813908 -0.53333783327427 -2.08258514409932 12.5822037866587 -0.130883323866559
1.68580078398446 4.75526153523717 28.995430018181 8.19918434425297 17.0818328810234 26.8253323554539 7.47754970725097 13.0865175855506 18.6890094546576 12.2086719269918 -8.17009013269565 8.04588283063612 38.0102915543043 -16.7015506685264 7.60686208452316 23.7417160362328 17.9497575472685 -8.55793907607007 -11.6086247475644 -6.97388202962339 14.6471188639847
-1.00095765534503 27.8628879562669 10.0372486392665 6.8697142716091 13.0694116782775 15.9373000600017 8.12021341336827 10.8143255260945 -6.95844487867119 19.6361707201758 -0.293177399471374 1.14876919428458 15.8587646920288 23.2338514587109 11.3380225587318 9.74990326499244 13.2167069269641 12.2374432402566 4.3156200247509 10.1489326449846 8.79566929990871
-0.756261518252538 5.20267042560063 -6.57286398487455 4.13241518835223 -0.66434624133021 5.1149300616283 -9.52983409940053 6.97362503986313 24.8597513784648 8.59486231373402 -3.16740387203884 2.31563171373464 -4.13851607885087 18.9432329943885 2.62724077411104 -2.47660149074180 -2.67486966556176 20.0657890091290 -9.12144787104049 4.97744210964527 6.02424086220833
0.62596008214643 4.89628050588473 21.0409117366686 11.6273118385110 21.4801076715205 13.9030754806779 -10.8714472924374 12.6701882867204 13.5991505639616 11.7844160600035 12.4998908917348 -0.286079699686421 8.9734384361324 10.5651916663538 17.4204834162825 5.33788844702787 -7.3782401936816 19.9594372793376 6.05804473593665 17.5565223500487 20.6181277787559
-2.58988579164473 7.39271676622173 9.4047651870173 13.5524083363758 14.7925966025869 23.1658236007254 17.9255687194826 9.45271614398255 5.54907875783795 -2.32339766331018 3.40118698080517 19.328886214306 25.7642804564633 21.2533138448540 14.7055218652761 -5.96936086913899 -8.71681144927426 10.6504853389927 -15.9090505861442 18.3818388822039 -0.285090441023971
-0.335013321524034 -2.18640520925311 24.6331971250216 4.66724290397212 4.05187782842471 12.9631748424353 6.89968702537827 9.7109292596868 3.49167491351678 32.4434401873962 9.50416826833412 -2.40910140673260 21.3951186850216 3.13795372444851 26.9975790979348 12.9381004361817 -5.2525567562766 21.1805767115756 -6.17027774022468 10.9033818635466 6.17245923729788
0.356698469274464 7.1104712684461 12.4926155533870 3.08281855469266 -2.48983762307100 32.058583050878 18.9146576996182 1.04395919383952 5.64424708854518 3.5900264441592 9.45368575285511 -9.40189911957694 7.58880479552052 -6.35158420636297 32.3200798873972 1.49154395530400 -27.6645822177598 -4.00606766962674 0.362992731834993 3.30394180896723 22.1615458864331
-0.888099561787633 6.99369508895628 6.65991598215313 3.87362875633414 -11.1500846858098 14.9027675896661 0.905647391484621 -1.86415857622716 3.37813027704787 0.0130138799545103 -7.22895491276067 22.199213629757 25.5698896377204 15.190175165583 6.3697280966561 0.0648061868803255 -15.1133662433392 17.8917342028662 14.0613001462203 12.5776789517557 25.5839791344785
1.04660678854123 27.2030146333444 8.23683589634871 26.8319819649766 4.25360971809613 18.5362312888254 -20.2683532213266 26.9185285224509 30.399679222749 11.8099733796177 12.1902842523027 15.0343492629294 -12.0272563951560 30.6841964511722 -4.45883875914805 7.18705093745146 -0.825247189796963 4.26044418930928 11.0534732601294 8.26863164957017 14.6278458760313
-0.656595856226528 29.9054463347335 27.1184321242224 2.02039366153442 16.5007484931203 -0.337737298962106 13.5788720811661 4.9352390000835 18.2501436222262 -11.1268588086287 28.2253859155488 16.0525227703684 14.0695611567749 1.92744414047422 6.49013802615003 -5.69843133729545 14.9016807147426 9.62317476503133 9.168436188108 14.341854336352 -2.47823020547624
-0.213318079969103 28.2922481477126 12.1852938992524 1.5074960897152 -8.3978012422173 33.8730921743027 3.34800073428798 6.89466339634008 16.2702094503939 6.65388791241151 4.90444647775251 -5.00881854553982 -2.01356655473773 -15.6293352780254 20.2426908196382 -12.7949858114442 1.34901562263341 21.1580760894361 13.1128140547160 11.9953207131646 -3.95118855473563
0.230481757113338 3.84865776854319 18.6835249976273 16.5346358564219 -6.4717919956031 3.87579206780293 -3.02788935414174 23.8701807084728 2.71825479303985 32.1004669558699 17.0222894760864 5.08759533865199 -0.856829993542024 6.22216253367726 14.1246093059702 15.9712281722015 23.7167534114247 12.481412478147 13.3735026760762 3.17815314976781 7.58640206338238
-0.480849775995596 -22.3696510154391 20.0640823175770 16.8959546449400 16.6479621746479 21.8230570857354 20.8069929548462 14.0502098671374 38.8696144842658 11.6132982288124 11.1741581161370 15.2935497624690 13.6495923291104 17.2299052616498 14.1196562631629 6.91941223687434 15.7233314007429 10.4657332226088 -1.04718670877366 5.93850810515735 6.96950827356397
0.433825487956123 7.68645923406979 1.32646932765156 13.0154280680175 12.4782726173853 43.5247395225622 4.63864512594023 3.0397464225459 1.53169424523400 15.9467917185079 12.0167630603822 15.6197125670466 -4.08752838959558 22.6351515864174 8.19328194371343 3.25838367961338 16.5704086542416 16.0787772388232 -7.51641032315398 1.91092629400902 -0.249682114663754
0.407451137773459 11.5785627908090 24.3735695517246 11.3107402695577 -16.6836122787553 -1.86891107385643 -3.34126515734943 10.6993097150110 -1.77597737260502 -6.3449113339573 -15.9777366780180 22.2690828936125 16.6734737837925 21.2753630938532 6.63554828497189 22.1950390193667 17.9765583181262 7.8190098741448 -6.32301334951713 8.87870176149633 19.327522254596
-0.626474416388065 -8.01955282124374 18.4963176102656 9.26521028511359 13.0100057264941 -21.4286668064308 1.59701342449861 -16.2663099570938 19.4967178318308 -1.43538180054031 17.3563361342555 -5.00240352335986 -10.9199399965834 38.2425892259305 21.3550410243316 16.1803914735007 20.9611579146448 -15.1071153737407 -10.671390785933 6.84914355656139 15.4793139553281
-0.256640246836235 2.79115580750975 17.2980510924104 22.1468542141794 45.5760923721169 -4.19172610900237 21.3644713477027 -3.49499599549404 -24.1521834328868 1.43161431402028 13.4588500234316 24.3244660657169 14.6268652922503 8.7226092205004 18.8743250757478 4.20038525587963 6.98614439993989 -11.1211044325671 17.2038371711074 8.99956992260668 33.2999371744392
-0.0986585373929904 10.4090270982377 15.2479886340234 6.93316089153853 -12.3046677392894 10.7968087538208 9.9680634306924 35.5425549856227 5.5044487267173 19.5545236925588 -0.326902617913356 11.3420523802474 9.64675666054347 38.4495147189862 -2.19885257454801 25.8408588532966 26.8819871605811 -1.23719303045909 -3.07089182716368 9.98050096916872 -4.67520223897539
-1.91929007725544 -7.70368493173904 5.16966369371048 18.6277923471087 -2.80113544766334 0.154368913859637 26.8554655110679 20.8265526904090 14.1648553722084 -19.5754503836006 11.6237605942100 -12.4861635576806 12.1106203801082 12.4779024556320 5.76205057840444 17.4941730736470 10.8692059694312 15.8566348353317 1.80597383785151 1.26379967350997 13.4518304203903
0.472758226516899 17.5011423966034 -2.82899359115487 10.7123156163568 1.43417960693483 1.54717843994067 12.2785939540985 2.32003310063530 -13.7740521055252 12.1650559127737 9.79333606898846 5.6324858029988 -0.125155091962862 -3.6801122071638 22.0392453324933 3.21593364663144 10.7228951930599 3.82851476032052 6.37522488905116 -0.090739019022587 6.31258377256365
-0.351860757810964 17.5142168984313 19.5116855149925 3.13174557026713 18.3509416926819 13.5768608109420 20.2625513494171 -24.7414129345861 29.9770078572594 5.00213414229316 8.1643880483401 7.80951058102287 -7.11593270888736 9.60523906007908 -7.54025848370749 12.3752731629500 16.8466625533692 4.34158684257361 -2.07736477172453 -8.3799171522563 1.37599604314953
1.6377620424169 28.5459965124387 7.60308574801112 -12.7913624587780 9.3354542918265 22.4860230505123 21.2465558321992 40.8274961095935 22.7328694053753 17.9206461409822 -2.42088060429662 -10.9033011878735 19.9085697734581 -8.83138290153446 -10.9247151560339 -5.17300717626445 0.157497343144349 1.01393083895034 5.33492102378269 -0.866859750522145 24.1076000881078
-0.555108001903451 3.51766082300874 -10.3992221656718 32.5059131491359 -2.88888826591748 4.77304420175107 16.3397340426804 5.64875792821753 23.9781643800399 -2.48788757006473 21.8749473097637 17.0408818357521 -6.23082021230813 29.0671956839886 1.88852182553593 30.1286977100171 7.21877913515349 33.3166605527654 7.73232410148392 -1.08192577503982 -10.4707384097092
0.144808731814066 -15.5395930397927 -1.18469329165204 0.150794546738945 25.9092250265974 -30.5786955354092 -0.0728527822287355 3.37978694988298 -4.83196512425043 -5.54508864576242 12.0672275008572 2.22706734833613 -1.97846876390757 24.3953507654521 20.618181493764 12.7236735511470 12.4387807007471 29.3602092422524 5.87967472475712 15.8829848166215 -5.94397106386285
-0.899763268801792 22.6529328907428 12.8663782558510 -16.0422940401258 11.756705180426 6.85420545490856 8.4112735665117 13.6478710644078 -12.7763879220693 29.6424448720554 11.2550105435257 -18.2028844929514 15.2406716737670 -32.8287807036551 48.4813558549539 -2.09132192902472 1.96813106610837 16.8545196692395 -8.98186357589452 3.26180222645461 16.4121715650288
-1.1524423155274 2.64311410659264 37.1537375013289 12.3055843834777 -2.30250525946563 -14.5286064655070 27.9818897116206 25.3835098826769 11.5606578477855 -12.6456021258986 -4.84979597567827 -3.43108717046096 13.0751464547295 5.82206501067507 30.5551247777301 4.15778135168453 31.0322294031012 28.2692378675155 -29.9539496226677 21.5965220264424 12.2985536754206
-0.597875338277922 7.19673515844642 25.4020796310235 30.8703323799784 -6.98069734970369 9.21889676629507 25.5215891603806 13.1628329619495 -9.84188501962695 6.81729083415583 16.5168017976701 23.0989203963886 -1.12676144910371 27.8358377357816 -0.388057394487235 9.02258537168202 18.9061899430382 -6.11390264195057 -3.51395372731566 21.2378958211139 24.8068387034408
-1.20978334778675 -25.9516292970499 4.61213425125774 0.347214908395554 16.3777305735172 8.5632198436418 10.3528853878538 1.94236630689529 21.2433997896134 7.78795944953352 -9.17255733021269 -7.54778223375325 18.9586476923175 2.25514817953653 -0.195376690737283 9.35232594828242 8.62746434466059 22.0356870213443 22.6969397784384 33.1818125952476 23.8302382792701
0.637385724264255 -4.34078768997323 5.46383606056877 17.7694036255789 12.1676789735807 29.1195451754221 19.1554942653219 8.34702995967394 7.68409307052776 20.2859504704006 14.3461155030072 14.6150570321880 9.47290989122418 10.1409460697380 4.45371177132984 19.8824476087308 8.5831924601542 22.0609406551217 5.01550325205619 23.4293753438383 19.5403558288560
0.583848553931105 6.00617762393124 15.4215298069173 -8.54505425639671 24.7696221236417 12.6258151620253 -7.50578635253712 -13.8167604535477 10.4539770179744 37.5834834199193 -4.97751130135685 9.3905090759263 3.01978791562295 13.3190374631177 22.5472727110743 3.37288089889924 37.8741657123767 12.2048065891174 0.60777669068411 -3.22100519650087 27.9984906344102
0.27857004584195 25.7449386685769 -0.0607160316565023 30.6281183746433 -0.334291168516914 -14.0396586412967 -2.81888280895993 26.9574920504407 4.69007553814891 4.13407684707165 -1.18206055419087 -10.8764865099394 19.5284876837254 9.51343959434581 -14.5702495480945 39.2697267854639 7.48343916068973 12.5096732947952 2.07429270641030 21.9345399336902 29.7108439201339
-2.08313853287355 2.56196909305795 13.1565736700562 12.2722744483885 -10.0646296567753 -14.7069538782136 8.62415685261107 1.57272647904183 11.8813745644758 -8.43217656919298 3.00581147811407 10.8265631284123 6.9838885312444 10.4933187076835 -5.90856698144921 15.8789553524038 17.8314288609281 -8.29155784348682 -0.105216723929435 -1.91672445844999 3.84177429218856
0.116162065654757 -6.00361696398378 24.8253436575256 31.4341841143985 8.64370262887583 6.8071757595285 -7.51385316054355 14.2482566966453 -5.84363716762091 -2.08082349184507 10.0051104123473 -15.8620919100157 -22.2716911521428 21.5500350129385 -13.0233631874778 15.9132923122646 15.5163470705886 30.1218947591978 7.31952671061908 18.4192492044297 -7.06771597364953
-0.601092943599964 13.7632262191197 3.27104860093992 11.5025962706213 8.38274925083327 0.839777130714403 26.3341491614286 20.3843769290141 25.6547360338618 6.7647730700719 17.2956554970720 -0.683395828138714 -2.94548203686928 -8.70042219614164 3.17675063684952 -4.05224425370637 12.1426896308739 -5.03310107890045 10.4008881879765 23.4086327163213 10.8108155150221
-0.9561762852151 2.13943650368648 15.8577714922012 -1.12553156968123 -13.4236271601124 24.7719855775982 36.1185622143294 -10.5804431604329 5.15150331296892 4.76119423164119 -2.86721681032554 -16.2683378509263 -3.7300456729767 9.52773532698158 9.73767021190556 25.0295414130706 -9.5834544115841 -2.69321316406107 27.8163610941262 10.9766459042914 -0.84648884898473
-1.05056047529497 27.0382116628429 19.0613581614532 6.628116431425 -3.04313577516297 3.96448637400694 9.52140577482505 8.06603753975805 -6.64296843922697 29.3901000770544 -0.0093934842415790 15.0292608811216 23.1575704676245 25.0713668145505 17.0578092939896 -3.50052843578609 -6.41901993792342 23.453665177752 16.8762915520062 -17.4929186828574 -2.23359482620736
1.75807402340887 0.975957820275419 -12.0590436643073 -19.4020666991146 14.8777722508229 11.5811770709931 23.2728350652185 18.0501482153457 26.8712000527799 -15.1813376561223 15.4094306443905 2.00663443459095 6.95636199444293 8.40180484101923 -8.78027249132329 13.9243509872463 18.7222238054377 -11.0137996718565 15.0225256411734 20.8723268880662 15.5652566886604
-0.323801978440453 -6.50537979804115 -9.29465988596675 6.27372885846182 -10.9364019552766 2.26642124535149 11.5264144703679 -7.92861839590532 5.33056687105533 18.2408885831517 8.80619827971098 -0.745740598321502 1.60832179262019 16.6776587582914 17.5882864784249 11.2270044656358 17.8894157693873 8.03253818924847 6.89006823768367 8.76416625468548 -16.8131528189625
-0.805390831505245 31.2026000095584 -1.21749126358614 -15.4139615861818 13.6188309425527 21.7185444982235 18.2621881558043 25.2980900182171 10.7723112186155 -10.9639066429938 -10.1961351219549 19.6375831714765 9.27173087972352 14.3512342885720 -4.9409444147955 19.5839083281391 3.12548219188543 3.86270975536017 15.2355879733050 22.034024109252 16.6504297662215
-0.741255853862865 -16.7019939017155 11.392491030288 26.6077176331522 11.1553123456345 7.0109291335765 4.48313303276202 7.76881989930481 -6.20764122137381 7.41561345916695 14.7712334182191 29.8301499744621 1.19557205076713 9.5919513604938 10.4957486029656 -6.08590504121851 5.55954992203053 -5.03554779733767 20.5133980200361 14.7402138290049 19.8051774350370
1.24906634634417 1.76818102707118 -5.03231299534253 22.9784881019099 -6.36835118621755 9.6509608471719 -6.37724926363109 3.50258029846262 3.18160994372416 18.2862027435273 -21.6340397287446 2.14209349961258 32.6574383200628 24.7687068884751 -5.9232995057198 -6.24612458710989 7.65126456839834 2.78646416347984 6.63491323757904 -1.39204566306414 4.8850948182097
-0.735705701619341 -10.9786845620438 -3.65562094425914 -7.76293910787639 10.9064367642130 16.7220360079058 -2.44005176144807 11.7444204429306 18.3297161211594 29.3006627354894 -3.08544910371192 21.3287948509121 13.1298772388109 7.30993000998575 -2.85582991020225 3.0256426316849 1.21336107103042 16.4811756041308 27.4908055438433 -21.3533406556233 8.06619596841633
0.915585760805945 20.6236638460978 11.8440719098121 -0.90448177296387 11.5559019806525 10.3542337301732 16.7158879878169 5.18498104615737 17.0872456369870 3.49166025563164 6.88725439850051 6.50785924723491 17.4369342176664 -3.89830134128114 1.84785987070293 7.55897642903708 22.1269872822253 16.011803746552 -4.33747505338405 24.257246981923 -2.93156862738662
-0.248641553523762 9.9328651889559 -0.33544905419564 7.63165677946475 12.3935219212863 28.6953733344432 -1.55108042908978 -2.78440202964259 7.74072935340971 1.75169465614381 7.17955416077942 21.5439351405732 1.00058614179601 -0.615523799533543 1.30028046959686 7.70455187224975 9.13518368251952 8.46662695113508 9.49756572948835 -0.739413731813006 0.864360598584185
-0.467289671250035 11.3954962538467 -0.254468178643216 2.40595007111617 18.8645361646813 8.81344179664338 16.4350245359062 -15.6094487736778 0.992290108492043 7.1663668746127 5.83696936693232 15.0876067440504 10.8767996297161 11.0045692694090 2.05786400403019 17.6368694960893 -4.91131101303439 23.7520422583936 7.62588782408564 4.31240334418357 -2.6761810150631
0.780494080845802 18.7811521235737 -1.62199568365559 22.0041414447433 25.6973837661457 23.0564246716041 27.1252312352015 12.3078143521368 20.7382202960572 2.91954329238837 13.3367505634359 17.9341164952867 21.7669781748890 6.09244008576287 -1.98997146799084 -3.72677562573944 -11.5580663174370 -7.88536203919338 -11.9425924865284 -18.1473461759227 48.6879832721635
-0.520148164919409 -8.9052722776315 -10.6282360607195 1.45991365107635 -10.3506448054626 12.5181088178431 12.4981849745728 12.6416194054087 8.6593819366221 -13.6357756195822 -1.36929741790025 7.64339182398844 7.01282988633966 -0.0217944815314425 26.5332954686534 19.7634767047151 14.7494441936111 -1.59118547838901 2.57085934483542 1.03734596369459 -1.44439586080681
-1.94832391039505 16.0201252629714 20.5252164699327 15.0336947046902 6.49893662407383 13.7499964790025 9.67835311282194 -5.26736149327241 16.201471094455 5.22521025769421 -7.88796922397555 9.94914655911814 21.5727167939687 12.4103459098853 12.0478784717747 25.2004553932974 5.34747243666674 10.6908921262961 3.0351518141654 6.58461550379473 23.1920884930202
0.932245105735085 -6.64283632991286 12.2540155525992 4.85764605867422 -6.60128150060933 8.52198641991007 0.514057370595297 -2.88833006218008 15.4807661904669 3.58814002179512 16.9925866060364 20.4639247102385 6.07852870022964 20.2959949301679 31.2816454963308 3.06490996760916 -11.0585082428937 40.5839400077378 3.27217576401339 16.237025963441 -16.9213563598244
-1.53767245384534 13.0216106760143 27.5828248514106 22.4729411402693 19.2962788794992 0.692604887325507 11.6870013924903 14.3306219541401 7.4365521499994 15.3730276558525 27.3854138032032 4.68498153540545 6.84541176118818 -2.62932893888351 -0.504168564850153 4.99217819694181 -2.95864469245548 -6.7912938814286 2.83761795407900 8.47980876203735 4.9456633023
0.834844336471207 -6.21648061850922 10.3551074241136 5.10516214002212 17.1414320775036 18.5036286755636 5.8627348913492 13.3224277416500 14.9776821386177 17.3786065572108 8.28354211843608 1.53733934913771 1.12955045313345 16.4208677475762 29.2242178665542 13.7925118336643 4.96690270202459 14.3800502041411 14.9762927725816 17.9945930161595 17.5960738778291
-0.780705834941812 -19.6354059368597 9.10505372429209 19.0095223943754 11.7046750439584 19.9070684714714 9.17911165993914 3.64576378484232 1.39487363541005 17.9590655728875 0.7994324547752 6.06010586328567 9.11560034401201 30.3770043833832 28.3666511396636 26.2319987257535 16.7675887569015 -7.72419585735765 8.75056442991103 -11.7658123027208 -8.65444597659812
-2.98866462489794 -9.84487661573586 3.44343337096053 17.4290546502641 26.6106563580451 9.8215034130821 6.04466627696479 -15.2930484145812 3.26496249080648 0.836630419654708 10.9835861080546 11.0218279406340 -23.2514501763289 15.3961329099476 31.280786063821 16.0646869458557 -2.66430341341098 6.1420252230751 6.35559809972097 -20.4027184821312 16.7026673981105
0.433766561912975 16.3141255844909 23.4664894284678 6.30688682946264 18.1913990780527 11.3184972463666 -1.94724052079814 -3.67783850423302 17.0599466507569 31.0207842156281 22.7067362348565 12.7398912701857 12.4154109769287 12.1954201336619 9.56677422555253 15.3826030407587 5.70883946471469 -1.10107696899952 20.6627359384626 26.3843596222176 -10.5789482657732
-2.06522481459973 15.2071020311004 21.7448970936642 5.8199465850263 -7.66973397037777 9.03972693456585 4.70104355515217 12.2576169432152 27.1253285259317 10.5328985425247 -15.1696256093848 17.7064967057687 -3.38218249791718 -15.8405408923881 14.8936348809233 15.5740753775505 15.4968388579346 2.1473481242157 18.9215916636043 -14.9482487034486 13.4194857557808
-0.873395134485796 14.8746716287701 16.3957911785103 3.93991891672424 -19.8568624548391 5.36310639162892 12.6458843642163 8.68490787089537 19.3792800336654 11.0609089165613 19.9684136033063 13.4658777301378 12.9696857518369 12.8957301286146 -0.715448745356799 2.36218095451806 10.1919172900108 23.5301321047634 21.0346021400747 23.7711368013218 -3.96062189209773
-0.970767320202583 23.273603988998 10.1689036331609 4.55928562698935 15.9641522337413 3.48249343983314 7.00237174594597 6.29740657434618 2.45233837481683 10.1187807217774 11.3128464900476 1.90637044301496 8.30753405043005 30.5960623936189 2.47195315153891 19.5325035029427 24.2158616640320 1.80993956288369 -21.0096650466047 -8.78461522325934 27.3350422904492
0.0729684860296047 7.98677825600776 19.5919815858678 -4.32346547675139 9.98331759155042 9.92291531705749 -2.04791927493993 7.53770122776864 5.87703271727044 7.88823558644323 5.80051832277085 27.2071363121317 35.3902779598499 24.3282749558645 34.7728935861633 12.0605181429642 7.66165313272155 -4.48515699547798 13.3508832958566 1.91463662299857 -7.75130506535598
2.09090430893527 10.4207992023130 -10.0545095227429 8.80405654459709 4.53387808711104 -13.843049084151 9.25200521177886 28.8438598888104 10.2974812683043 11.7291928692963 2.7694232143924 17.9343398045731 -8.27033188528948 4.93088848508826 -11.4193975099160 -3.15729742184356 3.48901359516917 9.4385287565371 20.8126397809474 5.17796020012157 6.99942133531615
0.3036913030732 12.8634943583096 35.2164772600019 5.72430950640021 15.6734392562724 4.99357230286573 23.4108926964743 -2.33566408790819 1.99828115390057 6.3202342900085 23.0181328938912 27.5128580545376 10.2598195473755 18.0598488273154 12.1966566210546 16.2823591661754 19.4579282486660 25.9692608988423 -15.8176357714795 8.07500719533423 2.78351934763431
1.04424396952685 6.97030509530236 1.35191092840852 32.3665186464827 -5.2106035468801 18.1890109601034 -1.88115914088665 12.3659378956233 -0.458590640160133 13.9198611009602 21.0171326619991 3.33937419241024 7.41543641636702 12.8192759569654 -7.15028362088935 -5.33810874077727 30.3976200036051 7.39053477290275 21.0236959735921 -8.5639870456596 -21.8989919768793
-1.47190338250702 7.80729473505173 24.4253035109945 6.65660405790405 12.0042561228195 10.6756622229890 35.0031446094701 -7.38745727180822 23.4821706127959 26.479966587349 12.8831745998364 1.43209157621817 8.05471371611233 16.3354226111034 -8.10005661906428 4.07494636965645 21.9589701707904 12.0808396912898 -8.47559227890821 -6.60078985760923 20.4498178073228
0.83728816054923 10.0944914525515 14.2681429917668 4.97993139063364 11.5955984766389 4.7879228935863 -8.54520065498412 8.41071428579925 13.4582863046397 17.1445317263501 17.3294434600848 24.2943076751148 -0.186070161736859 10.5448815320718 26.4542904366049 9.36879168186398 21.0296254037578 2.10875876621516 11.5720876436800 25.025046131943 -9.14448638889955
-1.12497097782634 19.8078462124649 13.2373582913685 -17.8704350933629 -16.5035010449282 25.0755783718337 7.92130551289969 30.4730431043529 2.29187716441913 4.63962915719813 -7.9160968375461 -13.4126371425714 11.4071361344782 -3.16681258407148 9.27718712599004 26.1873728088074 1.22626937673946 -12.6877522900664 -9.52225019321802 11.6872999201721 6.782734598039
0.933055237219588 -8.11473274527441 -3.23302735496999 3.15193787163631 4.36000431445974 0.788222526877947 13.8006574332441 16.4345612127399 -25.8178644784693 35.8694462747851 -17.2571369499672 2.70176466593925 14.5811377917720 12.3378177134159 -11.7760406622544 10.0094842653112 1.27510800339835 7.16306678257759 12.4395828595027 8.99333439189959 16.7700301570486
0.202576189572692 13.3356545336626 48.2465227715894 11.8444746472103 -12.8086552283689 18.1695683688538 3.24521251243921 3.67216343749095 24.908516241529 15.8580915142461 1.03420599634215 24.2560341105083 19.3476431799137 16.8933795757355 32.9000502471432 11.6294952393429 23.2387949101059 23.1604961757335 6.78422279078219 22.5119091726787 5.54959269487601
-0.43874883622307 -12.1809816215493 9.96986424475538 4.64175688118361 42.6977228550167 4.8974250329438 28.6254628276095 17.7528240949103 12.6467669304066 8.54985454629917 31.4463199308528 19.4497221681348 48.4840119145421 22.9544800818577 3.11486911243656 0.632897559648036 10.862607798079 20.9932240759844 -8.93040311413137 1.30694091497785 -4.99757299057199
-0.982508729310142 16.2029231213209 10.6339077317456 7.75724213990581 28.6265608081517 -3.75258425329179 20.8917052882383 -0.953095626105823 -4.45105330330943 17.3789347300052 16.6782341887422 5.7947164380469 0.324787501265835 -1.31525130673845 0.427611606794615 10.0231760633875 7.57798201422417 14.7199034180658 45.7313493559101 2.96768686457905 9.68496066313753
-0.619929502783261 10.9456584999116 18.6804954489785 22.4362233484261 -12.9318688427701 -3.96309215357486 27.1555865675166 23.7734018514544 -0.129003759642632 23.6406413542541 18.9652399256440 7.20734341777096 2.92212444850435 6.02045872728482 23.9966387286780 21.9835723390270 16.6630396454884 -2.76010534221982 8.66270649951741 14.3078468698891 -5.9587495517564
0.393680397180593 11.0407199606959 27.8647716716501 7.1764292809584 10.6149473378374 -22.8226748815205 28.2140132564273 -1.09252725582248 9.53968927929188 23.0584097244622 18.2929887057835 -3.04557813521251 23.2436408912784 -3.07212475338766 -3.96550686791056 4.77306143436817 8.45433042148297 5.33461120127239 14.4349445689650 1.98367170426072 27.9763865746621
-0.360442810284895 14.3729832572320 13.0726129684741 8.50786179476067 0.554197468183705 -14.9693946180344 23.0817839842844 -3.12820583537050 16.9136722857814 20.0978111237436 11.8326531500050 5.75407439204447 -11.8489729159144 14.6081637426642 -6.1901901647198 13.9150845606528 22.5429064645699 13.9263601630751 4.5601451437502 5.56403165138704 -6.86011888787627
0.242646298425938 -6.75022366310536 7.70144951155161 8.54159553774221 3.3881112319549 28.7556080284124 13.2437984688503 30.9878145199844 13.8254358569091 11.4043039383712 4.40925201793926 11.0347279484833 3.95445756286796 11.6272202114859 15.7804143972920 10.3797349698624 28.2221025558350 22.1182906885926 -2.37001942657994 -13.2449681695892 24.0523109812956
-1.31510772726344 12.5179992533173 11.7981947259386 11.2746220451192 -5.12630532257115 5.3568735847189 17.9780624529875 -15.3314878437364 6.35812416396872 15.0022292138886 15.3957490133248 20.2252456399896 -10.159805831622 8.2061002520079 8.14039582375024 6.64237633099329 0.0571079490529638 6.44797988917135 11.9042582299731 -10.7075038677381 11.0943486279166
0.729880739664469 8.0525349552068 -24.6598082286022 -4.53196438152514 -7.7570681040134 -17.5577901337708 23.1497206415847 6.37200122926307 16.1653781311564 -16.9308024036866 10.5718970903064 22.7118955174323 -0.356052665259315 27.0349059408507 20.2506074379875 9.03479476868848 -4.32010343755065 -7.10922111608093 8.04395748790806 4.26517240660719 17.4696282618079
