"X" "1" "2" "3" "4" "5" "6" "7" "8" "9" "10" "11" "12" "13" "14" "15" "16" "17" "18" "19" "20"
-0.4449882047534 2.12940155035613 6.17317871319648 11.8993491244538 6.81688137815419 5.22469261976011 9.12882265391596 3.56401002411274 6.60997948229626 2.84534288677462 11.1376543375913 14.3270174363900 0.933727671386139 9.8599866161082 3.33625082341356 11.4195189361161 0.416179484104876 3.91231618184902 3.79159010576596 6.56014470723595 4.18647850559022
0.386415940320485 7.31408099288946 13.4205372271991 4.52335831840283 7.81424583121708 1.58906451333899 4.0773063999898 0.206001653909927 -1.32579198651906 19.476982514171 6.9513408739422 11.5486146481437 14.4135283995918 5.66976152182018 9.65594916664793 11.8969721679617 8.15063222678068 11.5052119396869 13.0539123614116 16.29296255645 9.8641674518581
-2.08414104812651 0.314051029003557 7.5966401313746 3.15761081461641 8.88183222855176 8.18061017184818 10.0373955592492 13.5158960660873 4.61765581433838 6.3076328774534 1.79389481971444 7.49141140519187 7.83111328603095 0.53821146262895 16.5067895216294 -1.91388152276690 8.57771374608191 -1.67125766382482 11.7794252930439 4.81625998675227 9.91658106662223
-1.61354498889191 -0.189804181154438 3.10063530844953 4.70368641871765 8.11545986413275 10.9175063488511 3.89755801012162 9.20629652181422 4.13036762806813 5.61867535471524 9.09238758414484 10.044656305579 10.4227515852934 2.81467483511206 3.02406436596189 7.84533242765179 8.83431183016282 7.13453658659394 8.3717806775004 6.46281753486915 7.93801925770505
1.00361047045881 2.77528653188915 18.0547402667111 3.40368644660380 1.69611134089253 8.11384666414157 10.2690336966762 8.84992299758072 7.36043524842804 4.02060897868481 9.90869106488738 0.749114863388907 16.947681666347 -2.15258130905943 6.42938679523339 3.32993227574601 11.6289407221029 10.7371415764570 6.32196598399004 11.7888461743631 5.98004030363179
0.960242328023518 10.6769789039063 8.41182816721442 -1.96298436542123 13.5350388108050 4.08770505799078 5.98072960010828 8.93073556433582 10.9972898107399 5.3753894665899 8.64244850592862 11.7441153646117 15.7049908612951 3.71025348219484 3.83411033859303 14.3350382004422 8.26348866033394 10.8173421341735 5.00905417169343 3.40925676205201 9.16888204538958
-0.745499728030379 6.6452246120037 2.37313505978073 16.8108440631439 -0.99634654566174 17.0492206714873 12.5049430396511 4.00505680511856 8.27411590497818 10.6565979070243 5.76501976382594 7.53859521292647 2.09498315141265 11.4900486988818 9.3785487487803 1.50283911739093 5.02589624395627 11.3443080577876 4.21825644657826 12.1884555933381 1.33498713640522
1.91797646132023 1.19709878607839 11.5244520453409 7.64898768286971 5.65425161884883 0.495344805132506 8.66264515038827 11.3985109517968 13.6321596691056 5.97493552643637 10.4671629529128 11.696002986147 3.91838698890824 4.74737359992703 9.70230618066758 11.7105675025367 2.43048625327563 7.5842175535056 5.71531567241398 6.89660996696123 15.2007444492990
0.352148904939953 6.03777306942476 1.01832041299884 9.82907133815881 -1.69012650876302 12.8040774624469 3.55872148660205 8.4450670276944 6.05080901152572 5.09493459595689 13.9623090613741 4.53917482640598 15.8754594248708 2.0500992003262 0.270640954324553 7.85229059107653 16.8449118720946 0.975525088408229 8.84289255437402 4.98084838887969 8.83809036217843
-1.31490671740843 8.71341027996532 -1.17696656879747 7.41132710027722 5.47893530200244 -1.57786460529793 11.5126198504497 4.04731411747453 8.86353541626479 6.27167695481534 10.3704425481794 10.2952320420267 11.4957638503774 10.4504879145979 8.120722715974 3.91816527410708 9.56662473875268 6.00164602524639 9.34973911805002 7.70720591612662 10.4021528394037
-0.526895919372537 6.068180318948 5.42451933996608 12.4522254637772 0.00309649019874428 2.73841215810497 0.321247540562623 10.1256474287081 11.1966502792432 13.2457926879184 0.246200826808171 16.6232592906441 3.72625765153243 5.94813258336814 3.50143802968371 5.88830465814801 15.550794329168 3.11479858649301 4.46322688126138 13.3410664077238 11.025392773504
0.585579615597443 12.7211720404488 11.1387178282550 2.03893615353735 4.64250763662089 9.00165675925293 0.765265900459053 9.0991418461806 14.5642318108191 0.277121840666945 7.512174255526 0.555475660136817 8.00489942325397 16.4280654906797 4.28141795065296 -1.35166826176990 7.9809430134385 6.52531179465886 2.82575831972730 1.48760697563845 13.4026856596735
1.15739416520475 6.7850975404162 0.764121627704785 8.86157053272253 13.6751666308716 0.0117090753489576 2.68341055913362 1.54658371348706 14.9346481790309 3.84291151522883 15.0197961638509 0.845095002979514 2.15661053294351 -0.767802517998932 7.1600704866194 11.8132179117362 11.1650936662441 13.8431447166568 3.30330894941622 5.21018673567715 10.6604609247595
-0.820267517120098 8.13841079066908 17.3841545653059 12.0358560918847 8.43291603290538 -2.33893594124052 3.12337578135781 5.60182221930576 -0.217055910645327 14.7096385097304 -2.29203883080358 -5.71987425797509 5.6309908615609 4.53006717226703 -0.00180449444859709 8.17568060318623 3.78345191656353 1.80446052582865 4.93685435530959 10.5741257372887 5.58072031951556
-0.0218876389113601 10.8212091674358 12.3602929954521 10.6747084952957 4.63350236448879 2.39184952520478 2.16047269426231 -0.889400915255215 10.462489324284 15.8819662105725 11.4958435277112 4.78345026883656 8.1557970738162 9.45460533261329 9.13866671674814 4.94148289806176 9.49981398705635 8.34470945836068 12.9980756868748 8.97469482650552 7.21507258962039
0.273570594177009 7.11813961390628 18.5592824812793 9.0635139584229 5.17224974610567 3.65837872296679 7.67126287357504 16.197996908865 3.42428443479554 -0.2295235906081 -0.831850751355041 5.46107638720933 5.15108696908919 13.0924134393075 10.0836551440196 -6.31201224572435 7.66387294058956 2.25518290613524 5.80880450963199 13.5948609583712 5.25453482559406
0.161806665786798 9.69099565937495 16.2009117829839 10.899820530694 9.65745314555605 6.55007190450366 10.2861425449118 8.99278085274904 1.96732210727166 10.8024039492913 5.59883648214378 13.8060665561052 3.00973111937432 7.78524602341258 14.9438135275091 -0.122859209361477 7.88168527331831 9.87190540821044 7.09407493332872 11.9312224801852 15.8888618224529
0.544138484080667 0.549811904470788 9.2409156339707 3.60980708983954 7.96090850233636 5.00253521267074 7.73394543801996 8.35805025707619 7.97494176166968 1.63054533983424 4.98125115067658 9.76835243644358 6.39916278261778 -0.838090106677668 10.3525535644020 6.86636808486846 12.1276389775946 9.00807153509004 10.1360205008587 6.62585937670682 7.21934960150093
0.987319692312166 12.1470600249378 6.7295168215726 20.9531053791059 12.6883082704710 5.84215217662096 6.03335424088737 9.43324564197813 5.22776780077219 8.65166100734352 16.6266770655073 7.90922639184256 6.07796180991009 9.63758091885166 13.2334116875574 2.49912347025781 8.6283871756735 5.46375805134719 8.10484339702945 -0.761792745665196 10.1560791935098
0.908401784512838 7.49501414647304 13.4070345631718 -0.125724471189405 1.92854384329889 7.49517325570712 4.41706523030596 1.26610674512489 3.62031698744976 12.2312587450043 3.64963108056545 6.99058056103517 5.03614885089195 8.6537224465298 7.20435470395395 1.17662254133647 8.55026517628879 13.2226594590625 14.3345593099945 18.0332710362907 7.17754317699919
-0.958328808505945 14.4665905248221 3.74308642449992 4.7540602018242 7.57055039624736 7.36747778017361 -1.79615920998908 5.10634882872191 2.07369460106707 11.7939972212872 2.75735846821681 16.0525492304416 10.0485485896354 4.49594697905322 15.4498901054174 6.11053485786123 5.63762385530305 7.72955447160332 4.26983352236337 9.37526467506876 11.4897039621719
0.580555884933545 4.2895494820629 5.1766177252842 1.41723109758681 12.5306423634332 0.689158675080008 -0.28156563567502 15.1788440874092 3.50707353538355 3.19249850506088 11.7046449138321 13.5991896450817 1.26533279358485 10.1283164399656 11.6920576658516 6.05710002418706 4.4129385262112 13.4201938958063 11.5102848795445 17.3457632722328 12.9441562603922
-0.0839784164157153 -5.07479635183496 7.48396847818892 -3.18603343597726 6.79426080542367 8.6347892883525 13.4495205057260 1.59393569644321 15.9372604262799 8.30105331054175 2.73892824757349 7.95062157799383 10.1784252830065 3.01758358438428 -0.530948756890932 7.73132256823378 4.08948629818677 10.1708806175267 7.98332865367771 7.92041776597242 2.59439748670269
-0.247984735682423 14.6444966740066 6.35381735110945 5.32393053341885 4.26014376052404 11.0739142052946 5.70078909394776 6.1304652076076 -1.33890642129057 8.56526753747036 6.50241320810352 3.36461002073459 12.0755776140877 1.59070941905864 13.4854561752226 12.0618019736443 6.13705679584892 -1.95107294274621 1.71808353337281 9.9871191416425 5.84670468985398
-0.593255196764499 3.13973133442157 16.6136740362508 5.08218243548232 11.2779363793191 7.73470647928947 8.2441557024387 7.64360029112343 6.17794931605677 4.39665683695351 1.25466631558871 8.68248627462632 5.66056189055071 6.76301492451663 6.39163266380706 6.52918517576802 6.70995823302162 1.34112012390117 1.19358430548726 6.56421334722711 8.44657538826776
-1.22291583519959 8.65530279571233 10.7364597243781 5.31292357462249 7.16713842481075 16.1921351269409 2.4750214318047 13.1965008610318 14.1730611799276 6.38192824587442 14.2825633663228 1.07975095687473 11.5785510680105 5.40979802740631 4.81967531391271 9.8672194121984 9.78860197692944 8.92731620454273 8.78496832555856 -4.56479464632404 6.84228294248533
1.68580078398446 8.87647792096939 1.94102251666779 14.2431459809481 12.1319992188701 1.88955763708385 5.6635784993035 18.6942365245989 10.6879617733034 17.8702989868945 13.0223366646204 9.79848385782686 13.3975712403658 1.92037518074297 -0.996102217430226 -1.13951224766828 6.93902573323086 14.8252951354312 10.0670426167702 2.75687872387119 14.0158055875866
-1.00095765534503 5.63250763022802 6.4320807654151 14.5966258422321 7.17331022719551 11.5618994077917 17.0006242291868 3.30991860720075 7.7678152190939 10.5135534214425 4.1325779864978 2.24820166987452 9.84495961369918 6.89455141861205 5.20686392591185 7.18743207871117 10.3070550282112 6.34909249965461 9.13745339551554 0.70815381766102 5.75416541637853
-0.756261518252538 10.5577961782019 8.16989274428183 2.77741097278716 7.80850338898717 1.39273957204538 1.84296905503571 6.70777461974111 6.57528486324188 9.30241398916668 13.2630008202414 9.25747304340688 9.44575685954572 3.8387783849129 -0.765088582681712 6.88167258065619 2.15145691578042 16.8549638637658 -1.45512547020824 6.16620872489655 6.5478811663379
0.62596008214643 -0.0789258250575158 15.2554015384541 8.28727631181446 10.4992287115837 4.34566875087459 6.09415180000154 3.74168896240003 9.59048373612169 7.7290315933706 -0.0277366447783024 8.27411635339186 8.80437876745858 3.46038024634584 17.6142153960642 7.33855760164062 8.15557507012331 3.42384136340768 14.1416002176135 9.02381626792701 10.9135809341846
-2.58988579164473 2.71866759271232 8.76872710944939 3.80164786314324 5.33375683504496 -1.33156957420500 7.66601895960979 11.8368973584360 7.10183687737792 10.8231753461886 7.5049714553295 12.5550014150165 -6.16376358189703 9.72279032826536 8.82387420433535 7.44250130959598 -0.462932645936406 -0.218426365072947 6.55536621669122 2.14877933519056 9.75632914939735
-0.335013321524034 6.69260442177392 6.60693845687663 4.98322083809617 3.74703843151226 18.6704648440948 13.3153932322807 4.3897593427677 4.08168702530201 11.7545464669432 12.6108613836981 0.594462897810745 0.449234349079567 9.32789380455212 6.49975030384899 -4.96781973637072 1.37716593408351 10.4503775916912 10.8886344685773 6.64797975178942 15.1277601482839
0.356698469274464 7.13780850744566 13.7238958327442 7.3642056633298 15.8656890006936 2.53171027437614 2.41109662724988 6.25395273411361 8.75797377423187 -1.38402431554545 9.30107833565209 9.27006077210359 -0.445323182739029 9.84445709227208 7.82184689132364 5.02897970849876 8.89669783418017 8.94064659097399 7.49566525794429 10.5522220237289 12.4697909167187
-0.888099561787633 -3.10384478305522 4.87623569411479 4.58475128669339 2.57824865895617 7.98707963271129 2.77278524049286 8.09389917409531 8.43522564300338 11.3412123506158 3.08133847902881 10.3379089997197 11.3618937441560 0.259081798232971 13.0982112415576 9.86409630117102 14.7872530425264 1.86827847891359 -1.25376880598988 -2.04392586119862 3.91082775361375
1.04660678854123 1.66590448672233 8.07615430532466 12.4797085620371 7.89363462250767 4.7381552742985 4.93837906682698 1.59703813914782 11.8950839177833 16.6284366173634 18.4712652933247 4.79564857187243 0.655338953300198 4.84051058904484 8.37347272736485 6.90810945915115 6.65632209777005 5.37089215455912 12.2145075813420 10.5926339768350 5.58556019802656
-0.656595856226528 12.905428558096 7.27448054299212 6.96966794187584 13.1375227508956 4.05253492475644 12.4413729039219 14.8626069827942 1.37102582096969 17.2808062846913 -0.173886707928457 12.7659843819678 8.9007279051911 0.46407747290905 15.6598088281406 4.59648711503514 13.3189085287756 3.41333610364474 5.8780157119811 1.78544546065726 9.66865799251098
-0.213318079969103 9.6640106276319 10.4314053223744 9.24487261781794 10.1657650337768 9.7570844280929 10.4172341096179 16.4055212280716 14.9423382963643 4.6102315815093 15.2960947740476 12.945343624497 6.26655651113448 3.51115828199357 13.4806427205957 6.17337944977427 16.4421904022667 10.1545241077108 5.83019385888367 6.22669927044295 10.6146214105107
0.230481757113338 0.327535150487541 6.3537154433449 6.89454075221715 4.53568594153358 7.67791549890006 12.9848862830477 11.5548292850215 2.49809551883487 14.2958313682462 9.4240880035344 2.46712837005323 6.00436709410605 2.35206549362062 9.8576753346761 16.8653915853674 -3.41902256660495 11.4882049103764 7.60809179685214 2.11210321141330 4.97418686803798
-0.480849775995596 4.84592456576372 12.1246398264617 6.83990678414178 13.7215769554516 1.73746620050091 5.31821414043694 6.0447070534745 9.96157413043208 7.75541705025411 0.490062987030584 14.6590900936154 7.367371686565 12.5195677574679 7.16916541047275 2.95976401534389 9.03614148372588 7.25700566983763 12.2540205570785 3.85361103222002 7.55293279137317
0.433825487956123 3.91259207265569 10.5245699021448 3.78788395970875 17.0884460549921 8.77556226879847 2.1817163998567 2.72439545228994 3.99992912749638 7.0910826328284 14.7519421608439 1.13952269265868 12.0490887250259 5.79905361833853 7.26779594914049 11.1726502559795 11.6090673339208 6.65483315673317 9.36590086586835 10.4385778849817 1.81906343707258
0.407451137773459 7.58722664556533 5.97144981083064 -1.12320084163526 -1.55352481793567 1.61659556051008 -5.29114656814109 14.6929046973455 15.0847732148823 2.06935941419474 -2.38006040648526 2.96216703231309 -0.223008586189294 5.18407478916117 14.8216299267575 -2.19426705544193 -2.58803430421214 9.97298247054445 6.64128047292521 10.3868424005232 11.0980016316394
-0.626474416388065 10.4456882974053 1.36660838415978 -1.54800532297046 11.9344804078496 0.190434642303401 1.57375898892208 5.19780663830599 6.71100225515613 7.07592124758779 3.31077438591409 9.14641562945314 1.86243869855886 5.94912918595758 -0.52299914481148 9.34001517080206 -1.43142177121694 14.5092436741065 0.658610111611905 9.7058628277681 14.1629823054520
-0.256640246836235 13.1213724347682 2.83371228682835 5.99375199399512 11.1300428674273 7.53982812530441 13.2300506929441 -1.17194951347188 4.65753869558 13.0471907939951 7.74256006173994 9.01912531286417 14.2429226066443 -2.81249024950840 10.1497214559459 11.1496908658902 10.6356223431356 14.407350131887 10.1425302789618 -0.205097554567373 11.9716081648147
-0.0986585373929904 -2.46014210675421 11.8265543503599 8.42876207964242 7.53329069324931 7.70383214293724 20.8329534952240 18.7049428553446 10.6570229322891 10.6665151743959 2.70308359786779 8.89734765252117 2.61278007598729 -5.59089657047703 16.5326325794900 5.59060721298403 4.58715398588592 12.8045817624915 10.7898217740563 10.3850747060144 7.8309647287686
-1.91929007725544 1.50543783910814 7.96640832569664 -4.58235880228138 8.26252948870887 7.63761098333771 13.3726885790374 5.03388716222445 4.45434441947298 4.58748677042144 13.7619014792816 4.3190178772201 10.0606201937462 -1.17615551824631 18.0152866074561 0.505031627196887 7.82593921818831 6.50496513896225 5.41302866571832 10.3229651855042 11.0472561296997
0.472758226516899 9.05893185850823 5.3427133366351 12.3232529398841 1.56322674761513 6.83715221222826 1.16202456929519 8.77711703874009 3.58056246859461 8.27411943062268 7.61575313355728 8.72142441487024 6.19687537539157 4.67948238755585 12.1241120079607 9.71389642866641 2.43437638692427 4.29231585421284 8.8597840201746 1.64717372383792 4.34880736597983
-0.351860757810964 1.98506748986712 14.3947990869094 13.8164576514079 1.63448079040084 6.87138441118631 7.11986756367743 3.26977802493536 12.4337761006580 14.4222233170765 13.8876135597256 -1.69574784239343 13.5344963379088 9.22976167665052 11.9766630759703 13.2417726750495 3.94574163058387 9.24374609913394 12.6227285493060 9.07659725811043 17.8323272048663
1.6377620424169 12.5254342000244 14.8340394928876 13.0344206894750 8.36499722631257 6.07608592462957 1.95641033925835 13.1791675644138 5.53987087422509 2.37834054239457 12.4467549792313 3.72016296698739 3.62963654074610 10.3116758055851 2.15601332097624 7.17364572074891 8.07300889976306 10.4618765054861 3.08052711458952 9.32889181394434 4.49160418928853
-0.555108001903451 10.4780376837770 0.384925459426321 -0.416002698638503 -2.53892446592228 16.0380623235651 0.556031197722426 8.2127977895666 13.8884161767686 3.50777112376131 7.3219443318523 10.1444544267597 4.54465082515592 11.8085203422675 2.08119064670895 17.3747968216331 6.54570887249513 5.4659568300971 9.12099878960259 15.7704029957469 5.74345444259851
0.144808731814066 12.4681127953701 8.67502404582262 3.576945810268 4.14308440000066 7.07826909946574 4.00059747991376 14.3450264533367 12.7334803298621 8.95769202492624 4.28200587023563 -4.71144731498946 6.1340620473948 13.4701802786445 10.8967611934368 3.90862565882861 8.78848589922844 8.33129399305446 3.32416516615172 8.85448917982676 8.2339156736491
-0.899763268801792 16.6483738682402 8.38194712077657 19.0559921474281 14.9349429580518 0.169542304345214 9.49563143539395 13.6952306381097 5.52858151726073 6.6237612986151 3.88838812472374 12.8914590313920 13.0062884026711 6.81318577280581 7.16514591257797 4.81769527581851 10.4124775042689 16.4494653217747 8.84994502582796 4.58892714178837 7.91594811467783
-1.1524423155274 11.3452746952076 11.5676446869066 7.90935954647042 3.69958462155706 1.70786707902633 8.22638308395614 3.18856594890806 4.45949080019781 6.56495800816563 3.51820664501619 -0.307303541485039 7.31044370877716 4.38940655899968 11.8791226466875 8.0509324913271 4.04735114748676 7.38835154732788 12.2636231488807 21.2014808004110 -0.282565461122201
-0.597875338277922 13.7529039801599 3.35864268548991 -0.0356378729819213 -5.01418549326796 6.01044240248159 11.0623535885678 8.61441690254582 4.24091462719186 9.5506932011616 -2.01429159644211 5.57265800842148 10.5304259652197 17.7915325372484 11.3996620221045 1.85698334320827 9.76997691859577 12.8851096545439 7.63212462282165 8.02347752663596 3.48533981719338
-1.20978334778675 15.9895059885343 9.55156340088996 5.47589891786029 4.14374475881438 6.11231216554831 11.0713854521840 1.39456536350586 9.5699987554776 8.39153690087165 6.70794732362655 7.54855966157963 -0.408996866159684 12.2953152382073 6.26539264863073 6.56810014288661 -6.01486247085291 18.5235353290785 6.3399790335992 5.83004417333129 5.49007578014113
0.637385724264255 7.83149431681988 1.86258210604386 9.51840388217155 13.3423146023497 10.1261254204801 11.6348543675966 20.8121038283943 4.84542772552464 2.99322992476088 4.78174165437705 10.1609171001312 8.39106844757036 14.5393775503382 7.28827216864538 15.3648939708723 -2.06613233196536 8.97235960219654 -1.00205043173558 10.3158184896339 9.1590090895189
0.583848553931105 -0.280279863845533 12.2474177903372 6.1933109122758 5.14706542798274 13.9548515775042 4.24280449427749 6.25548009871891 2.23799679009315 8.60926458326397 -4.46225183350667 3.18704560991741 15.2150189452115 4.5947306244819 12.1595919826007 8.47009592335602 9.84025107859613 -1.51929882103026 5.13430899436377 1.26681266657510 12.3156570351053
0.27857004584195 -2.48208097777348 9.26889715474978 5.34016914594598 -5.17988474946312 2.14690202984647 1.11673458557931 0.165507306227059 11.1768573718329 -0.187217656227184 11.1421734841266 7.14751017587822 13.9796048576189 5.19997763940135 -0.00109073668548758 7.26738164216966 3.65973243436823 8.9471178703495 1.92854191899307 8.93666028306328 4.89587295959333
-2.08313853287355 13.2228971591597 12.9986783676437 7.16913061823537 0.127561318345888 9.15639377991058 14.7008469156307 5.05857860976714 10.2193305094703 7.65404122444956 2.66542138217506 1.77961880482115 2.41139168552913 4.79229515107695 8.27219595379872 16.6048347022337 10.6372599861886 11.7352669542142 -1.11087558518800 1.96435532688057 5.90106809474954
0.116162065654757 2.67643776746726 4.02230719133576 15.3132654979865 15.5686583098863 12.9846859540280 4.14367702912359 21.2301105388990 7.28587844787458 12.3283037394242 6.52789793317858 7.00893546604347 8.29455100747186 -2.53123778518653 4.24174409226417 5.5408366798328 11.9587261744039 4.70741111053763 4.6864891164085 1.98155110168436 13.8721431509484
-0.601092943599964 -0.168698209333221 6.73375935672923 11.385884780036 6.53925456869166 8.07906026068861 6.11306827020522 8.54897278849447 12.6531018737624 10.7719160140943 3.64827105286992 -0.073680114866495 -0.764271997596237 0.157386102401142 4.44262331194713 9.80173270180028 0.226636288353259 5.6865180098553 -0.125935795000200 8.9910386437365 5.0186444330797
-0.9561762852151 11.7197069859285 6.36524776783503 3.34923495124694 10.9160576569358 9.95688649936094 8.80289611994516 7.91991731033588 1.21119419705318 9.50562078559608 1.17973455506237 6.2077941926255 10.9518581147874 2.68558115948238 1.49051474621781 15.0823367157480 4.87140386203273 5.88551756575001 5.91132187500444 9.77507077604418 9.60084948933886
-1.05056047529497 9.71133979301604 7.49497550930794 -3.388134539234 0.98645617438282 1.88805831920024 8.36370050997266 8.4003104922022 10.2634424379622 4.43672758625853 14.0043400600213 16.2199826845522 4.14141894435701 10.4819727180455 3.06804469821155 10.2396809871878 13.9405489313326 1.73407432113237 6.72114267371973 -2.93135225029007 4.61705822374546
1.75807402340887 6.51072899660925 2.47862973843807 2.23249442761805 5.66434190813855 17.0882298178164 6.15093350033833 9.25659144886573 8.21657560476041 14.2976803166699 -0.695217903712046 8.48129263570275 12.4197870741834 13.8880756501609 -1.29369968808624 -3.39283529332394 9.6543519447548 -1.15468345747809 2.68282066252106 2.54323405977380 7.42977366633514
-0.323801978440453 6.71763610403728 -4.36206774547209 9.14045160675724 6.96443091653092 10.0852294402441 2.60703191072158 7.52967345529416 -0.332270816072632 9.31593176693328 4.55644283915363 0.880523157543538 -4.73944878787569 13.7682389584221 7.65386925062387 6.62706592878356 3.09889581025177 0.970044218849072 8.2878730132404 1.89204937531914 10.2573381134762
-0.805390831505245 2.38124857056056 16.8652436816373 10.5987896248457 11.7243511867246 13.5786248305298 1.84252781545753 7.65459618574257 4.27301690229749 4.76518224544113 7.62460549460485 4.63375352993519 6.27487467464774 0.182173950809661 2.90111592972218 5.07348512670099 11.4543105429459 9.20177460631805 6.57061927119585 12.5128313143761 10.7432491991722
-0.741255853862865 6.11915165644169 16.0793286034601 5.61174682396985 11.2958748337298 10.4907476395183 5.57198748529816 7.09856529292695 4.29321407335270 5.84947449366216 12.5536527395892 0.111724689922187 14.9768310537597 8.76158987817812 7.699174782696 10.2070804006342 9.20798553217096 13.8577136454983 -8.32327386413137 10.9172445630545 -3.89271182698684
1.24906634634417 9.38314900547183 16.1165569136911 8.73415448200462 2.29182314905345 6.17869733205782 6.37510327335613 1.44144625159939 0.21470151594648 5.02255328336128 4.38398220438988 10.0326884052188 10.8402221839787 16.0833141923867 14.8797545072446 6.9566398007612 2.45263960748625 -2.53103749518567 7.78249310234264 -1.48824636593401 8.8600841047091
-0.735705701619341 10.5290322516605 0.92522011485299 12.3135561522808 6.31000888480108 2.29458723308476 4.70188602934233 -0.179449956453983 14.6045652819420 4.92684533403436 4.53590280290799 12.596595860628 6.84422206442337 -1.38753865202039 12.5621672525192 10.6827449327242 6.4460765335864 9.22129260101847 5.25536757258144 0.451071761666696 6.44200468970833
0.915585760805945 17.4786920652417 5.99680077737358 7.9288562005867 8.79862037911942 11.6585104764700 6.62966799024681 12.5172906107363 8.42623344493211 1.89629014329913 4.83517689633463 6.04316509353776 2.9994536669245 11.1357033601840 6.31976242907057 4.98250481034904 3.24538098448296 8.73237968110049 0.414637877575851 5.85187942265386 3.22847819404388
-0.248641553523762 14.2177993224068 8.96065578441453 1.9060431036542 6.96741735694923 4.42188407500409 -2.37254451359969 3.08268730818342 6.2855305556988 -1.28277871815850 2.37435146268638 6.18083640185216 0.646759608192552 4.20206964665162 12.8332416692880 10.4166371785812 8.35084148188266 8.99002436052067 7.60324040387748 0.819495999945556 4.80134495415208
-0.467289671250035 3.47300914349926 7.91176018607278 11.1724838798439 9.99714698353697 8.1851303892064 9.6249743564584 3.37150334144691 2.28227186556343 7.92802486393371 2.41590208647282 7.8842404396293 5.40265709128121 3.71053047504863 0.271860143714611 4.11844246022118 8.75903044603642 11.4209969642968 4.72906611705664 -5.4543617524212 8.73174064555792
0.780494080845802 6.06210954259033 4.0034303709057 2.42276092408593 9.60943179814863 7.67571178101544 11.8818855635966 7.83667265275015 1.84565878656993 14.166538710231 -0.600397853664601 5.31981264574636 8.3561858081219 4.37270767600982 9.2262350738601 17.8263710462874 -0.201319798713787 11.5532294085626 10.5091554506070 6.62979117754926 7.05687306572718
-0.520148164919409 0.554472253420059 22.3102525240552 13.9753998954743 9.51614800284282 3.45108598034757 10.3592907749486 3.75255538233186 1.30795924750305 0.881258615916533 9.24878839976487 21.4142564606219 4.80676762623053 9.63028093538926 2.78049537513429 2.58186024488676 16.0957843471778 7.63277504361295 -3.4735391555696 8.22680362056097 12.5425399092265
-1.94832391039505 4.83973979088955 6.4111029505571 4.12905912368224 11.0050515882655 5.00062686098308 0.648810888051273 1.35746242572510 1.24901278756523 17.3779606157517 6.39350219739019 4.15911862945332 1.82833707604950 9.6333872322715 6.82066322784933 10.3678416003487 1.92536069810940 8.99089372426653 12.8360506271133 2.49716860911308 10.2501456775658
0.932245105735085 6.8220465313185 1.70714501574980 11.8705862794890 11.6151351854277 1.41177857903596 1.18293638095786 0.0719533273000472 -3.31876152441444 7.20948156548527 9.92910849461256 9.70656533602979 2.57118167994856 15.2644212809335 7.52599462999541 12.6387180257270 7.0537762720193 7.70433338066367 12.53163699343 8.29870373841212 -0.972009495332685
-1.53767245384534 10.8304065802122 7.87177804672654 4.0454158475405 2.43797855199495 12.0387178945163 15.5636806858573 6.80610174572116 15.3540479976068 8.88342339689019 10.6048783946749 3.56365082157478 9.72651118608702 12.5021962347067 0.117480649694761 5.31923169736465 8.75358987434017 6.16098292762562 9.85163383140008 5.18009902701089 6.78286622292554
0.834844336471207 7.59190743475462 10.7701351768771 -0.919832100210196 8.93914699678535 17.5149102172277 7.13251661530945 16.761525908317 12.1087798071761 13.6090141325108 5.28087274856191 9.04254647427322 7.31449323696509 0.961018358524006 11.2355170446943 7.53392412338773 10.0522930791369 8.39249741655523 7.66996446122613 10.405534181514 -0.394962436829398
-0.780705834941812 -0.342948589420846 0.516145099767873 11.1212821790709 9.40105769557062 1.52740375224772 8.74260841266544 1.27594143003037 -6.58493484664075 6.35069578988934 2.45095942080519 11.5233385102050 4.15999121058581 -3.19368286217562 1.78592024020435 9.49752791831117 13.1278744786161 2.42269086018914 10.3425141660809 14.3921774581174 7.77556561576858
-2.98866462489794 4.56097422730667 6.93913599608193 3.61018353604212 3.53427688157869 2.87381547294758 8.95895031240844 3.34753521712046 0.853695488420176 9.20848453102501 5.14975478114740 7.85662150454974 7.02308811289955 0.508723849715593 7.28360520478372 3.79110416229144 8.24730245318848 3.58165738796094 11.4000754880309 6.90038394617959 10.6998836624239
0.433766561912975 7.82709638193609 7.39188595637604 14.3589073347242 0.808416036947332 14.7832923608521 12.5938853183883 -0.189879950320075 10.9109687681273 4.28724057313958 7.60249639244573 6.83403165458212 8.31747227711205 2.93911646953704 7.29162882289757 7.18685471075483 12.7944364974584 0.252800490465454 11.5106346221862 1.07719842503104 6.09783635087136
-2.06522481459973 4.19436844853093 4.20531818670044 11.1404269427331 5.95889849753096 0.923437202850378 11.4738374053574 5.31045200310061 5.80926688111156 15.4328367435551 3.59889850777659 7.59502347355779 0.98089775222685 12.2268656865259 -0.511068225658156 4.93895483627144 3.72961587446850 5.00142623887036 11.1282087175952 12.7918295488212 6.97324035250726
-0.873395134485796 5.52984879877717 6.20493223111553 6.10956806840444 2.67630164868506 5.9564993437128 12.8470390301137 4.70845983566881 13.7704447490623 4.38656779674761 7.1286359845001 14.8778480393783 9.97214459785971 8.0523356183706 1.67242401095115 9.41918529052531 2.05744449028981 8.213302242683 5.43710021655883 6.92931992762876 4.18475867998239
-0.970767320202583 9.22824550879389 6.40644274825812 10.7365870710596 7.95604369849304 7.34282357556214 2.27736202552251 5.7894665418002 9.67996102831386 4.54166053143959 2.16888260996989 0.923146690702066 3.93782400623760 4.67492505789512 3.62907783444829 11.6643048271909 7.78852983352227 6.74630433939803 14.7405292672703 -4.80740805563165 5.46971891190227
0.0729684860296047 3.31570771428347 5.04739457578654 8.07228482685309 3.63025301154194 10.8746583465220 9.20459818062413 3.64121786507362 7.91914307200463 10.0731048550806 5.16331399169255 15.5781736136474 4.0440050144877 9.08641344255226 3.5948483399814 3.01793517853351 9.70895432231303 7.39630352609437 7.7162563759507 4.04320199989455 8.11726594307093
2.09090430893527 1.37302321283755 -0.186186989503779 10.0391690273607 4.39794888511714 2.42049394752645 12.5210981284559 7.21951934597269 12.1258725348568 8.74912099722749 7.80317407268925 7.10224673230898 11.0517951103114 10.3614364562346 3.86851095260469 5.61580076831077 4.01904390994149 6.07476342883272 7.55593172759642 6.73032118962914 10.8439746665750
0.3036913030732 3.02096279517317 5.94323105071443 10.0340373648551 8.47205873130387 2.53926582996152 11.5529968748710 12.8418245054490 6.87351861459994 1.61136248670395 9.57121193196793 15.5603732894173 1.91699192818090 3.20900652346993 1.31282407215647 13.7532023532286 -0.0681494274620763 6.17979954338956 12.9872770712612 14.9981555451242 18.0644206138127
1.04424396952685 7.54770599068907 10.3509179718343 0.192435225797723 3.8842577056479 5.84446260830546 9.32932407425167 17.1786008376832 18.9221306102340 6.28059577585996 14.8092488496316 10.0028760733961 4.77211274215532 4.6481336181186 7.14396010358006 0.654467108589189 4.11091044316057 14.4966407418210 3.34090033691375 5.57759282143472 6.31259204747364
-1.47190338250702 9.00272116550975 4.73610094557262 9.19730275895468 14.1799198327113 5.96944549458303 10.8292982071642 14.3365659168233 10.2323943093052 6.80274723829479 6.12170830797852 9.07400016298354 12.1464249601583 7.78918950945557 0.662148657287076 7.88410103495011 4.46530481251754 9.03569841355032 4.92819102555264 -4.14181581253932 0.928887885762406
0.83728816054923 11.4786384117253 3.22638350684762 1.52886042683511 -0.95732368673213 6.37140324661223 7.52308445259106 4.50232814891418 4.14497358179605 7.14348999549459 6.72671047641381 -1.93088214726563 2.59456722027480 16.6396282028774 15.2879047846440 0.637924429779806 10.7285619080711 7.41360433717359 7.51640603733461 7.49794005445725 10.3563998814243
-1.12497097782634 6.31719218018328 2.87475115969729 2.96768874090957 14.8988632587274 11.2264526034048 9.9552166330581 15.9315960694654 -2.59781720224817 1.45613005379506 -2.31340351666850 8.05775082620472 10.9980673792963 12.2167704611799 10.3779191196137 6.24827043833617 4.75626647518965 6.79701451216995 2.994315865722 0.909616494545633 3.93300252335904
0.933055237219588 15.8682737679304 11.0883447663360 -3.26916949718057 3.50011191316486 15.5869461708743 10.3391244887217 4.63139909875630 6.01697551345838 2.69478486093628 6.37907399541996 11.9527661797079 0.82696081965301 10.7452524412902 10.7498983883259 8.91719783766702 2.58157290238166 5.27980732227893 13.6482864547895 6.4390580358355 9.60338186923628
0.202576189572692 12.9434890217428 -1.65678867719024 9.70385230373073 1.47255794923418 8.2565266158189 8.35075973393573 4.45492665467674 11.3969344856137 4.64029941707305 10.6239871818695 9.73158515515997 11.8785787637439 4.7105923562063 12.4687445600251 -0.346813414481585 4.56597526496564 6.19954364428967 1.06805638663980 10.2425294850301 8.12423043325482
-0.43874883622307 11.9451890691011 2.66170452921335 -0.504657224212062 13.8028125258491 6.31091948338575 7.20869023820937 6.72055763153502 7.84787394916261 4.10197957013987 4.87969183351063 7.89992395883988 10.1653687924158 -0.22496530757399 9.37090854105818 13.6840755039908 10.3346334663865 8.97709512436546 7.34273791967345 5.77128810195031 2.69466149596335
-0.982508729310142 -3.14970209876568 9.13910740176861 11.7688500681057 9.77116060013138 -2.20938618052536 6.76936972336113 1.08918365085001 8.78939139196412 6.2661606469662 5.11949317652577 5.86265479388374 7.54928625359787 4.70063142267104 9.11696520715378 11.6701496449368 9.42525345379065 12.2651089107795 11.8463901141464 7.56664120929113 17.1777047483199
-0.619929502783261 21.9587736285631 2.15643504948105 9.87896753140404 0.914844417829722 9.03840600047487 5.18604769266548 11.2264599938229 9.52830469859939 14.2839237120839 9.32878182937452 11.9920726486045 3.65244693161304 -1.76189358425640 8.86221112759948 5.53298346166263 0.806024244529338 2.61833727060990 17.378444988868 6.35551018114988 6.0247609076639
0.393680397180593 6.49447146714538 0.662308702023194 12.7122822513652 6.49171049930995 10.2017453971532 -0.308332367700595 13.6067850849901 10.9213591631964 7.68616485606886 6.96693464779786 5.00012013233558 6.50830732001562 5.5572366977384 3.87880622400783 18.0903128966625 6.37995919848961 1.47825200130326 8.80080294978312 13.2438919278375 3.43285824179128
-0.360442810284895 8.18760976765064 1.05124361559649 0.81926334244832 8.53869701873215 11.9935210460529 20.6221713867240 9.9258478998987 6.14837389132514 9.02826710580249 10.4663773894111 8.13766173475376 -6.48949809122438 3.82223601081616 8.73618430388117 4.95976779433377 6.71366116088 5.86927344932128 11.6173495287819 3.42437321296022 -2.19327546926252
0.242646298425938 14.7635772820400 8.505811387625 13.1798426761987 14.4284396996616 12.5406644815983 4.00960532319969 2.46491859362895 2.25712554884297 14.5123408369671 6.57657485409725 -5.23844439547219 12.2931834930097 5.71449696318089 -4.33499587177727 8.22225501076888 7.37329027399582 8.51794903096854 4.55297506610179 -0.973153328849978 9.62404122275121
-1.31510772726344 9.89140642070816 8.00382008217456 1.94360263620565 0.311589602099909 -1.42570641400847 4.28321503177738 8.61390354808136 8.88342525730379 7.11549810043792 6.22080281850685 11.1564438766795 0.118032197723481 4.48600749077685 8.19953025483957 4.47102241712257 4.0385424694188 6.09181054847306 11.3983548383893 5.27210931127639 9.56513900991906
0.729880739664469 10.6468335188714 17.6291763632460 5.62192531051685 5.34564066311832 5.8366774561279 4.92527006729867 7.0500576541789 12.3600388278393 6.57784963620096 7.25564774864107 7.11967711132489 7.6067914335126 8.90824868419907 15.2477522007434 13.043851495359 -2.46526153219262 -6.84303426041918 -0.193696840083971 3.2786311020137 8.95481743391253
