"X" "1" "2" "3" "4" "5" "6" "7" "8" "9" "10" "11" "12" "13" "14" "15" "16" "17" "18" "19" "20"
-0.4449882047534 2.29895066748129 4.72782845937115 8.79323192498023 14.1776772899276 8.29151246914234 4.76950018446673 -9.57065508614628 6.81439703681574 13.7038470066835 8.01969028287941 6.37508858378808 9.33354017921353 4.49911233629103 9.47991096303843 12.6447430147284 4.55421659403816 4.6353534174502 4.32257945280081 5.99738882734703 2.20832335111705
0.386415940320485 21.0216096401782 -2.16873301141973 4.75193994471028 17.3648349628324 9.36154481071274 15.0435040343822 -2.09669116023621 13.3334953274712 1.08051303059953 10.2236063196820 -2.28106967536514 9.91446872045614 6.29105785724693 0.811931625394658 -1.57068660981332 6.9981856604985 1.25705441756900 4.53750620252953 11.9897845201583 6.72834162064187
-2.08414104812651 0.357852658254691 4.78578601686574 11.5247188220549 13.1247777717985 12.8019630244788 18.8355651293087 0.689238512029745 12.8372388921741 0.478974984349733 11.3248648341234 4.10455680124364 2.50056599545870 6.44901347508854 11.7386156122863 4.73244652839524 9.64682756471472 12.9201931594837 0.194562013787697 11.2333862018674 5.25733502878
-1.61354498889191 5.7983706051544 5.65111368438028 -0.646649739620171 -4.60023186459397 4.3248400004317 18.4653309250792 3.98980499698997 6.30180431428406 2.54705249854181 4.1943726715095 10.8818253533601 3.97630609676887 -6.41381460090635 6.508631770427 5.08377925892539 14.8240623029877 9.7870569629963 11.7947122721148 1.24182354969040 6.81152169292414
1.00361047045881 4.31904353656835 3.68670953419875 1.50443724814281 -0.146529449076413 3.79704253310005 6.72435572425979 2.33774766049342 -2.30562465925202 -0.482084470019493 12.2160466776126 10.4912060647482 1.97261616009993 10.4593886117795 6.09819265294702 11.2458017897966 -0.379007851280351 9.6859601355611 5.03597149782433 5.08150675509401 1.41265041236732
0.960242328023518 3.1906639172822 1.94155193296721 -3.86016520447594 7.22276239470679 11.5772460275190 4.92388781659839 13.5378191479944 9.45256233778575 6.97115244832745 12.1263739027280 13.0792499381507 5.62993571124871 6.1811696143163 2.13700199770294 0.901949719706015 11.3710163894259 3.72268512150805 10.6826379754979 9.99925702240727 13.8930378417755
-0.745499728030379 4.71383271094554 1.64903182076178 8.86102972226392 14.8524138009085 8.4440056050081 6.12215949088677 12.4936678852419 0.327948306999994 10.3911070560153 -2.24188288302412 -0.980223801057971 6.59922391725305 3.43474943428003 8.89354137236618 -1.14496593519890 13.1918372890186 7.03962964268562 -0.717901523100374 7.47776989969761 -1.17566264340297
1.91797646132023 1.18612824016816 6.00538811559927 -4.62937960225762 -1.63314788158794 11.1365999071205 1.11436643650322 5.86079390931487 -8.90400900558854 6.62823314849215 9.45065719157254 8.46157147966854 6.42319995862879 16.3036633112982 4.05645800511169 10.9467877136197 -1.50582582503288 0.0582306270131618 -0.71883617010606 1.60517521714867 16.6022369779389
0.352148904939953 4.20240997759559 6.99271123852985 4.68714161908925 -5.23791901431665 3.31769886218924 11.5271115254943 7.84777299545922 8.97190961232069 3.06688874517215 -2.02039213450859 -4.68160562228725 9.3764166575588 3.193891673365 15.7754816826356 10.8875833613477 6.98321574527879 10.6116253948497 6.0508834076827 3.95063426542068 9.55006658508976
-1.31490671740843 9.04350542007235 15.6193655400826 9.74007458092618 3.99955797260128 8.84938349138186 13.4114718879377 1.51066046822187 0.647863436025904 0.0557767314836596 -2.98645908396363 4.6711385887387 0.732071202567927 5.39835452094338 10.228242739943 -2.45475294353777 7.02125931581792 11.5319687633709 4.20358746477723 12.5536979019927 2.10286944480625
-0.526895919372537 3.60440311947837 6.62650386856765 17.4865958682068 -0.0691235589933629 5.15888302030701 10.3894096089996 5.88069914481561 10.2443845147139 8.30425945029185 2.84184365463219 7.25110249449827 5.83734671029018 1.32315249524981 14.2457649639843 11.7074884191857 3.03937504624565 -5.26654833362524 -0.000551065896605495 -5.99976761017964 -1.59867541713308
0.585579615597443 11.1506198251867 0.00231359073781793 0.632677738350822 2.86097831795468 8.96376315167642 4.13175202096891 5.64946744869539 7.7378915092349 6.59581552970017 6.90001308103081 16.3710239058632 -9.7786209369458 4.79041799447471 17.8884411764438 13.5108202000383 10.6247708090110 -5.30962776588641 3.60077514757904 12.8712434759072 3.73361374652144
1.15739416520475 -1.26032625389811 8.42996581606838 6.83357043253516 0.685748088792361 7.41461263023928 9.18893791211767 1.26024308096375 3.42105398542301 9.10483779616356 -3.02087741331884 11.6440081538248 13.6461507448713 7.32177367120841 7.8048049281456 3.77656513260603 0.0917561975672 15.9604435434275 8.3154336433885 6.16210969460472 5.96561065542248
-0.820267517120098 10.7124472261821 11.2257570505007 7.5241853599706 -0.274433018208534 7.12022492575522 -3.15805416711403 5.33231711220358 7.51440938964353 6.11457117804014 11.2032646720862 -0.895281206410508 11.9195757134305 11.3093685425441 9.19368413642641 3.41749797637024 2.06593544027632 1.15289281385860 14.0687701878813 13.2985163885998 0.610426745877704
-0.0218876389113601 10.1179237642501 1.00729845497053 14.9697136496098 8.6739153763655 4.21415810561589 4.62872492703091 8.7280000291573 1.71257805678724 9.08250001924126 14.4915153069701 5.30029914975987 5.3882469286666 2.78779666284649 13.4814980041865 7.41967350380132 9.76582325662526 5.2544554043809 0.254156124493977 7.35392887513084 -3.25188349749830
0.273570594177009 9.40416664809944 -1.11436025856177 -0.881309224225516 6.33866853196131 6.88059637384335 13.9686152761743 8.81872758955031 11.9624510317740 7.41620796365266 -4.30264165749907 -2.84761825781008 8.68184236750121 11.2366078974788 3.19368079291623 12.5926402094358 10.7164214033821 11.3162380516175 7.25327478766836 9.60988877550786 6.91073541816823
0.161806665786798 5.74409819447304 0.858013794118223 2.94619999384393 3.1768837360431 9.421686274843 18.4079603609257 2.57432881031176 12.2878414665102 -2.56228674236675 -0.880951434676554 11.3592149833405 15.8420422419868 9.21460723190671 4.38763876353684 4.83591468237894 7.82621221458135 3.20826230231883 11.9801846860115 -1.02367418927303 6.94585105230119
0.544138484080667 8.53725139568508 -5.39621553752642 -1.84614058507687 9.4665821355155 -6.51486640020343 6.83450248995982 -2.34301389983399 6.9728723015399 11.0118202922849 9.11530812906113 -0.454691430839539 18.0187069763691 3.9678717074795 5.55529081711844 6.08585391014662 4.8956883972822 3.07109505616429 -0.584489478507159 6.56429344393573 1.85306538351595
0.987319692312166 1.33032769841253 8.47100428481626 0.312835929306813 4.16656904099113 14.1515894965988 4.19474460993189 2.40618560318361 1.39870452239013 9.29093136699088 3.59176543833603 9.68222508996941 2.56622814751072 8.2334045837039 3.34849112467442 9.70294947270527 7.17603961907961 0.850809725769823 8.21047148179946 -0.717638104605456 7.5623119586746
0.908401784512838 11.3848844936305 11.9191119751771 0.492715810157224 12.6168042722105 9.551031974417 12.6369995433784 9.78389695558931 0.975669548090851 1.14680042753398 11.2766624837251 6.29052986736179 9.81654631763587 5.77368754238393 -0.565791756935334 5.48355219854479 11.5156245212916 3.74906176281831 2.17431504641441 8.0159538821731 -4.51023741941417
-0.958328808505945 2.31587876353924 4.15337547420449 -3.44300330566927 6.16148002039153 5.46202045849266 8.44821605165026 4.99748980952207 4.15764002612525 5.53576974227442 6.06566988390213 4.67599432022431 -0.877928740022133 10.1555275360577 8.40146216437113 8.81774436067775 2.70638425141938 -0.0363268685532983 7.5642585571859 0.377492485788146 -1.06313192126365
0.580555884933545 10.6179206479569 2.88158503264854 1.76072211544395 5.98237460183615 11.5459440483074 7.39335582793859 -2.64033457610454 6.04856943962256 13.9423370432548 2.3382609797789 6.65022550049097 4.52281532159071 6.50712205009753 7.73489108337832 11.9347076266174 -3.52975526186523 -0.0524605396410116 -2.56216950497844 6.85009268314949 12.7812341432687
-0.0839784164157153 -6.66304038976001 -1.17873760479404 2.38017645445059 2.28161346353987 9.56536794220901 7.48066192611714 -7.838185318284 2.36271499893451 5.78994253109628 5.95745783525179 -1.5505986137994 0.532940439723656 8.0490675122581 8.2696174610057 5.18696637606202 17.7762402944345 2.69624437556922 8.6185354813749 8.49782829837667 12.7639526426981
-0.247984735682423 9.87852272397025 0.821535527578223 6.72803624342297 -1.50475946258480 3.23965219607238 11.2457848993664 11.7095734339588 9.17158100594542 18.4602278925661 -11.7070236220306 12.1567874796314 9.34235733503331 7.45313777601163 10.0052680430508 8.43069502108306 9.7024830241554 -0.159122560360232 -0.0608058700181213 8.84917655869611 12.3321620160667
-0.593255196764499 6.19657379890602 10.9135851266052 13.4328420284933 4.43023184461778 6.49606065184318 8.42932305561294 2.49939381762517 7.68047396328438 1.49069176642834 10.5849176588828 -7.88613702627604 1.89692945064816 3.90618443589828 -4.66384319813038 11.8255225013973 -11.6398457334456 4.69097114829647 8.57068994539372 13.9876603868702 8.86014228828118
-1.22291583519959 6.73797699206993 0.372335875164832 -4.24517210624022 6.3656648671617 -0.28468058544436 4.29078372619928 5.9054288305082 10.7342369062368 3.04322384356019 11.5906437376728 3.83865368587863 8.07864948522937 0.898491972330363 -0.0739972915860674 15.7937111638073 14.3658514059192 -3.40965129149347 4.70413981990106 10.6557314961447 2.78573436596679
1.68580078398446 6.66761831085178 -0.304021155664832 4.55999407935801 7.23208341287621 14.6150695100705 12.7329652455830 6.44694954027395 2.39753057137211 0.79765275572227 13.7474291419485 7.30784378660665 16.5252850994631 14.7498233343323 6.84664186626949 10.7523575813723 6.3998106997265 2.74927368237937 2.12765500182425 1.01636188759818 6.92626633301204
-1.00095765534503 8.29259266784268 -3.19779336598436 -0.766015429479204 5.1034922493681 12.1949187448298 0.213487734498713 10.7535339127068 16.2548952368629 2.19988885437159 1.62625734214786 5.08214830956775 -0.498710807452651 6.52841746099552 10.2739920693548 6.96416085708869 1.24155395032175 -8.70359082900135 3.23228903589546 -3.66443800012885 5.98717788400559
-0.756261518252538 12.7172210988518 7.67948470048627 6.46969647775054 3.81875591220576 14.4501130803410 -0.310362148430082 3.97313606501479 14.4171709624077 5.68433524060976 2.20921780657414 2.79438124492493 3.39081543618566 1.1070226374679 0.0492214112939259 10.5670859708486 7.93805817387417 -1.56494586532444 0.00534713080938472 6.02273942589653 6.29914177519353
0.62596008214643 5.31297710317146 -0.0812197679015428 1.44080089149601 9.20000323623108 7.57426271665559 3.6425121408955 10.2993106389624 11.5914584617446 1.99328943528827 15.6404443691257 6.75397947763808 1.86593895199243 -0.697234502567742 3.79041365897187 2.97142862324562 12.8341755409164 -0.40439398970598 23.6136728331190 3.02401580754749 2.5823508512698
-2.58988579164473 10.5642424390309 7.59367321020251 6.69587930731448 4.01308642725301 3.32324169970541 -4.1757932445678 3.10412733940723 8.02532958629577 12.1008921094358 8.8710710342172 -0.0553469367625783 7.64140876435515 2.22736734525311 0.866402764568612 -1.43817256628832 12.6608468947846 12.1129171827281 9.68864917457757 1.47514148216063 8.62945121729589
-0.335013321524034 10.7465564146364 3.33134564499408 1.98850252716199 3.85401794565589 -2.60185122386627 16.5329824251612 8.99881594561234 1.36994704292013 8.66148925559171 0.361180834464192 14.5610512998409 4.67837959674353 7.77645760818178 10.2286067753995 9.90662713221974 4.34705377444153 2.03838123378499 2.00172567428139 -0.903853633426571 11.7442971950403
0.356698469274464 5.04551932033092 7.9534596223399 -0.981672164916069 12.9929004842273 9.81131061381868 11.9859022995397 3.38702843449367 0.896773915923907 0.272106792054964 5.07383393838234 8.18555578008407 2.60249480942915 12.9229409425836 5.49329472093365 13.9771851532959 9.56211879779997 10.0673827238579 9.34750862708738 4.40759754777363 7.45400360668582
-0.888099561787633 17.4519112637429 -2.9840112455036 1.5570713079939 9.55425717480001 0.603893289072105 21.8343880167622 11.9615817928781 0.121324516734307 7.0341550594415 2.50946367773242 13.3472386397296 14.8912357102366 7.0957537654272 -0.109758837077766 14.5780280129945 2.65837996312033 3.12241605371111 9.50886485900878 4.98451089369169 9.17795746250014
1.04660678854123 12.5666499548425 9.9542249507891 0.204569330414738 -3.58163496728232 8.95414378639718 18.5548730677501 -2.39909360863494 13.8269382778548 2.40781353496943 5.1389489698168 4.75284803448816 14.2937308117803 2.93704960003383 9.37350307913109 13.0619699438512 -3.3058268014773 3.81297753929014 9.91535412175315 -1.91994526332385 5.33693756348501
-0.656595856226528 -0.947903913677174 6.96313469278209 9.92983352534693 -2.55467883652944 4.86932382683959 7.80314722857288 8.44017886931984 0.232751025336365 9.08086655733205 2.92174650286537 -1.72009600070637 7.5222029579184 3.33014456470432 8.1397006481176 5.59831399905501 1.86619029490270 2.48181139869063 1.20381970294003 18.8455684488006 -2.81736867848522
-0.213318079969103 4.68063857776638 11.0885334675847 -1.15762264789832 4.01879429269097 0.958992674495359 -0.574820599615389 9.23696349019867 -0.398315047213947 6.74071181563433 -2.07967287093545 8.46161101230345 -2.55717060956069 7.21218704611115 16.6142810304029 2.08203038691561 5.68937243984718 4.31801234538707 2.90074578288161 2.39922155127766 9.97449611098511
0.230481757113338 12.0130923471577 -0.380284983408141 5.82789708915169 -3.35099220487377 3.15237103905746 9.67738551160946 6.30295499394307 5.44809209937144 0.242077457422247 8.56884645174896 6.23221142448147 0.082205152846906 -0.71407634773263 8.36507352657242 7.04271706706051 8.1716272007375 18.9968740414721 7.01791255024775 4.57935141798166 3.98157642661026
-0.480849775995596 8.41062818031614 6.7410518319265 10.1248706156239 -0.151482274204705 8.91200610943585 17.7384990398562 10.105758950849 0.659039979271343 8.06110852168425 -1.72382885205956 2.11372097569773 7.3976529596806 0.478874245657965 -1.32510771964599 5.5270257697227 13.1745166909506 6.94297144426337 8.878983544612 8.01900796916505 6.91366862753587
0.433825487956123 9.00702367624078 7.98489140468676 0.320554426555312 9.69790907629464 5.7127765176824 2.55632624317086 11.3297584433894 7.3405083594839 -6.60335859109446 7.58286969750202 6.0336451409035 6.21071519084483 7.32199127512326 5.92247913627329 7.65770273321322 1.38133928210875 8.15278157576324 7.69682636684254 1.41125652085228 5.49190130161344
0.407451137773459 1.83476516014960 9.63415918528968 -0.709753516895618 2.73998418422558 0.122596470421500 8.24512110233577 5.73723747907754 10.8001713230681 11.4392930317429 9.53541643355628 8.72063867136618 9.93138742691956 -0.674203830952025 -4.35951910951017 5.33581762653695 5.0376305516965 -3.4824849511755 5.2212192368812 17.8254271597279 -0.439342168849633
-0.626474416388065 3.59452180166361 -0.505293477370822 3.87295992555916 10.9909206059657 11.0575787921082 5.83840669486736 17.2734622198751 2.05926161608874 4.04692015131575 0.147435437267127 9.7012558361785 5.06212002488745 0.382781345000873 4.68581673955422 4.62093535582796 0.332937597815052 15.3875243869434 10.3945676376105 4.19349067955923 8.02376075974021
-0.256640246836235 8.41813445196874 7.01413919440861 5.76980396855795 10.5120766397202 14.0028476458615 6.85724487182666 2.61187016074083 -3.77662530341163 8.95477110077423 -0.328967251576716 0.492255190776471 -1.92723446324402 5.80251668484186 7.64719409448004 4.21578580196494 2.99168310646356 3.3162071416108 4.86498998315992 7.61607344707178 11.0507959352013
-0.0986585373929904 14.5094211910908 9.23817237752867 7.80427008788988 1.73757526742314 2.13455127648372 4.85273924166967 2.16446486621143 -2.66377305115614 3.28136012232131 7.56144205950667 6.09942077572474 -2.99142328433323 6.37250960777209 -2.98090129668992 2.55974438463686 3.66046304532388 0.916805249251733 9.7008736166871 1.74011750409814 7.47361919596949
-1.91929007725544 7.19057596717551 15.4599868110152 5.68772264639911 9.15058499942202 6.91475659309074 3.22427790386260 6.84613741823367 8.24150181271298 1.51592792419363 4.09872684660031 16.5811367812081 6.69619745817015 4.48445643300041 1.06912817881736 14.6512288322920 -1.16651681795673 11.1431647754561 -2.92283401609453 6.94103783510162 7.72233889849835
0.472758226516899 17.1510615332943 5.11974550633858 5.42195576060725 11.3112235109706 16.6665747985712 5.65266207163887 3.88289522864825 14.1880424987907 4.33855653102652 0.915997486733313 3.85115208713384 9.22484717863823 5.86184999499631 22.0722607520967 4.70184104154245 9.84981909000135 4.77692971450803 11.8547490477156 8.4690425212789 5.69523008499198
-0.351860757810964 0.582697007777496 -0.252298493217953 10.2158683797698 4.12402329061964 1.82692031373565 8.65252373137043 6.23250347440277 12.9432269208372 10.2787264162436 7.4870748738305 9.779406120076 4.03706811224059 7.31686877490378 6.86523698260008 12.0132510415948 2.08234277220588 7.03579983609068 0.0305589805036569 7.79545891685578 2.0907832846244
1.6377620424169 7.91447189136855 11.4634905851246 6.69192683166901 -1.52071678192178 9.2248703396106 3.76681633787859 11.000726805581 11.2540287997790 -5.61089801548709 8.0490291524963 7.13875764360212 4.8690448582847 3.63619004944431 -2.38839957024953 7.07206016579374 7.48042682386782 0.330863175174645 5.48973713293357 14.4421967246878 17.3521996582541
-0.555108001903451 -3.9351608813355 -2.12182401517787 7.72579756311687 17.2429593519671 0.958979097323359 12.2814510473753 1.66156451617487 14.2929432700340 13.8971072808190 7.90925569446603 -4.22506684741102 5.709804168388 12.2043480732795 3.20912162350483 15.4984805594382 10.6876176113256 10.4510465720506 5.44406703010672 8.76824299866317 2.29906403302888
0.144808731814066 3.15254837903248 4.73917573971154 1.7204832794592 8.17485521490952 10.6868621685389 0.603743584704052 4.67466293035579 6.03295206363661 4.88689400628358 11.4469405041596 1.44482795572848 6.52967219594776 8.37571228991365 11.5766054154311 0.594199290281091 9.18488651890977 5.70502518206816 2.72494519893023 4.56338525706459 -5.35352647827937
-0.899763268801792 15.5592343053999 4.4869557565957 8.62860420311529 5.301106969481 6.91260591869304 11.5750541693642 1.34182920213809 6.15019904462387 10.7952011089860 2.20921913695762 6.46118719549076 8.62901394961718 3.58648592057402 0.902597871351025 1.89898278991112 3.36607991039387 7.08684233042153 2.80831790605932 7.5473997573737 5.43251320999451
-1.1524423155274 2.37977847846379 7.63823402447259 18.37203389019 0.480855131156281 10.6977855379436 5.85227843548896 8.65198928190444 7.42814117887093 8.37736396446865 0.91954954546623 4.53393888350237 -0.428817085226146 -1.49652229184593 -2.01614376760439 -0.0234441475921709 8.71422303868054 1.01709128659799 -2.17041106385564 -0.323957923840998 11.6185268989543
-0.597875338277922 9.41107466310927 7.32605605701597 10.5504463740237 2.91378890280332 1.62931973530989 1.38922202344103 1.06456442885381 0.704213838444273 18.9078876695378 3.10441417074087 7.2178072001744 3.53679558098986 7.50103059382053 16.7048151913776 7.98812192376706 -0.0653764562582536 7.9108192085929 -0.494155127911064 4.07749676680804 5.22171825603419
-1.20978334778675 4.44776270571041 13.3537743774448 14.5215211642982 7.41650981035195 4.59230299826433 6.7954783209664 7.11696858980826 9.7386763302494 2.80737361380911 3.33454622466588 9.75213010659678 9.04939217406365 5.65111521170795 10.7690966016977 4.79599522997788 4.95061357690458 -4.60871733239211 9.49631969624374 0.728052410116238 8.32731922091108
0.637385724264255 -4.39492074692965 -3.49339096727020 3.70591936869323 8.26287064679281 3.75498302404583 5.64443187007869 -7.67137897087926 9.83754437200218 -1.02756558327043 7.85608123024595 13.0706867909277 9.66585094405608 4.17979448755016 4.57607906024238 6.5061963895223 -2.4972185849049 7.02530115524049 9.46836677068352 3.37647134890061 12.3779453911114
0.583848553931105 13.0649026761228 7.27283097030214 12.6512491892025 -1.82686671950986 -2.16357246315763 -0.0229312946751681 8.0101282596621 2.97998565034168 12.4471945036133 6.7850585764093 12.5035286828130 3.85736339509923 0.317510160975817 9.7984293456401 1.02816487619983 -0.0296852677759499 1.14013152460285 7.65188470620956 7.94075259714645 13.8956055664044
0.27857004584195 -0.702160747541701 13.4043071510264 2.18978936658075 18.7890453104129 -1.19318265546526 5.58158313433797 3.25836603310517 7.82826194201201 7.65291289418679 5.93869639633271 5.94813024325797 7.81736515158888 3.94878071487180 12.6842725830596 21.0221182403499 6.9090117852506 6.08212741164274 13.7306487233241 18.4895947582310 6.0208402928247
-2.08313853287355 17.4118677536240 3.46862441236552 11.5874902180524 11.7085544621344 8.56980171884511 6.06804525101072 9.93962900176288 5.98113763194448 -0.707415421886812 19.9743038541906 4.5788756578957 6.27800867119463 11.4559863918195 6.40499071138122 1.88515920726175 -0.241614821315381 11.6209846235754 4.26733164722476 8.41922208763725 7.18894339612835
0.116162065654757 7.81173647716342 8.45565427261505 11.3646537887643 3.13169383666063 4.59069822788796 5.75381324498205 4.17781566602207 10.5589903868342 4.82815951293009 2.58690956628713 2.78195968498841 7.48107534683811 9.19603500975293 2.03730301812127 7.66530249911071 7.61024764873177 9.89745797699573 4.69382912071229 -2.13397502967509 8.44492010305302
-0.601092943599964 -3.28882781077994 -2.54224807626386 12.9014492706123 8.78807603793006 7.6244890180085 -0.835518768058621 -1.42336407002625 9.56902033548454 6.18652862696657 3.31128132022256 14.6408294084972 -1.67540301179460 6.614323464151 -1.21740398273427 17.2927966706559 1.78266091631388 8.8013433538771 1.94960223319976 5.16969606092193 3.81462204919374
-0.9561762852151 14.6685921770108 7.80120441266674 8.84960133062978 8.03529877671322 6.8416935086419 8.45977108185343 16.5956311317069 -0.93360830587096 6.56961164190007 7.62383602897663 9.36813731807035 3.11528569196786 7.31293534763954 6.71706499141247 2.94724135304127 16.7551775554092 1.98067548836164 8.65805145838367 6.50235480012737 9.6110958351993
-1.05056047529497 9.3923540284821 7.78056790366224 7.13535195652606 3.34314117768108 2.57828959288048 4.24018241443337 1.0429614686977 -2.88763317733697 -0.0749623428024503 1.94132573877406 8.31744258420097 1.22576365442676 3.36572811762858 4.12833618758802 3.67581624636742 7.30804423906385 -1.47190566984265 9.66608435161137 1.54688749991550 -3.14509672029516
1.75807402340887 -6.04579230123523 3.56262066333649 7.75324168974207 11.2909461712432 6.76715747956865 0.615266449638833 -3.25927796308741 14.5970452257753 5.96160199431885 6.49381969313811 4.02377141908512 3.24131356367021 3.45276375502013 4.50372912059476 5.71444631567405 -4.32255377884158 3.05728751804985 4.87854103743093 12.0090807892861 -1.40790590954069
-0.323801978440453 3.47307641678438 7.21897923446542 5.52419173366057 14.3139564842814 14.2389375164534 8.25411414144584 1.21093972616277 4.35215619781181 11.6445466050462 5.6275850774593 1.93031308660204 2.82939357112575 16.6505973421795 4.12652040964867 5.82530056035644 1.73328697824166 12.246362198536 8.5455435807458 15.2908322820097 8.38160522504766
-0.805390831505245 8.66365002153489 -1.90246630071977 11.7432849221788 2.41914949417411 11.3060320692485 8.3045039131381 1.82571659698148 -1.75636494310400 5.33287116872274 12.0392993875916 10.9826458030710 1.8523253474839 -6.15406120572899 0.243309042947333 10.0750859464014 4.98330041003683 11.4247188015845 -5.99668038314938 16.7906845939002 6.4306242709296
-0.741255853862865 2.49386788503397 6.65097220984452 15.6370878447273 5.65885820142296 9.62843898416261 8.25920362643746 6.8769298071719 9.13898304088526 10.8288379323739 1.18100422143862 4.10269720926833 9.12706861580273 1.25749983295800 5.56306882401859 0.202895059224053 -0.645589682025383 15.2003856682468 2.70890293104910 2.52453681313039 4.27111049576092
1.24906634634417 4.89732190622082 -2.86070844114950 -2.48575986700645 8.50963553498751 -1.28743226389522 -0.536988102823114 4.13877742987451 7.40082629453887 8.81487852596574 6.09752325004454 -1.92526933228998 4.50727420414561 9.02050463503106 2.41498459315573 1.89738662414448 4.5538729319695 9.6447527955177 15.9598472732113 -4.36454830126308 1.32729603019767
-0.735705701619341 6.60600125705796 -7.68999831949957 2.52178931878012 0.316444480045897 15.1707517532912 12.0190648584116 4.39543729793425 13.0807633470483 9.60082644042628 -0.0146076879571202 8.63768881838066 6.16055139830922 -3.01497642217422 17.4904280150477 3.87905865231923 5.62032271473822 12.4412019188745 3.96727082665475 -0.178564859665602 10.2252805920777
0.915585760805945 -2.73836794609475 2.93236913523286 13.5419194866783 1.85651729020118 3.11230332861336 6.36277305207811 7.35381089137212 4.18899650034361 5.38897732801299 10.6867021036855 7.16706532239437 1.72590413275628 11.4686546036499 12.0477957642841 3.49117940566312 6.65432529027854 6.90373978629266 8.52194823843721 5.89438417474314 -1.10641650629943
-0.248641553523762 3.62172866287373 3.53168587905923 10.7350361896718 6.24651535496483 5.29164826264472 7.66601343397069 2.38528727560369 1.07879152944625 9.89798522039246 3.74945721803518 8.02867344833587 4.11243183197925 2.39809195651315 8.02845754216123 7.27720513996452 0.191693252200719 -3.92321946941655 -0.54301316919608 11.2204105060976 5.36203134817805
-0.467289671250035 -1.75676898299046 10.0109318862610 4.45157812483555 -5.71645991411425 9.88929460503602 8.28292107173276 7.07540887598931 13.0856522363998 7.97993390725474 13.4207659464162 5.11664277940896 -0.0223300371488535 -0.482797263983922 5.72946232363403 -0.292665431081694 19.6753700040963 -0.694274475384062 0.670860110175891 1.61707620809592 6.64691116285643
0.780494080845802 6.31338691253297 4.22182485983953 5.37874715939856 11.5397645784246 5.87853974535794 3.17130647708251 12.4589854408721 8.25526548177709 2.20941305616299 10.0254537398061 2.86966094068961 7.66063303674989 10.3464639996484 17.8575534634937 7.6161400426145 15.2935279604400 8.26036272030894 3.60921010735514 3.15942788397822 -2.39483051800418
-0.520148164919409 4.5919672953032 6.69195348199188 8.9217991004778 9.81085703417417 12.2345069366859 7.40455434779009 3.43840504418757 0.269478648004188 -1.46259479655501 7.39208625466139 2.87681297497482 5.55651303632892 8.24448518541472 7.13342675903347 0.98956251606865 4.46042157212292 11.1992301220164 11.1464473835844 22.7265989126211 6.42347322365022
-1.94832391039505 0.407484516480258 10.6821697432464 7.8142996183219 9.8321950486398 -0.388391200751894 3.82381409608846 13.0668784020628 -5.46619272805171 1.41880389424331 10.0749076300536 -2.24276610737790 -3.96383317536733 6.21138162571289 9.79826227885255 10.0045756833775 7.8800210225139 5.1111091333812 6.9530482830691 6.0121423846821 5.28457875622894
0.932245105735085 1.37024122536629 12.2307539048482 3.93313474122537 11.6399547208759 -0.0853319020598508 6.05331880765506 10.6436387508448 15.2815831977687 6.7439168564944 5.23862435143347 4.10608037037591 5.0584666945125 9.62521314060347 -0.633729760204419 3.92901192603584 8.49502807939376 13.3592311840197 7.89229777217842 -2.95982192209858 8.51211296612069
-1.53767245384534 0.758747787707386 12.3092122891715 10.5883887316072 7.4733457245005 7.27263627308794 4.96318295318113 15.3425918307699 1.40657588028629 7.71221161405715 10.5630571136863 10.3881315022374 14.5024541589449 12.4596263119418 8.70414801675858 2.90885871083678 4.82644288091395 9.87297682814483 12.1245717546885 13.1177100977759 5.98952289308576
0.834844336471207 6.48205167131501 3.84363800327073 4.77908779962931 0.98536028968406 13.9546176457705 9.29963915526631 16.2926479703848 13.0408553633694 4.9255683487289 13.5355615747878 7.13654416987451 10.4326030348070 12.4764126605731 17.7022939357633 -0.979933383040674 0.537335289746222 7.24345231028264 5.86846973649455 0.278782866994629 4.12290320511563
-0.780705834941812 1.52794478180195 13.5592204102890 11.2436935460834 1.45828510759225 19.8229824155709 7.05220773582719 9.46145783594822 3.57187817421399 1.53446434100755 7.35571203242088 4.61996496920332 -9.32190129771176 5.59250052014991 -6.28786218692491 1.61967027469468 9.25636383201308 1.35759646040096 5.66502317016812 -2.11385053145271 11.5538047924904
-2.98866462489794 5.49867840122537 6.11035682050312 10.5297432755120 -16.6946701419726 0.378047819499603 15.9196650290539 10.7783629027836 6.38332311736975 10.6033209502862 12.5608376028369 1.23322903264204 -1.17618083783842 2.38227610466481 5.114863463434 9.19329064612397 3.40805997158300 6.9630551439138 5.29674643962066 9.11579531770422 8.42937738849619
0.433766561912975 10.6179928203409 8.26628689592977 1.14211996607939 12.6079616892470 2.70826065010718 4.70714015888876 7.637007437813 3.37066138422035 4.45664863979193 8.44149860469619 8.73375167939531 14.3826826708145 8.69770531182557 -3.69307406121693 -1.00308475083716 0.215488144385641 7.55264770501224 9.36555884257341 -2.29093124665752 11.1793897030793
-2.06522481459973 3.34755530966733 13.6172108908436 7.51751559479144 1.85280074329962 1.22247370690348 8.39253842366039 13.8472469238738 0.73768868850018 4.39328868947497 -2.60575851544927 -3.44401011023445 2.64937020423730 9.23047096160163 9.03132759958058 14.4715779819412 -2.88259120586558 3.62160218911404 16.5197792316673 3.98965346005656 4.68607962285632
-0.873395134485796 8.6671314891032 -1.82405016368163 14.8323941757370 6.36546231160145 1.08390228779864 0.0976897591834022 5.52712757047243 4.99172365380595 8.69231519155087 3.84132330611993 1.99582863729431 7.75051255947996 11.8650350307821 15.6417899223843 12.9941745418086 15.2515358965328 -1.12070368503180 3.82193182649546 12.0749586880440 13.8629624683586
-0.970767320202583 25.7351129484197 11.9191556586815 4.03312712722292 0.101332786613344 9.29481255213195 2.50338001586173 14.3544348303412 12.4821734887701 0.800694669655822 8.01807460564919 17.0094860467244 4.03719881586115 7.02650850466349 14.1509845387229 13.4392829410291 5.18117376954974 10.0501344018000 10.3233257538598 5.42077360436161 15.9700659895401
0.0729684860296047 11.6570360766640 -2.51453322169892 2.43440690711402 3.56627139521416 8.08867667138994 8.84381471417678 -3.21841512084659 6.74782520188626 -1.27783294446413 11.7146545015246 3.49860241129968 3.79131307083413 9.76755156939742 5.1493964062198 3.26788225021318 6.96829474959604 14.1276009957080 8.22812417258262 7.27114172021605 8.23327924704525
2.09090430893527 3.87068037401917 5.25734882752651 5.00943408403826 5.39447272852058 -7.82046031563707 2.21144921909391 6.96839496593991 -1.64231238677232 5.18048477304542 11.5922500852754 4.50074646288364 3.27128430961099 2.68489003425765 8.71571007249166 3.93590655645816 12.8627200758548 11.3522671600443 5.04973682659224 10.8978051884405 -2.83198825883408
0.3036913030732 6.19531017537512 5.79058361811105 2.70188650054767 9.05578676190447 -2.23059098341059 0.145537139420696 12.1091462408874 10.9348526323198 8.88882730862154 11.9716884610861 6.0313420195457 4.80558489454409 12.5311578785902 9.38189698138975 6.27882625253777 -2.01997027053848 2.83423855624947 10.9778506359085 8.15352847321024 -4.97677392492854
1.04424396952685 9.88690038119826 10.1733192051754 3.97864564955272 -1.67968950845608 -3.25000207202566 -5.1424601100649 0.245484167095355 7.82970396017943 -0.0715920875870459 -0.484822917198894 -0.203369059516911 10.0978670996438 0.779179921758256 2.54068346910463 6.40856243381522 6.75351594897528 3.55427598807318 4.87313349885379 3.75138910971815 7.95354984486215
-1.47190338250702 10.2219261200126 2.79060531049241 10.3171741017959 9.12522062275106 11.2448584536433 3.26438455527589 12.2264466545359 0.679752764550101 5.08715634501337 4.20066080434079 10.7157916899507 5.06719390727161 5.132025978519 15.0005055236757 5.73058110854118 12.9585296664749 -1.69470494338500 -0.268977507747827 3.90804226408164 9.6108051245915
0.83728816054923 13.5055767494637 3.8480628516389 3.84462767199782 3.74319404479219 0.82184237393429 9.8159930792863 13.7743953639697 9.51846932072911 7.7443509346313 9.50506365026853 1.70559403883814 15.5634209029759 6.87990626435577 9.07991418816618 5.97169949389544 5.92721149074745 5.37560747884375 1.44037105969286 3.36702868721545 5.47449718566443
-1.12497097782634 10.3479232691214 -2.83986659471811 2.43675905157168 13.7379541653652 14.0173048622579 0.373379685826902 5.56458146375619 7.13005677090964 -3.74614317315954 -7.23136122885708 15.9709880575079 -0.396179175147199 7.32123487347119 7.80788281820381 4.67277364307727 9.53421980882635 -3.2544573198588 0.293636653221572 6.54631848922124 13.3450845713765
0.933055237219588 2.77499062066241 4.58001597384907 6.24335841548247 8.27696571749685 2.02015828781472 10.9884754816596 1.41599729710138 8.2686621808672 9.64779891836148 2.39117888007841 2.47219583338887 11.6590366629845 12.6989436122715 8.05950149794167 10.9552368103679 6.59932090079157 4.72717250179374 4.19481818795017 -4.61882191066247 15.5073885738515
0.202576189572692 0.600879827101674 1.66800976325352 17.1746816971901 2.55197312650946 10.0403085790299 -1.13878277495986 7.70621184244469 6.12636412306928 1.89568137844986 7.66306353540987 11.5399262728045 7.90418026339566 17.0159100420487 5.65610072470652 8.06107920722105 -1.15635268427980 15.8524858184572 7.68260529875172 6.17581457196495 4.17731246549044
-0.43874883622307 8.35907211993471 11.2391453043689 9.3639367164298 0.959761708211427 11.6403339752727 4.74491858207464 3.32725353523696 0.238003494508953 11.9332849930359 5.12093529584377 27.7259507364690 -3.53387240942161 -0.46832789153205 0.227886993939188 8.58595782706931 -0.529008406778334 12.7962734417712 8.79835543478752 4.07833522700015 1.95970702317101
-0.982508729310142 -2.71456099466725 -2.51360832172033 13.1792348795159 5.66548984005415 11.3632598178486 6.35959846506412 13.3686300274545 17.2850675361231 12.3134463603411 -1.55752253272230 13.4279648092851 5.16092897566681 8.33855102014942 6.89431035037886 9.91285834092334 -0.541634626538506 5.01434171902285 -2.72779099353608 10.1872472836412 2.73055828418411
-0.619929502783261 3.17930687401281 9.15952454787777 -1.63979964634394 8.09116097789034 3.98976569058953 11.9961592851789 6.88927639575868 -0.210594270787692 8.91490245210536 -3.78369200678621 3.65306846577789 5.14752512161615 4.98025991720461 5.19055665059358 21.0810989490186 18.0005178561219 0.598601353956164 5.45584284600565 7.07557784598015 7.75476906494792
0.393680397180593 12.7231710475276 8.3135527738616 7.8226984038024 8.7273543365924 13.0445144318427 6.816784276758 12.4952490452265 -0.537265086278403 4.86766090586692 10.5562868747938 4.41325557897782 -5.15679564955528 4.66167543214244 3.26376903165773 4.72404284643479 -3.68547875975774 11.2758974688111 6.03274059622655 8.10080733227367 11.7421910634056
-0.360442810284895 3.90099177973375 11.9865008866284 5.59538184699458 15.2926032635502 5.36423074250754 -0.535413306364958 7.61360088637061 -2.62343784765278 8.52318829195045 6.23531729479875 -5.02912107785914 10.6914783265977 -1.74759905250746 3.14957522741740 16.0031188763375 -1.06167073367449 2.29040803142143 9.40666025653743 6.07793875179376 10.3710413825931
0.242646298425938 8.36602635954608 5.91576852915987 16.1124854097698 -0.642587005003458 1.96382441458140 -3.81909721351362 2.25600301058991 7.92960579893088 7.60529965469412 9.51576803595856 3.00988279551149 5.54076355309266 3.97370702550658 11.4321220387112 1.80838987094570 12.5806842238844 14.3963487254724 16.4708496682236 7.16785468034807 2.67273659383931
-1.31510772726344 2.10279344588060 1.58786882757975 10.8685743867221 6.49316822643798 -2.66055520963519 0.63866959529877 3.89436501795289 -2.70517414642151 -1.20995133664253 5.64784662341454 5.55989953228815 -0.885218037183407 -3.60328400902508 1.11113986112463 4.13160619335518 10.8577509514409 7.6377634494992 6.6645415182698 11.0495283100314 3.19327178114855
0.729880739664469 -0.0306736034883104 10.0621101785698 9.14445300105525 6.22170661490096 8.9532734909748 8.39297064842905 8.10794524877374 13.9857252588554 8.93865153909213 0.584880999628749 5.42291190988544 8.40166027628537 11.2793470321838 9.75662611033849 7.35764323386645 2.7950059948637 -6.70589460468824 -3.44120575776411 4.56835811949156 7.00584424895523
