"X" "1" "2" "3" "4" "5" "6" "7" "8" "9" "10" "11" "12" "13" "14" "15" "16" "17" "18" "19" "20"
-0.4449882047534 1.54367685548324 -9.04696291476597 3.48422972779652 -5.84206783709877 -5.13416376126575 28.8858204480678 8.82696898253402 8.52047504220171 22.3673107409096 26.5978160324127 13.4215698928606 -3.59050068470501 -18.3425881028760 8.73958772568185 17.5832851111703 -8.48931369246896 24.8868866619793 -14.6203480602979 0.393719272935176 21.8719784616058
0.386415940320485 -3.49434162700189 -1.48490812764157 1.42325470681059 0.589922853371502 -2.10984831907260 18.4478141205666 -8.2830039295739 -6.20541571029641 -8.07020408036472 6.60608749447798 1.75041515550538 5.44630651956687 -9.12937641717342 9.74258245247517 -1.06160942639801 -0.155481319826019 -12.6414870450716 7.08318507107982 -4.74112622572439 4.98823322850326
-2.08414104812651 16.8967345837020 -4.29645827914121 15.1817861906533 6.66449105046856 18.8081515393364 4.23583328662931 13.4602128306665 -8.00650821436787 18.5764017756116 13.0877654275903 -7.01009745124087 -15.247393149615 -15.5116383238738 -4.09653488936483 24.2973121855379 25.9253728129133 -5.67222501928044 -18.6617075586934 11.8017243295920 10.0121406451376
-1.61354498889191 -6.15820619307625 4.87830342571455 6.11963346203443 -0.556623417629164 5.14830192163122 -1.23493016492185 -1.79254369038284 4.68561121752164 20.476524953408 -0.72016891090285 -19.0090562024371 -3.35338208129921 13.2236212658319 5.46590864063991 5.45876264486409 -5.31525090293413 4.50923329669375 -1.28146144303995 18.0973438412700 7.34536702736138
1.00361047045881 -5.36264917970386 4.30814718034001 -19.9597389988696 -5.68567697107453 0.946040768618713 2.35875516285475 4.56555703513347 6.55769727449935 -11.0570735691183 5.17947031900584 15.8816352462606 -5.48032266888622 6.55076429873483 -10.8469571968502 12.2143984855752 16.7545439929865 -6.02129976887045 -0.389281155973954 14.0739689047422 11.6947246072080
0.960242328023518 24.2941491724781 16.1681800679003 16.5774035971258 19.8661978340399 28.1357091561705 11.4687025395521 2.14478015625915 -24.6560425916868 0.9595428394808 -14.1734034430209 7.54712479921476 17.1026345072796 3.01860210481742 5.4509140338598 -8.0661405260487 26.7989074808978 5.12035012248653 7.81042073139942 19.3613879217697 17.0763133258818
-0.745499728030379 11.6208475983146 31.5738449925484 -5.19871802316083 11.8333412622773 6.22260389532115 -8.38213242346363 17.4009358330546 -4.96550415465653 -2.58595458263952 8.40583988675635 6.308455920505 -3.76675027873927 -8.18790098153316 7.28249958825799 9.36616688692364 14.8152614068714 -7.34377423883934 -1.89237593406818 27.7137367144489 9.83208704729832
1.91797646132023 25.2045624283434 5.58842410820699 -5.06375216597689 -1.85158801797840 12.1887776256122 -1.69187232713765 2.51949028287004 6.07696240453178 25.9658801728336 2.31479958852201 -7.4158740762923 5.3736082476477 2.23413257754172 6.1626840038655 6.60592393138103 -0.117099727891208 6.328260410255 -7.70099988820567 15.3887346753602 17.7883040732613
0.352148904939953 -16.6918008250277 10.4541593428258 8.3885365254176 5.73575348113444 11.4289453780735 -1.48465862588205 13.8911762012356 18.2326150408185 8.71161071848045 4.91229106307061 8.73813024527099 4.55206614651113 18.5369760881569 -2.20064618777756 12.7757989337990 26.6354232106807 1.97662689463490 -17.3359145571981 5.82282216650454 -3.69173884752793
-1.31490671740843 -6.17017093539706 6.65872873639249 14.5224032985495 9.16612442641157 -6.2735020371416 6.36409801433914 2.85251544460639 4.86238622927478 -2.80879034118713 6.82259090346986 1.70889924795111 -1.86413928057784 -7.33789915163119 10.2710995740056 7.09632463415751 4.24763525603369 -18.0519600032770 -12.0934020687896 1.00310990267236 -3.43050665057916
-0.526895919372537 2.85571018127907 -1.69954287063149 15.2586471827262 -1.06457042556195 -6.4082015012017 8.92336764644677 -5.03002669183426 -5.79022003690952 -13.2987250241954 16.1276593966859 7.85603284126341 2.74738119128254 11.1382529243265 5.53067043739481 16.11023425771 1.26587092498638 2.9395068717182 17.0394098252630 4.01362141294056 -11.5366816346406
0.585579615597443 14.4216359749692 7.34661274976042 2.03907497961235 1.09634679963767 17.6659371971232 12.2296535527989 7.80137398018399 18.0385681160887 -1.55576469459656 17.9950706960874 13.7365153362417 -14.8512415431972 4.98995972035063 7.34581935060416 -9.03634467103698 3.6382298987666 8.48711785302828 20.5460359118802 -0.829819020331074 -12.5923546400861
1.15739416520475 -1.36702795440575 -7.39136853838597 19.0815113472618 8.2301254400021 6.95471777801395 19.8141548984687 -2.30643986649999 -1.02540843191447 3.87532780599273 4.38478611201407 -8.09761982191288 12.2314882786731 16.4727437589502 2.94477697258872 -17.4458725388717 1.66500288966673 -5.54812197660894 15.0396842428072 23.2322179402363 -2.43524345564319
-0.820267517120098 0.0574578545806776 -3.27788896545672 -7.6084786304471 29.8593652546585 4.32017126110815 6.17274829236552 -25.4431347953108 22.0085039832905 4.47186196998837 -15.2903618508425 17.1680263607413 9.89998402313362 0.852729362787485 8.91943519598351 13.2418469705555 25.2282204196375 15.5213565961628 -13.5593612752977 -4.02304846605028 2.74790165893518
-0.0218876389113601 10.4629538972067 10.8210923887218 6.45809981759225 7.63090908859823 6.01910569986137 11.9437713927855 13.9079471848964 17.5344413836939 20.3958067902277 -6.79561362768732 3.4821044808145 -28.5487196657379 34.2729573495118 -5.8949040863834 20.0325603707746 -8.68704773362347 22.9130017552059 -14.5034109110319 -13.3868566487421 -15.2948451151168
0.273570594177009 20.6058326148218 13.3550523231399 0.928536778491775 20.0122508294213 0.0290457413207613 3.23007246603116 -8.2054338799644 4.1083176590792 -1.78064648970362 -4.43190868698225 6.71445104719942 1.14062289180543 7.22056299100297 9.17995332841628 21.5090456615297 8.23345337898679 16.8211681385326 3.91365696407611 -8.28374409198325 -17.6848281844452
0.161806665786798 11.7928469901777 23.6974364947637 6.8147778665908 -5.51965086852382 -11.6978531145096 2.17356025342694 0.801937682450908 -7.06168578310361 -14.5465383236888 5.78116459654853 -3.09045128673053 15.1025300819560 8.2826790659641 -0.528121274280545 11.7523689080129 -3.07752922393783 0.982819659833979 21.8759618232842 10.9112397011857 -12.8231872455656
0.544138484080667 11.2515652044753 -4.51489592080605 21.0749415543330 -12.1370429366870 -5.02302838530758 3.66960796828788 11.5479467853181 -10.1871185508514 -1.08400057279209 -1.13949359110244 15.7308565771904 15.1488726181263 7.39911389827036 -2.09550703168585 -0.423017898147997 -27.5868271297209 20.1399838071665 -1.66083446701068 -4.57211038977338 -3.23779759068345
0.987319692312166 -9.3958485768848 9.887118918723 -13.8896682508558 -2.23876040397576 -15.0061357447356 3.67084143477289 0.370062737028115 2.53804675624484 14.5375276175522 17.0932002585969 -3.26262552152444 10.5760320876605 -1.27024665664594 -0.159636114283198 -3.31322763782038 1.11608106719632 -5.54237589719835 14.6009380446752 -12.8401130044607 23.6680359951009
0.908401784512838 -1.53901052480433 -0.132700385415512 18.3534936993165 4.29130391218236 19.404252497272 12.6174096918782 -16.0335654863769 12.7808148050616 -4.73022316197558 0.88197848313191 -13.4343516480782 3.23483284807832 -1.33337599550665 13.2688129556295 -2.77882114532015 28.5489137302667 -11.509629738523 -7.73522717191719 8.91240617857141 -5.22905070842278
-0.958328808505945 23.5915819728892 8.15917383905891 -2.48175448319506 15.2707064089931 9.00956149884627 -2.35955150767083 6.01576186621519 10.3153700527636 6.44736935995898 6.99959597385144 1.24902432639318 1.76319461932174 9.47267260438638 -1.35178892931031 -1.89923002718326 10.3027754527175 11.3170956027114 7.22064866188947 1.00480673980923 -0.616304122498177
0.580555884933545 -5.36824435477128 7.53758612530967 5.19491183830835 10.1963270788527 5.76856207796934 6.04279488977845 -3.36895947557790 5.95202200624764 9.5933322649103 14.4985226684135 -16.3056805120359 1.64118709561246 12.0859836390461 18.5035670557584 -0.224651198095843 23.0362176210230 9.96857229627892 -2.76045810395615 -17.8042447658963 32.2452889474901
-0.0839784164157153 -8.77227152038147 -4.14785289975017 4.5020710269181 29.2398013022194 8.0784189456276 1.86671172711793 42.1189944488383 -15.8325005908422 -10.0204886738356 17.1769787586358 -22.8129897678430 15.8444960002682 8.07567905204885 1.35491008121948 -2.78011309880088 8.59589131654067 -7.68570604828085 8.93821568847071 10.8614173245204 12.8555361480468
-0.247984735682423 1.81876301563944 -5.96078602755432 -18.2757935856457 2.69207476484335 9.92745317410333 -12.5948133751841 7.39170547140968 -19.1618026925607 2.32106998400659 18.3750001106844 2.70598013298082 -7.8540398636976 8.48936136023389 12.1422704234231 14.3291170900664 3.20866304362199 2.59880204745107 4.36656830745927 -15.7648915937945 -3.23286789244303
-0.593255196764499 -0.315118539663963 15.5989490630612 5.89866013719056 25.4820901999744 1.20388710249200 -8.31070991876384 14.7366092699525 15.2028509093951 9.86699916162313 5.05737784945413 3.39680535692072 3.87994728889123 8.59348162591627 9.8192278180661 11.5288096634211 -14.5708874683423 6.62371927016697 1.15011643573731 0.192236648398084 3.14629777979258
-1.22291583519959 0.279434357085028 13.4266183645928 3.31427989190197 35.7282844512489 19.9715129619131 -0.817026447721747 0.435239081117879 7.9142963124414 14.4535141250987 -1.86402584457854 3.40420195345010 21.6770368467738 -8.28055474922665 5.52456659991286 28.7499783165083 4.03606262045727 -11.9632327867446 6.61818070092089 0.296098078176208 -3.13697180168691
1.68580078398446 16.7759593400588 -2.86230983839503 -2.88337737607736 -1.62318398449980 -4.79139817635035 40.2256029876381 5.74660012001649 7.02202485978713 4.35083503698946 9.24716845828743 -1.46554413681498 0.618472790836028 26.2356616543938 13.9419175262761 7.17326655423665 6.61867092713744 18.0825856957951 -7.51219211149226 5.85159633185608 3.06892918818926
-1.00095765534503 19.4288974830410 -9.9000339800406 -2.66558847651838 7.76545540480088 0.742776579391861 8.61641951007465 15.2456483910556 9.92793308785175 -5.27407827615561 25.963300690611 -8.182203523072 17.9727102017644 -2.83607471067093 9.89068344829436 5.17932373556704 17.3909385252188 -7.3499863628829 -2.03264337627385 -5.80759794929597 -22.6244857750596
-0.756261518252538 12.9462792033967 13.0048689054108 20.8526227501421 12.5977348252564 -3.12195769316097 -8.32822542435113 -7.41431243426845 15.6296829442065 -4.76272549198851 -6.2173830350958 -1.47832268995887 4.7315955006448 9.09500268806651 6.25203647406358 8.87144259612641 9.4313471074064 27.5178978061486 4.15924289182600 8.89880209627494 -8.06849186922081
0.62596008214643 0.84090536590196 7.2192241982676 -2.78788885685753 -7.06574563377852 -2.64756808069576 5.6598629663469 12.6758917406717 13.2703847016697 5.37848410829127 3.81608020491813 0.0318220748099354 -8.87681872521739 14.0980744375446 13.6236499281385 -6.28326483116258 15.9544003753633 7.93009215441589 7.18987715105757 14.7905535162232 -12.9151824068997
-2.58988579164473 -0.0580859904216924 -5.61502967093127 11.4276774731830 7.2496920841184 -4.80733551781942 14.0751518602731 34.2873094836047 17.9979516309177 3.34101944433656 10.3167302577950 -20.7138947738313 9.09731734705094 14.0613645867371 6.58012724090456 9.49349450533714 13.6407533700444 9.47253926621622 -4.87518463585297 -16.5325911869233 -4.3248708879148
-0.335013321524034 28.4107898196391 1.24177767237647 7.55171330559172 11.6606301392674 16.1143959769042 -5.44799199914570 7.93590041202256 3.25896174173931 10.0703293406375 18.6463740288944 2.02123099469148 2.01624303010820 -6.34132385360636 -3.93073825451671 -9.53430837106963 -9.31747976393555 13.0606666274746 17.0956045897411 13.1971565411869 -4.26068210931895
0.356698469274464 5.38457048645979 -3.17386180255079 24.2258965347395 -18.2411359874622 4.12704239548026 8.87782662395997 19.1733492283627 8.87136494342214 11.2041576324680 4.88329585325048 6.75473238617316 5.33841800079666 5.19615862135388 22.0445905190767 2.59542368736735 2.03424682088559 15.0681369219042 -12.3098020719672 -2.38525044302111 10.9131614878719
-0.888099561787633 16.9638992651870 -1.12306788911361 -4.43143331603019 -30.0316645337198 4.73080866768885 -17.3009981623261 4.23795197847282 5.78512599409115 -6.74384880756508 0.954541886986189 18.7043992965824 -1.93847178728835 -17.5088852956346 2.49859107580603 7.26117870955343 7.90270671777568 -8.47368737073474 12.9705085994227 24.8225658978704 20.5996145255643
1.04660678854123 9.21649585616358 6.66201708566381 2.85762018075642 -8.05381162509283 15.8349930855104 19.5369950472682 -7.91339413464825 6.2230863668752 18.8175192576998 10.5316235162119 8.1926621472697 -2.56610281206305 6.52688420054144 3.46780430459893 -10.2506750150873 -18.1599876491554 16.4589636735145 -8.87870197068716 2.87795312488079 -2.92652685287384
-0.656595856226528 17.1340592300644 10.3374325061789 0.602876519882299 27.4283997263762 -0.724814924989598 21.402560415926 5.03515126257445 -18.5466352309412 -1.79781873194947 -7.42603186979336 -2.07113078124389 4.84933714742119 15.2224478432112 5.16295273698258 -9.66230811045581 3.30507852037274 7.52572916766947 24.1700629852647 6.57938419283702 1.15549739949126
-0.213318079969103 -0.000977818639073647 1.85007250833074 -9.19607829780804 15.9207025746377 -5.9007023259671 28.0603976386566 15.5300437915970 -0.510979997536894 13.6731120366751 15.3152922919149 7.19881080808109 18.0498678613545 2.55169081713447 7.90024057231903 14.7391998969708 23.0652071017897 22.6474884955318 12.9945238030790 -3.83520383687532 -8.08495517241378
0.230481757113338 -2.55690377453628 8.9380606459988 9.09612434308044 25.8682339911423 4.52939968680897 4.50033755201625 5.82361437508955 -1.87777969408547 30.8761802048183 8.6620372260557 9.72706344434127 1.11111311820776 -3.12611272688017 10.5995638377050 -8.38865770533932 3.89522770181317 25.9265603455357 20.0982774076596 0.168778970813272 -5.32023500308687
-0.480849775995596 1.0445010202338 9.23586152066174 11.6473031539333 11.0436520631005 -22.6844348440802 -22.4945767030986 22.1380427074881 -8.01727835078726 1.98054730053188 14.2259010752486 5.46295536710229 -0.844490732836818 -0.397850184708877 18.1863341310890 -12.8846338060973 -6.23471369812941 10.6607666403169 23.9269043164779 -11.2888935070805 26.2720918039388
0.433825487956123 -11.4398568491875 -12.9040193704318 -11.4824594543247 -2.77937129831564 -11.8959996132167 -9.534228047643 11.6015274994719 3.33010255187988 10.3664660034304 11.6765435643577 -4.91895150340128 4.70141078089291 -9.8418781580641 8.452384160636 -1.6931543160981 -7.4512140182423 33.3616567985797 11.8419670635096 3.53408367395134 26.7145591109773
0.407451137773459 17.5970686583873 -3.48302431293071 -3.13749871866206 4.54945725011345 5.6079818872087 -7.64061818587687 12.6031739863416 -3.64899492001594 32.3046994069661 0.0325991468261912 -3.63958764090417 25.7118518160188 -6.62154916433856 2.96580569190936 12.1925605141857 4.32333755879887 5.68593807181157 21.9400609565557 12.5102714160112 5.04065155580438
-0.626474416388065 6.65884717838502 -6.69007445997177 -5.61704293812163 16.7738674115583 13.4708551165804 -2.67801032853593 -5.20590994887092 10.1419547849408 -5.19532631141213 18.7396708132648 11.0191315878283 1.61289060063788 -14.8728086851033 17.6179847548186 -6.01288797740033 14.5721191955306 19.0286076671674 -3.36176982257354 14.4254315716901 -0.649464707263433
-0.256640246836235 -8.21509809215677 13.1426615604009 -6.76719857973702 -3.86123057817624 17.6065082878108 8.35085684950988 9.07121818890673 2.8615806156209 5.81752446923039 -8.75061296879375 -10.404879504594 12.0780993632145 8.26287009268186 3.54983681120553 11.0732892004079 1.62180409444089 7.0064371092301 -8.83857093479959 6.01243545133775 10.3668891534572
-0.0986585373929904 6.27560411022063 10.3483009109177 1.84724620074728 -0.147747159177308 2.17254825249078 25.5722400965622 1.04263224850319 21.2853932586549 16.2471827854248 0.0659968981648763 13.0875439525846 11.9574896206538 -7.39197281116245 9.73749511912193 -20.9622687648806 2.57642019864349 6.85271728228566 2.88174367698147 7.62800004089105 18.7577508615696
-1.91929007725544 14.7585839195237 0.134478894948872 10.0791120328827 5.37646561286736 22.0036067806859 -6.60747039155808 35.0144174981992 10.6004233574307 -18.8567197761726 -7.12643070528223 -4.01642032781367 11.2807141464491 0.379390920558664 -3.53639336555502 5.68899231223372 12.6622868769175 3.3341839072488 21.1287720398013 8.15299753664806 0.841472693392208
0.472758226516899 25.5025310011012 15.3232261961474 -2.59792812708756 -20.8272720303568 26.3858033579050 17.1310231204166 20.1328571702908 1.57143750740523 2.32136039000501 1.00446295577579 1.72174810116208 10.3679826259213 11.9294880320641 21.4871193682423 17.4194140391617 18.5811850386905 10.4502537970173 -1.83655245834163 7.69864966721689 -5.27856593553169
-0.351860757810964 20.1083841407544 -5.37912726769788 -0.194254719635319 18.9135761074148 10.5295228452435 10.5775373322985 5.27255723064925 5.88826789765956 0.452709557070656 8.53417108451129 15.8003726733511 22.6551472373411 7.13307421874163 24.8868829999254 -0.112411117509898 -5.1339624737055 10.4375932734477 -1.88940482703948 8.14719654095561 6.6961784185189
1.6377620424169 14.2070199717648 0.891736800499965 9.3496053001064 3.34099819421992 11.340674853018 7.91777661449896 5.08735407725018 42.9929057326655 18.3700721402532 0.0633696685043484 -4.14606760299778 11.7787131808343 2.50461170736985 10.5901388364704 13.9315910151217 -2.66909599574755 1.68274786518615 7.52111301641364 17.0812366162900 2.56525793771260
-0.555108001903451 -12.2692153943146 6.78854165851564 8.63465389973035 6.6372228898851 1.07645829504729 21.7755501385964 2.56886335613333 6.00574411668653 2.05556310567210 -7.96308711135902 16.3010627074014 -9.69705365582304 3.48530770468756 15.9681595708796 5.97107407297496 10.8575844243511 -8.35916452056941 -0.779095641426022 26.1272571050473 5.93297318754087
0.144808731814066 7.81490498993981 -4.41100512629057 -4.55227107260621 15.2811247328976 1.93305155897453 -16.1602752675566 -8.2313585209704 14.1292657650527 -11.8262937052439 -25.5714820068867 13.8177142328246 17.1752396360739 1.66757351374201 -11.6862084741374 30.0184748118545 19.3406966899271 17.7736764040898 13.9710941939297 10.8620071314812 6.28482240498244
-0.899763268801792 21.3743218287653 25.6059549810517 0.329539216003348 13.5025236110420 8.80525181746943 5.9442197071172 0.375011397800822 15.2985102612282 -1.04019926397774 4.45197164019737 -2.73650602697666 11.7471384595361 23.4060676846132 -7.6878525383224 11.8516224615096 -2.58405341236641 -5.69758927824858 15.0361360908492 -4.61895854397538 -3.9737621194977
-1.1524423155274 -18.2881872362345 6.55194969738049 10.0654219503810 3.72514290419002 1.51638265415057 13.0527150241763 13.4906818285620 32.582246853413 20.5678781118231 -6.66763035820198 3.469497572133 -0.169907366214809 -0.722738590937893 -12.6991891132545 -14.5495508030110 1.50166614970575 5.77028773550388 -8.71508081948179 -8.59003401303231 12.1159433391085
-0.597875338277922 -11.2405268980062 14.4587176285212 -15.5431772626987 9.8246394774041 22.1650756615491 6.15945195987999 -5.14260273180963 1.97582472392206 21.1034222617012 5.58694850404401 8.89235381367477 -12.8321490048246 6.38646946456134 1.57332445671478 19.3143141892826 21.6066369613598 18.6896116301085 9.95468146988125 2.23753257859560 19.0586700846087
-1.20978334778675 8.80053793327498 -1.67487073898283 12.9755631838241 12.1966099780400 -15.4880127976731 6.73573392611581 8.36938974533013 0.641358638280988 5.17394475511434 13.8507355692765 13.4091591817946 1.04696027200561 23.4990052738221 19.0352289695987 9.84802464421132 -3.24405549321328 -6.72423490021878 6.89739812095296 -4.97147934455454 -6.32047257294746
0.637385724264255 11.1679135161975 -5.17712987008796 -9.28946009452008 19.4582587200182 -2.27433942272689 16.3580886589196 -4.71619322622902 15.0959155679729 9.65889538233665 5.9672749882256 19.5555067496109 -0.998181382374701 -3.58033025037452 16.3364375875940 15.6025062866832 -8.6130085424464 10.2804642195741 3.64479715027523 4.35774512378033 -8.94094498879322
0.583848553931105 13.689353532029 -3.44492764349511 -0.747625666862977 7.79161039672167 4.69636948923828 15.032518449789 30.2611922622943 3.49974034704898 7.99592304632934 20.9974329998159 -2.24283740153168 3.37362945392826 -8.86043535502837 -7.47068507392532 4.37872133938122 3.19544337706842 -12.5815356402551 5.61596704884776 13.2164920195923 3.52661995214379
0.27857004584195 -1.90337433572865 -9.32514528772214 -7.55803903056152 22.0891768927937 -0.774333947556717 6.1098681358399 -18.9937998243881 9.70976577746908 26.4606881761708 10.6931495277061 10.9431755734039 0.157370383785268 17.0749337845422 24.3541769624754 -0.326928264519819 -6.13584909103236 -6.74934497364572 8.83766618537946 6.12268081913071 21.3046485798596
-2.08313853287355 -8.72418729892155 -4.08872944404552 18.6793699830860 -1.93100293102628 -6.693032519343 -1.71442318273390 1.51753547100191 18.5093376494689 14.6363426099365 -12.0298673494812 9.67916321747231 17.5936383271608 19.0559147551839 7.54305835011874 1.41183741427875 -7.04945414793941 13.5628639639058 3.61709853876752 -3.29462036511495 -2.14897271735261
0.116162065654757 -7.4702162682364 21.1356196606934 13.5926330515113 6.9502526113883 6.14267235601726 9.63527123772615 3.79731372826228 -0.102485196220920 0.0299544888374168 3.78818064150214 19.8213937022665 -3.5412844302938 -8.5527116470666 20.8208045096860 3.09140272898347 -17.6573434560658 -7.23521762542222 -0.795298985540579 0.651890094892652 -5.59973188467638
-0.601092943599964 8.33788921117566 3.18918579297304 13.8050086408947 -7.7250400249512 10.0314074374330 -0.91749393243816 -3.8383479733869 21.7235293835836 3.84028316158967 2.32745905256291 11.9633919321468 21.1865857426589 20.3226776551631 -0.377363886416315 -0.945582924221673 7.36489005626003 -1.56367364566823 10.4004025479796 15.144533296437 7.02366742286823
-0.9561762852151 16.8749204548975 -10.2061704822038 12.3637429290690 -4.3721009711223 -0.243012173650580 12.2088597436217 7.83104642246337 0.987123122581726 3.37818863021588 -9.92207876342082 -0.402077899007219 9.39421864284203 13.3418948562047 -1.28423964439882 0.960964649325657 -1.05225976656563 20.5502557335589 11.8514443690173 5.64667497631332 -2.83922530639284
-1.05056047529497 10.9402386644846 -19.2919983174306 1.46523868745611 1.88419116428031 -10.0764953509738 3.6997438424326 7.81060420902669 15.5415307389740 -7.9534677903098 19.8849604293073 23.3732140795037 -1.34241236624650 13.3235185457841 1.23575811991312 -15.5367927249906 -5.0914443103305 9.49060504335105 -17.6133702705876 -8.10234107170685 -0.905395243418787
1.75807402340887 2.74758021582802 16.6310206632876 -12.7787736839184 -2.97452365111578 19.1389159027165 12.5383569580303 -5.2837160859581 -3.72327266694213 11.4475421575376 17.919758714647 3.76884862315980 -11.4261927429018 -18.8448411222935 9.5100278311345 6.32750744070251 4.27017302101089 -14.8532167448335 0.500899811982416 -3.94719374679523 6.78791071976336
-0.323801978440453 -7.86548654459942 18.5623279227845 -10.0138159667878 -1.18183109491301 -6.68085765033868 1.64900759322510 5.76657906133457 10.9586089183940 -0.672349469182703 3.01375625912836 -3.7080495948993 4.67350207276086 6.742460857307 4.13658546104194 7.47415094797146 -14.9346175834623 0.976828343209813 -6.36133284014028 17.4866940708928 -5.33454186697297
-0.805390831505245 -0.449410322472099 10.8427100657936 5.9063997624742 -0.61289036948771 5.14760382485262 19.7935126178982 5.34083251775969 -8.1155672694158 10.0505087809351 23.0919068915696 4.17340430779281 12.9869771458257 2.03302637036977 5.40703386232251 7.3075543573523 11.1898654092592 27.8283369774476 -1.04753060071125 -1.30094124154878 6.72499442125341
-0.741255853862865 23.8068788835424 35.8291692444117 2.47100374091726 -5.07993245912879 12.6218672145138 -0.768311362747989 -0.0584361005104407 8.15498435921464 27.5728123008006 19.8040263982857 -2.75320506287175 -6.33325814254377 4.75998197538193 5.7237597642381 2.95937934743979 -12.3291026291612 5.5570443492724 11.0125483213735 14.5257219476348 -10.3490774757165
1.24906634634417 5.96080854138953 -2.61578407070916 18.4060768158778 0.879772035061636 -0.915884619053977 -11.2816794384046 18.6973810055093 22.4252265833432 -11.4088283469074 -12.3378563995673 13.2957358616212 8.23583074827012 6.1789260420261 0.612072519703537 2.88100790249058 2.70793771142029 15.6689148875498 -5.29278023937526 -21.2244260877628 6.20775337037638
-0.735705701619341 4.16488375028154 -1.48664901015295 -3.36676341221707 -7.56841914176064 17.715536528265 -6.89900259548696 5.9772685653724 -1.82309184676893 7.66978441772437 6.05345918335250 1.79172908983850 -7.9944388709195 10.5454410236519 18.0454390361244 -9.6009046866575 12.1836222084064 2.57764143786559 0.224836297994601 9.49095302790176 9.3486499372648
0.915585760805945 13.7611628796427 -5.90701268979463 17.0730260229562 11.1824766899813 13.9951498636887 20.0455263085555 -7.85573186600231 1.4685060346322 12.6258702591568 18.8911170510801 12.9218111636843 9.9557940204721 11.2454775412573 -13.1937253298908 -10.2687151646375 21.3146101310876 7.48982428869275 15.0168983449991 -4.92490868734418 0.150636026700015
-0.248641553523762 7.08943407571208 -4.64588602712817 1.63382090090262 30.1589352280746 -10.2442046203820 18.2242911722377 -2.53672238144507 9.33422556690339 13.0385977709257 14.1187217894946 4.89492364390188 7.81322997321182 24.7486766814158 16.2938264090179 6.98229726167214 1.26023346108769 -12.4972437206859 9.0917743040768 -2.43502245734953 24.3947319833596
-0.467289671250035 -12.3663910857047 -8.70220806733527 25.7897801063274 2.13125785766060 -10.1696247098523 -13.7760563564313 12.3153783863888 -4.39098678290989 7.39457694989903 14.4823860116294 -12.7526909589822 -9.42083057868527 -12.0473901097026 6.95455380003072 29.7470490089847 -10.5687609494015 8.48669934947288 9.54164467283038 20.1961120075429 -10.9017645514667
0.780494080845802 -0.340660563741372 13.3169768022845 -6.01743202388104 1.37313134587523 19.4338249245642 15.4601045481100 18.6844624666617 21.0763344005788 33.0286387584135 1.31696581103992 -20.0548068723611 7.64128823877048 7.44645766897924 -18.3495099764602 -9.3989665951896 3.45336130103230 4.0490952105941 5.8842773165771 14.9705825120298 14.5547967489912
-0.520148164919409 7.90100179165932 10.0956625487516 10.3883659656462 12.0562362704692 -3.91438972418588 7.84568416773381 10.5262798834975 0.349172274659469 9.01207759418567 -3.85136617177402 3.98810517517809 10.5719044425970 9.24684499842935 25.516062919614 -3.56500616661845 6.4973445029496 0.54328760372641 3.46892858958363 14.5453190636787 4.3343367857768
-1.94832391039505 3.87435353718132 7.73368789196907 28.2686093036476 -14.7725833642556 3.13156485910798 8.74594667099962 8.91704581150578 -2.18789432568864 8.34915154835264 8.11508690442575 10.6115820858284 10.1969444677695 0.929039287975425 5.83860988921508 7.64888133905267 14.0507710761793 0.79116188180207 -16.4664739828350 -9.08791169695118 0.116757571258267
0.932245105735085 9.61636170351825 17.0944699259435 31.9783831369634 -4.67070856614459 4.6051822572618 23.2470154832237 16.6905730916214 -4.7687212275029 1.38293955796433 11.9646131255527 3.86884983453683 14.7292404397543 10.2332658234599 16.907064835789 19.5942682492527 -20.0420561923354 3.77668271221705 22.7401688788048 23.3269484451580 20.7349329461503
-1.53767245384534 -0.651576518864768 -5.49415894602751 17.6510732715939 6.24879151047946 6.5992447576691 14.1111448436567 19.5117757854578 -12.1744792259662 -8.35335489337836 -3.68377899833391 -24.413672194942 3.22207912730474 -4.00162304387481 25.7012515391966 11.0193271235797 15.9263003638297 5.65899649769806 6.10837919531896 4.77814504699015 16.1652542454372
0.834844336471207 3.04738188307782 -11.0689935089325 29.5371306143997 -14.0312530815026 -14.6296395043044 22.8851233177318 11.8765034645716 -0.554572449567491 3.52487138936732 16.0942216710170 5.00985982588891 1.92326785753052 13.1897461450283 21.9888607002275 8.77564115356834 -9.25409342306002 -4.48536324626726 -11.0474390916770 15.6423204688033 12.5023860297252
-0.780705834941812 7.32247377151438 4.22526168371317 -11.0736152814765 0.922970508781003 6.2602195978957 -1.91902559869993 7.64853857587039 6.40941576964399 -10.3520582909867 7.31535289394035 3.20175639213587 8.61944824738872 -0.607323532731584 6.64434746834155 7.87068544994394 9.54220958937715 -11.8011135577248 -4.61237104389105 5.1778007823765 15.4618223598269
-2.98866462489794 -0.0525578832058331 5.85968674906165 5.73405567609819 24.4209696906947 6.96853834217113 -6.49188635628425 15.1440496695733 4.32704200819483 -10.3519950748034 -20.2779821661854 3.00782429264239 1.28025479379385 -4.0125148968301 -2.74535869365617 5.47626804336105 13.7889477730979 2.44024197151183 18.2741471217931 2.62640820246239 5.86062220741737
0.433766561912975 30.907786546214 22.2477561689781 13.9228144449808 13.0912160698556 -0.940986356605656 -6.73501504106612 -3.81753621967816 2.23357970055758 -15.8032750606519 17.0450402022129 11.5678545461356 14.5725010225023 -5.97597502619014 10.0056839660805 4.53751062171071 14.9914635097516 1.75773818505635 -12.3176188629010 -0.170273439465153 0.774832210359208
-2.06522481459973 -0.921963071846164 6.4085283743195 -13.6197755768360 2.26822671992398 4.88366143956339 -3.46310612473875 20.4125266523764 -5.87338778564754 24.1427295554513 1.86512669699015 -0.143656614486188 6.11179948806892 9.36716134255354 -9.02261672202296 4.76734959072708 -3.28406633350791 8.72918033902003 0.506516719663590 -1.21430865270827 11.3656980832585
-0.873395134485796 6.68553474269901 0.749665868298288 5.12453901780701 15.5096571710134 4.69624412114278 0.508565818247802 2.95792111914141 2.39528376593858 3.57000968948951 9.5475571716353 12.7181500707583 9.81269798696382 14.9336957273582 -3.20053138655866 -0.231545332496912 12.2473421194717 -18.1080962093228 -17.4500593142782 -12.3595190914718 -5.40683392768834
-0.970767320202583 0.819904765368861 -0.631503599844346 -10.4046291819736 -11.3699721086931 10.7493033494115 -7.09794693234886 8.93098826743269 7.09016097946236 24.2121105608089 0.955247043872965 19.7346156059796 -12.0479965350166 5.40266620777663 6.66291729952998 -3.32973176584545 6.39949511794127 33.9435609011652 6.3194514141688 8.24462013751591 -5.15449094989721
0.0729684860296047 -9.2873369487077 22.9279652850548 0.203616528649995 12.3631843663429 1.62899271470639 11.2579813808882 -0.730178360132521 1.08405183241963 0.726839142668136 5.73202085135558 12.4419072858898 3.94040169728263 -2.75391000293310 -5.52282426756812 11.9342171602542 5.2758844886235 11.6620488720149 -10.6425101410690 8.10771845469249 5.43259329702959
2.09090430893527 23.1419267983763 -11.5091955097349 6.31702956640217 14.3785603787433 -12.3654226824857 18.1560873964364 -10.9245305433311 12.1160678360205 -3.3380814011978 -6.52487015283649 3.90509282369797 -1.17520313691669 -0.988425150320558 6.56103916622305 -5.05380158949081 12.3865262432137 -4.01133452236889 -12.2083720171516 11.1402659300268 32.2325572553569
0.3036913030732 -0.639345146589346 16.7038369748588 22.9074214873676 -0.65444954999 3.88243173616431 1.41028933668001 3.18098758040105 -10.1329152622979 2.22755201700664 -3.21125038777383 6.40991041811409 8.71161106767444 11.8839427006000 -2.36645532721382 5.58258946595488 7.60696452116736 8.95792596535658 23.1814211120571 -5.13329675163616 -1.84386577797877
1.04424396952685 15.3729107321468 12.2988432837281 7.9566194985716 16.6354729804001 12.5282288744283 1.95125201368303 -5.64995285921933 28.0945186478088 10.8405597076083 0.0299099531797855 -4.57042478895785 7.52778914136629 -1.67692496585654 6.35036215642354 7.00335279698335 19.2069350129012 -19.2671010070533 18.5635694216362 -2.20224275473574 21.3270776133337
-1.47190338250702 -11.0392080724215 -0.606978005752041 -13.0682623351114 21.943669303782 8.80571055500297 4.72471141590276 8.5004983448986 -1.33598784319007 8.66830463598346 13.7178695911619 -0.611215218066254 -7.5184105049428 4.8513324912946 19.0679932993021 10.4544524746641 19.2399693964457 14.7519779353529 11.5088274107602 -3.37300458089961 16.0805664043710
0.83728816054923 12.0585057642598 12.9646239520498 3.82726043708106 -8.13225323287493 3.43429580608998 0.474916015112415 6.03414711455171 -26.8141559382288 11.4065410104022 -3.85197661190438 27.0341677044236 -5.59831916943514 -4.67721928658468 1.20836669984039 4.84180770964833 10.6628443029620 -1.76222780675920 -20.4103141567485 22.8258840040048 2.38683911915936
-1.12497097782634 6.79023375761024 7.75396857187203 16.7586407646615 -5.37885400305781 -0.75395126416662 18.0185141041513 -9.44402220193154 17.4630722549148 35.3885108773519 3.87571569237746 9.89846931100676 2.34050352994195 -5.58545758332661 15.3096684635441 -1.9075758519822 -7.4618935275188 3.48006849870998 -2.5412453792744 0.927250968468824 -4.03912890446501
0.933055237219588 3.99855406864296 8.16895765644916 5.87225009309928 4.16610822041996 -4.10677429015177 6.81012219431643 8.77443454093214 10.3519701580381 21.5207568301003 7.10854119459867 15.1707335817081 10.2130158019532 4.57949579497284 -0.750578069562515 -10.9660938111592 -1.96900797164194 -1.02701175260055 10.3992241798569 20.6340893571471 0.220358380182452
0.202576189572692 3.89378123947088 15.7993454258165 14.4594103269900 16.8806301898457 12.8966303312659 11.5700805136296 5.60174861366556 4.57170821387949 2.46068798237671 18.7391285056592 31.1128150923058 17.4444885096055 7.45943934781883 13.5608130709209 5.32818270684046 -18.3184329564528 4.05451626973815 -2.19675910709128 6.96693738654003 22.2494066020283
-0.43874883622307 0.194459060461258 -10.2834674806062 14.0320074165608 -6.46136621270917 -2.45036109052743 2.65783282729426 13.2133279282671 19.2292514548382 14.5998217496075 16.9763919314034 5.56249649864965 -10.8437328285159 14.4088999821072 -7.70073410985577 4.86225134364212 -2.36655732545082 -10.4676886638559 1.23373438692664 -2.972789599675 10.3427920812925
-0.982508729310142 2.38201035429466 24.3539702816726 3.86047257025568 27.4111787128473 -4.09386699817297 12.5143957218119 -16.0654310908192 -3.49353339431856 22.5498615247919 9.09626839604924 6.2093242867451 0.416992947760125 -2.82346064760221 -7.37396839717152 5.89083256570578 -3.15002745869321 1.12232601997528 -1.48156037460932 15.6129310562156 15.0485007815179
-0.619929502783261 -8.4899417450308 -6.427204176901 -8.25162411168943 -0.600031759713252 -17.8657605231947 20.4892996369719 22.5947847811375 8.42666126285557 6.88872620443673 10.0071649867890 23.1198131858735 20.9020329266789 20.9669492279816 6.51445277914335 24.5299876190307 16.2116250542380 23.4512832650662 9.91050635239943 -5.81524606424606 27.1351125966994
0.393680397180593 -8.28512645120792 16.5984623177824 0.925053137061335 3.15293933007628 7.58529649004046 19.1755708928204 17.4578006220374 -16.8771260512887 1.62226100678962 3.2735489989783 21.2453115362254 -15.5677662929933 -2.23052743527703 11.5878472907611 -9.23015685215692 8.46135474247127 12.1247210618146 8.28170706435925 0.960010437726706 12.4284346361731
-0.360442810284895 6.51296675985185 12.8130268142961 0.418764509259084 -12.6453755586222 3.48128126410236 16.2296455734325 21.2706438075520 8.76821301468968 14.3193589055351 0.64632766029301 -2.76801454354735 2.58429807848908 -5.5790707154663 -8.44332121414095 -6.45742458480015 -2.33412632094911 10.0509938521007 14.4936292688188 -0.8417313517476 16.9578445724618
0.242646298425938 18.9205716917048 5.07891534776328 -2.75908100590158 4.91294217601177 15.8234018002416 10.4577105349903 0.96227313309485 -16.8499781010736 17.0153066682549 4.35210487245429 6.51905035226908 1.17889265299028 -7.24021983638055 15.4882154581412 7.21839739139416 7.70424559770435 -14.6713099974589 -16.1007785020633 -11.1832363914007 2.44549574486796
-1.31510772726344 -3.78692563325107 8.4062279907946 0.515824272414438 -15.1773625988246 10.3038629846499 12.1156485816011 6.10505357926564 5.25511569857126 11.4203420434236 -9.2076495838333 9.82719484656378 26.0968294887809 -0.459941704386354 -3.3329506968709 7.77679108403508 13.3801396711485 5.06752826576158 10.0159381239256 -4.39800621161612 16.1337121139021
0.729880739664469 9.11716934855053 8.92990205173706 -6.63539801632084 5.17221134075132 11.0038978228897 -2.38730390608181 9.44681812325248 -4.14395380532898 9.5340180420521 -9.93372577592762 5.79717363800346 18.3309753711481 3.193618470947 -5.06095110305765 -11.4368653590482 32.832986603323 23.7944756731768 4.17788346928657 -10.3285249734522 -13.9895524454040
