"X" "1" "2" "3" "4" "5" "6" "7" "8" "9" "10" "11" "12" "13" "14" "15" "16" "17" "18" "19" "20"
-0.4449882047534 5.99877446098222 2.11471817096822 8.22960377040322 7.34917554774257 2.8046125742592 10.6524981657201 6.24545541613354 -2.36975419620069 7.1276863571401 -2.16103814039640 14.0012983253877 12.8187219880216 5.54078292140784 11.4063787323315 2.1333319739262 5.61207546738656 4.11672999102284 8.20885278313333 9.95448060916897 6.47495856408653
0.386415940320485 0.706218651862621 12.5142000865452 7.53629943129092 10.8632168191366 10.1798817459329 6.88658200388742 3.72724385867907 10.4939829025639 8.97585911395013 9.11430556961168 2.26613307081671 1.00775597440095 16.9080451622521 6.15596674809724 10.9457639547747 0.725513637723997 5.30851540517013 1.50448196539652 8.9952956943919 6.31915323976337
-2.08414104812651 2.86332401271443 4.43006739564436 6.7249550638203 8.84856697718523 10.6003772769818 1.31496212264863 -3.09836922156724 -0.746679611961382 7.38676616923053 18.3454766967767 11.3748636516978 5.30219751590031 7.06081754246245 3.12778986860666 8.04530700923497 7.68660717320069 4.05220112330556 8.8936504826125 7.3468711896682 9.64981889141998
-1.61354498889191 3.5784544173208 0.0392237556719604 5.60264246373299 10.7099834394956 4.1838418632102 4.83801111544208 2.49259583526194 3.18596072356077 0.150006325970761 6.65688145097178 7.13031914367887 8.31817917431168 2.85980707740134 3.13260731088685 -6.93587399996894 9.44361362250306 5.46020485642241 -2.79198125864351 7.81214594143593 -1.46078140544236
1.00361047045881 5.4827464756934 -0.19207728174649 12.4649917157674 7.03673954459254 3.16749669319421 8.55813127599522 1.23401736883883 8.53677860482167 6.6104912085574 2.65199020052353 8.02857877770254 4.54790434007394 10.8640172678508 6.52330989876219 0.0418696333224739 -1.94288166186763 -0.450448689624079 5.87413066099981 17.7781408444597 -4.13738370313118
0.960242328023518 12.0471512107199 3.26309790908219 6.980620369846 -1.11456417961229 2.9319248714149 1.51651331019861 3.09991590181247 5.99838354461368 1.52240063141004 1.22789744709852 11.127453989416 6.87981181454372 3.87235111772794 6.70100797560652 10.3596243235568 7.15774072665194 9.85348656646044 8.26310308673496 8.71459446535578 13.1526378175106
-0.745499728030379 6.22511292004569 3.63101009934410 8.51249874172077 7.98794660447287 -0.180450620362905 9.8839036800628 -0.686937909207335 8.15797252101643 -2.00799538574354 0.172267951689060 9.09746692041203 -2.52740050402284 -0.0377236268271908 7.61086342647918 6.63219463767234 8.13471993678661 2.02192557950174 -1.10642555359974 8.5335575943996 10.6633546674236
1.91797646132023 7.97946645161886 0.741386195047796 2.76619590209039 6.28846006965734 3.41938394595414 2.21598350209245 4.40543405634008 11.3144309894655 -3.64774389508707 11.3041887113904 15.7382248950140 10.9817084803751 6.11459171076497 2.24314502211503 2.91149780738778 6.07926460534306 2.75934537184931 5.74081047860059 2.02520983763827 9.81914221769125
0.352148904939953 3.23568684544486 6.22874074305649 7.5844242000749 5.66524013824584 8.24307523267348 12.0522302878011 3.44355555705825 8.12570267542966 8.05108436100255 -0.293673347254858 3.97422983053483 0.783688027552256 4.60099062750053 3.77508496717198 3.29204776603224 8.41044055027092 6.60580601957767 12.5024922544281 6.18530797644087 9.43324519598296
-1.31490671740843 5.07464017009361 8.04997031112486 5.62744513899414 11.9198630578599 12.4119279810035 12.6906121076241 8.41162814886422 4.28491136015332 5.35400422891241 5.79083402645451 9.301817590743 10.5711989670385 9.16776173270856 7.04459201740005 3.99737173335437 -0.537412733229807 13.7287622877204 13.6794082620978 6.16630737168427 6.84235712844363
-0.526895919372537 6.22847888681748 3.8097040579077 3.41190744940658 13.5837918975556 5.5785200841729 9.974788839012 6.13655171335988 6.65716848173585 -0.435698177075683 9.66486716561644 4.9676052720918 8.4009725867896 7.98658690120778 10.2057281927189 10.0891635806243 1.5731430694189 9.56924097268558 8.38662831048609 9.7798157872859 0.524581828161513
0.585579615597443 4.15272477394439 4.08516837455478 6.24036893858611 3.24352158862189 5.8151222368304 8.40602908186586 8.24840147187914 7.05294845770688 0.767267838218142 7.18520694873869 2.2922181794944 13.9237612822902 9.27381068584184 6.48639229396358 0.391591741993273 -2.01763975098925 7.32793995707667 -3.57786536482557 1.85287398646716 3.29152071792494
1.15739416520475 2.61948454300496 11.7999252339583 14.4417911849265 6.63392109112177 12.0762554663869 12.2241896837104 10.5457067606096 6.2031623078447 7.00642912006504 9.57846874818406 6.78139296601236 0.745148291049361 11.2403770795900 7.0682923276637 3.39833750633983 -1.95886630382136 9.33677819818636 6.11800512006335 8.4576135711446 1.19875087988798
-0.820267517120098 3.667003086467 4.85073280601932 7.35741526472507 -10.4962109497076 5.00255373260149 0.58475467112305 8.21904327547095 8.53593939036741 1.43969115565005 5.3312647179249 -1.75331919431128 6.6096860520006 6.78072375199352 0.243059013656092 0.108919136510677 5.92250227276442 7.36408847241028 7.83491297128017 -5.00002934976675 2.29577798435596
-0.0218876389113601 5.21839448672201 7.12131629648658 7.6853053969352 16.5431213890414 10.3904067159708 6.48553869568225 0.461972053148868 7.9402233582129 3.97131833592121 9.93506044484137 0.263275055578569 3.11049651776681 13.5412338390530 7.2114297077518 -1.83097338475137 14.0879757494885 7.80731745050496 6.69235671329052 9.55485627776954 3.14867471655283
0.273570594177009 -2.04202097403294 4.24047975447287 10.0631573820963 8.1278858383843 -3.95860494513115 8.48830365605559 5.31196950072773 4.64269663549859 2.1247381206025 7.64536561497241 -3.15735497010618 7.84052215383567 8.42199290915457 -0.455395637179535 1.8283630756772 8.75430511626433 14.4221479560681 7.0164541524315 0.286749112453359 8.68718442870044
0.161806665786798 1.43343833709481 15.9613538729097 4.36046461986971 11.7213555946124 1.4015143675001 1.10265197069093 5.16975873674667 2.7434925576503 2.24635863363948 5.01826421243641 12.4823849437729 5.4419374469572 3.12590122265815 7.28424956834863 4.93360360814665 9.01614392316347 5.79735500416315 2.52848760088013 3.95954815137283 9.4359572843843
0.544138484080667 4.98597651354889 11.2422052023358 9.044015292717 0.375129003168556 6.09327062384026 8.24433858178803 5.93658134123266 8.69242057890132 2.84539130498222 1.25634974655720 7.98805249218224 2.16966482370000 5.60349706905676 11.0630528776699 0.495428086067844 14.0396300399053 8.75890669701774 -5.03031156897202 8.64900589960137 2.43891894480751
0.987319692312166 3.57428923582683 10.2480806984716 5.37671573638232 1.62677944060419 2.93311448571238 11.2607976903914 7.85188098958434 8.95105062409003 9.64945011034064 6.46922952203886 5.57231201618677 5.92132161754863 7.96106407343064 4.30589425948215 9.5459315119987 3.31871540620125 5.3271636783931 10.7545656854496 5.5497786675127 4.56106872872596
0.908401784512838 13.6028225243915 3.50085195351564 2.86561093309591 0.544652370687358 7.41902032074629 0.994913473231566 5.62435962871798 8.24338465349677 0.776944214975585 10.0288776552759 9.86577702944284 5.45806419740519 0.805008158003757 9.29504940750648 11.0742736402486 -0.382875739019882 13.0752283074071 -2.32727369572138 -1.03221396525374 8.11322567219271
-0.958328808505945 8.94304059197132 6.11832338633885 10.3916186151173 13.6065008828627 4.87551804431156 7.86695552458322 8.92892410937978 7.27938841724487 1.71017576799593 7.80392656671962 5.11682651569316 1.88619924060924 -0.882836517782756 8.67479898624707 3.07844943722687 6.78038987773957 3.73899660582781 5.42948085548325 6.39659376650898 -3.71065890729916
0.580555884933545 6.19164580634531 2.82331948012707 -2.19308050895686 8.6774782274311 13.8900164814527 9.54434024995526 6.14782773755643 3.86989608164098 5.43807670677042 -1.83157368579017 4.29317231413956 11.9348248508302 9.98060543430412 4.43417210626003 5.75377797246234 4.76602568340717 7.26756381708766 10.7070750391655 5.55272301574055 12.4351193446964
-0.0839784164157153 0.0762362951961956 5.15609326824504 6.02265871559348 1.94065913911597 2.17431419614892 -0.915363607807198 1.22334827888196 11.5786966498428 4.77351352487189 -6.73629145667539 9.14690030735244 9.52056548882248 -0.190920729009 3.17926385599253 6.40631806865099 16.7168474287365 2.57796098738365 9.14162759283391 5.29290513808157 6.30306822012695
-0.247984735682423 6.2356270622153 2.03671601817788 8.97812626887112 4.49923946489483 5.77227815286875 6.89287168719268 11.7575943120937 -1.28265587705879 5.61456637610909 7.9364229139897 0.755805035926495 4.18521122532886 2.83208182704484 4.30637076329869 10.4311005901469 3.8289587980815 4.91209859970435 9.39823628839092 11.4800545037434 9.52396199530129
-0.593255196764499 6.52756926788435 8.55933663931734 7.21525856599992 7.87385615466295 8.95891884971578 0.318332139973278 6.17629632313786 11.4816850565086 1.62684874196839 8.06246263771645 3.06347129956839 14.8834975868638 3.45523521752258 6.35029582605554 5.16440957133051 13.9212349982828 4.73713932387922 6.1670276281447 5.15872969405258 -3.52910621492643
-1.22291583519959 12.7815755056536 -2.56184637153061 6.98005917667845 -3.63035154529497 0.442675207743997 8.7991445702461 -4.47632598769205 11.9557079803298 -1.13008356851623 9.33185758461787 3.75704991942488 7.99935373657503 -1.88663482128735 4.61619942616401 11.4199301166583 4.59120495743071 10.7071335058383 4.50622304928857 1.68024624839276 7.5981000414868
1.68580078398446 2.70073754842548 8.98558351760371 -0.508567198534679 13.809248923765 3.55530059543437 -0.174560926602911 8.49637396489623 11.0465212460250 10.8159417938132 7.30573242191309 -0.306521410421652 7.99073242687928 6.39735900313915 7.59592403381554 12.8613523927249 5.35480739207364 6.20627059035133 8.15384575769443 6.34655681755968 4.89857446754147
-1.00095765534503 12.2735964054007 7.47605867121018 2.79188197460949 -1.92916574870267 -0.39786947566847 8.20049077992724 4.9080817735485 10.3296158521222 4.36601647651718 -1.34674589553020 2.54247683416815 0.0706604344934222 11.5340756160310 9.3771668576349 -4.53299475322571 5.36271189107074 1.01365144736821 3.86972932251148 5.82860918594219 5.30012798991608
-0.756261518252538 6.02819793814666 11.8691607204974 4.21413293759830 1.33973843864893 11.2535883948782 7.55616303721257 12.6913161251636 10.6614117573871 4.27255428160045 3.01347503385541 6.08192950847473 3.22671102401477 5.27725846811305 12.2209917658063 13.6852667360349 6.20840193066698 6.95607553722018 10.6801904848009 11.0749371418193 2.82628064683601
0.62596008214643 0.648448575483106 11.511320083973 13.0515980497713 7.03338993316934 8.73648970386567 4.64534167644312 16.2768099701178 6.35830495127389 17.7769595038417 3.86378267395669 7.42201423126381 -1.35765352637179 13.2673032094952 7.47375848654232 1.18367691084538 -2.9023945247036 4.23283719162045 10.1374591364254 2.39077652365977 2.26614950512257
-2.58988579164473 10.6873121140205 10.5192882847844 0.856289911765522 2.18196855507687 4.46469497392103 4.53298890767032 -0.0564168631463286 0.843954745829046 -0.267171997264942 10.9609388269528 11.6063481742545 7.85505798913574 8.19790638706379 3.28409692966566 10.3390260435149 2.53729283962544 8.07919463425373 10.5985711005534 5.82791129031896 11.6009993189746
-0.335013321524034 6.77535533419725 4.73958617140432 -1.39409825810066 3.57159590754201 8.74071912683483 9.30682888564423 8.6482958469644 5.68955390152379 5.15748624423751 3.94758648808041 5.32179804758862 6.34170630348927 4.89484247262202 7.8829011655471 7.75552596170431 5.989643099003 11.5393470809965 5.65569358979345 14.4725795813205 11.0242755459788
0.356698469274464 -2.75390869813083 0.816134867995852 2.66098229779916 9.87185750071086 1.56858955694818 5.49707787900603 11.8059346576091 3.73424271242530 1.00858889739640 7.72600780317521 3.20505754211029 4.94652822098836 4.73213238694161 -2.75027373551316 2.44869600515432 4.24597562635735 2.55599452348163 8.17351452114737 10.9854533388642 7.50709356410741
-0.888099561787633 3.06026013566964 3.13462596507199 1.99293877999971 3.83859876111701 10.2862499085372 0.635509426143745 -3.4468499265321 11.7461409939015 5.42037414089745 8.29273410833986 -0.162954807858236 3.84693807106876 1.09522406682368 1.51543878122078 0.837752255859107 6.55448098429311 4.12817982718802 8.26514406516722 7.18340560735984 11.2037096318883
1.04660678854123 4.96032774027863 4.74368115344219 9.4821468575236 -0.893600485817935 2.35992819155171 7.44233416758773 10.6703227545656 9.36484703287195 5.47670289936938 5.43275075807256 10.9415132422142 19.8117629213312 5.17053440835922 6.23677506262842 8.5517685952429 13.7651936321046 1.02568356158045 6.6431941978302 -5.52030775590169 6.50094721448766
-0.656595856226528 8.43347283096021 6.06106839180133 5.20861903281881 2.75210101999871 15.3590992296596 4.38566181946006 7.79352876942832 9.5848996090306 5.23839346285691 1.03574137428683 11.9818567519598 5.60259857662469 0.448764916774035 5.18991426149345 3.15390189862188 8.31975317067091 15.6053092373908 -2.01517080958860 4.71921058194032 3.71997953908392
-0.213318079969103 7.02796933074398 1.68596494544708 -1.76826208398574 1.73210785195106 0.620853992879329 6.48452089301885 2.73982350400626 7.42759263682398 -0.768171479852202 7.47335978011251 2.87712760957885 9.37745899839037 11.0791559651794 8.61631764759328 11.2511683083219 16.2211089019847 8.17718754096538 -3.92907270104467 10.4423685534962 4.45519257538843
0.230481757113338 7.51318420216559 6.07924036681562 2.20962522311084 0.614396294117025 2.27678171901911 10.9173796502204 9.09456305943933 8.95103426369185 7.60478221225027 7.41553829020365 6.4182728232516 6.83808908158821 4.80382789827355 10.7715502341084 0.246200920521644 7.6378730429498 9.1956987467058 4.05535357103528 6.85868238819345 2.64305400358955
-0.480849775995596 7.69536528885289 7.58132718515935 1.71347736222471 7.98180420599239 12.2502826135355 4.99553923588889 5.55912031703674 4.65774045453396 8.02735030104165 -2.36255204891396 6.68290269776934 6.39810384650748 9.93097638951765 2.69884698085818 1.52929708513075 13.0982842849131 6.88553582819984 12.1918004906804 2.13697657881924 -2.17179434201832
0.433825487956123 5.83226685504406 1.47430358468485 4.19402928977373 1.71840728142904 10.2529640581510 9.52362347063185 6.46347186531638 6.79153968168195 5.44832080660418 4.83266617861041 4.49709436753054 14.3694196679959 1.87979931452173 3.84005522672124 -5.51045675047393 -1.16395132862126 7.06318999593788 7.26709019506862 10.3399643529640 6.72522672923251
0.407451137773459 6.39531433310853 6.24765396024398 7.809638774659 8.8305801474711 12.3271827656761 -2.25608046790353 1.03149639085413 4.08790294082121 7.62540236074373 5.52932947150955 7.9396829429103 6.49549527625518 1.92910158402223 -4.68293560269493 6.32895106597581 4.83927684728006 3.72264926365991 12.6420906894654 1.65830189612823 0.113075594389744
-0.626474416388065 4.60407533049481 8.05073879540235 3.36073807752961 7.37314945137325 8.65428852999394 -0.582664540325475 6.46452906199059 -2.95187687222458 -2.91839003957553 9.60256699092191 8.63897700890706 14.3377766611178 5.6349673088475 6.88571398419484 13.0215720471982 3.91348010205857 2.58192692213304 4.87790608390318 4.4677330365929 -6.7255564447151
-0.256640246836235 7.32296565288875 9.00666161758183 6.4910972809203 15.3029633749677 15.1318712684009 6.33542550359189 2.05950815046157 11.1095051226202 14.6414108463775 7.91591898613672 -2.34085112836457 3.48859164214927 9.1160355412944 3.49685596356043 2.20670823309332 1.78863094512850 6.97396983162847 -1.69672158510826 3.93723742557926 3.79139908141162
-0.0986585373929904 -5.92386128367607 5.37935795965979 6.52656616035244 4.04927246470782 5.28695752478336 9.41943463422042 6.17836877177583 4.25630481613805 4.48676628088258 6.11922938194812 5.25691851230903 4.18978378529881 5.28069013878472 -2.94060148208457 4.76347044362542 1.80217981067685 8.77511890935966 2.79290973767711 11.2226226173445 1.57931510388351
-1.91929007725544 8.1458410368189 5.95127563234146 7.37655805873108 3.96644638046687 8.07478749841322 4.62577894357622 3.08883962745358 15.0980967488176 7.76121761032405 7.35185557967049 9.57793087483332 8.27231444283036 4.82700289037905 3.55060489910298 3.48213370346164 10.9883223068985 11.2548380906780 5.62856183988617 -3.24023948405045 12.0385749667361
0.472758226516899 5.81264739295478 4.00799455740959 3.37714471323883 11.6864058576937 9.11006510759513 2.89538610292220 0.436559985736532 11.7055923912427 -1.55852490903290 1.24246211710242 9.10534195213451 -2.18943567189042 10.6291232366419 3.7129134213722 8.35956709246045 6.44161885445576 -0.563304244581343 -2.52743811261884 6.44960585943436 3.75104282137231
-0.351860757810964 1.74823645127596 9.10367479886905 5.17943477732977 0.230398911637778 1.17443363495753 2.91149328225839 -1.39987772570160 12.3712490529103 15.4990625108635 11.2796360770195 3.63763448945811 -0.0297900692077818 7.61003145199827 3.90738749445118 7.23948254702986 7.83399492382477 7.19297049134181 -2.09025753487501 6.43927854050984 10.4824843859187
1.6377620424169 2.87141295081212 11.7681118155834 14.1431681522437 11.1655400687069 10.5544596369544 2.82892832207843 13.3263889011524 1.59589363810543 -6.40431539563782 13.7441335397732 3.82411957812931 3.7261190959729 8.97921634315768 12.7291187044339 10.2759198772467 7.32438976911808 2.71775725668386 1.17791053435169 -0.798627249818643 -2.16913091378283
-0.555108001903451 6.79325064233754 3.05470860316490 6.48928674544298 1.98214038780137 9.67745742282702 6.51966884383926 1.55125374900018 5.44025484267885 8.13483836338702 10.0189144671897 3.84689566180891 6.33026934757179 -5.06405718698708 5.11745632864088 3.32766073553205 3.92510534912789 13.0161886999656 5.05343217139029 1.59893313614306 5.972630285039
0.144808731814066 3.09171688149584 18.7906501722906 -1.53492928278037 3.29951845241019 -0.719695724549523 6.12745573925126 1.81641220221303 3.78131969832609 14.9293960966842 -3.56369414228493 2.6244993434984 4.94752426192168 6.95699836973381 10.8607454190888 10.5388608704706 5.52674297278008 11.4063714216863 2.97504078392214 2.70114349172647 12.2955399871428
-0.899763268801792 3.93030238316782 3.14112442423827 1.03918131651916 11.7219341905288 7.25791171339443 1.11320914616212 9.2799711009371 -0.337568753097349 7.91569814744984 5.66414662520934 3.76073994368916 1.90461949959153 10.1635936804507 9.95654323466122 7.83384503968583 4.91403942339389 0.723134974922581 8.02112893376328 11.0889220262338 3.83235144567416
-1.1524423155274 9.05310331882979 8.34475748408546 7.5034973906206 5.67495735424563 6.22750284924795 -2.49824692003470 5.12866236280838 5.54127478575345 11.5079819245705 13.2868174158300 5.86578276637621 10.1221189303982 9.02481981977418 5.90262395112026 4.46783350102241 4.98363264615197 11.8027632338260 5.27570344113008 4.46154585745095 9.22819846083048
-0.597875338277922 9.73775972090275 -0.116464377874926 16.2313814491200 5.14556044953475 10.2307331910206 13.8318253754817 -1.4421115830261 11.7493610471924 11.7551385585954 11.2716797021049 10.2246050966343 6.4857701038043 -2.79664141808729 3.54456283102980 10.0756235422827 5.06240949539388 6.34770483934587 10.8488318089848 14.4527183073556 3.81655571965854
-1.20978334778675 10.0173326598871 2.29601063808485 9.6873662192658 4.38344645091209 5.79692374280285 1.90144267609497 1.86293264903619 9.53966580062242 1.15647598916361 1.80238774376633 6.3642248366455 8.09390637380162 4.90061240954944 13.3388192573933 3.29029552593152 -1.66776080239360 4.90298900844375 9.15288786148939 5.16727996158381 -5.83111644460104
0.637385724264255 4.9235128718876 5.1468405717036 12.1938969766013 8.75223506560038 8.53327756973463 7.21072861701966 6.71798060889359 4.92002512416728 6.6456008803988 4.23666874897917 1.32057219800701 4.16898479898923 6.31285513942603 1.49821144289669 6.41150745919296 6.26106564018607 6.575527982631 2.22891444163499 2.07636513085105 10.0497721427310
0.583848553931105 5.7679163624818 3.80319715845899 15.1382734177891 12.6708053697324 2.75810191512943 4.44039179186614 1.81792517238785 6.79595099015233 8.9498863366301 1.30095948517839 10.7262270922928 4.61456853779487 9.96805189679582 9.50970455120165 2.39316950159907 7.10685887372018 1.93484560798311 5.73768416190343 5.49406806985345 5.2046842248417
0.27857004584195 3.01560352305112 -1.02735462247471 7.86978245355246 4.09201940880445 7.4887043902096 0.92942599663713 6.96243703058745 6.82149760144783 2.01871332825921 6.99949515975843 5.08730923901086 1.04295329473041 3.97205925882001 12.7351851166344 5.32661029628112 0.461082992367407 6.50420599952946 9.90476937582523 11.1520508771222 -0.52491227197636
-2.08313853287355 12.1963520087855 6.25030806149397 4.39820595463547 7.41829769529318 1.60171841200370 2.92217281242572 11.2060417247320 12.7346475702729 2.15895615201318 1.13456406273836 6.93544566326603 5.39806236334745 7.83576292153898 4.05545290323173 1.49295151822648 7.31588196447192 14.5357297669784 5.57570134417899 9.57881069856573 4.1133262929311
0.116162065654757 8.74811902015581 10.5518373443299 7.3559990669611 8.2186523537134 13.5417961299138 10.0713846151898 7.63715532044074 5.27714379158033 5.07788409214416 2.88910732843488 2.557561801708 3.66570686999969 2.23951080526752 1.23897186808669 9.29418719206909 1.07260605674925 3.84907468111314 9.9716304281268 7.805378752388 3.27105750596332
-0.601092943599964 7.3533881572283 4.58915246347212 8.75815012825542 -1.16143215653314 -2.48583320820439 0.531355569103228 2.85237274442884 5.88859361231714 -3.95777733680581 4.94198677427586 0.502306051095584 7.00348877722308 -1.62076160072721 11.6086403883787 12.1882500719471 -0.0105536946770935 2.45595247929188 3.90666416008383 3.34293207287538 8.47575325516258
-0.9561762852151 2.02244063880618 5.75321027340818 5.92226558493002 5.3130521691673 6.90490457691323 1.26094376478881 8.60611260757105 3.07732002403924 4.2696394090814 10.0406623884586 4.09407281868704 10.2941725966644 5.95267429336522 11.3992140291033 7.13040321131457 1.62799934560260 12.6188648834570 -2.64605595352389 7.35749264341523 14.8549685661371
-1.05056047529497 7.02509590847409 10.3657610826379 6.31306321549056 7.10018547219212 4.95317320072859 4.70622763656526 2.11986480896691 7.63602578830706 3.60081146655014 4.39282074588239 7.32590666425521 3.44279294172083 -0.208425564953997 12.7952751078715 4.16328371721632 -2.01988671279572 9.97732539161065 8.95933525137811 0.442115957771221 4.00016077452536
1.75807402340887 3.77833697295887 -2.39607815830796 3.08608889681457 9.89284006230439 0.594497750019208 6.93412669374115 4.62879925851525 2.66903393834339 1.83480838663510 13.849727439041 -3.23917451996295 3.02319877482035 9.99624562756896 4.86530172559877 8.352232487644 5.39916450579082 1.03320175569337 9.34613507323675 5.29017986435275 6.61152671890559
-0.323801978440453 4.83220020339567 -1.61934539771872 -1.39831044233031 5.98252108096817 6.00707731731814 -1.19247491582999 4.62117026739994 -1.09989132233951 2.31431659141383 0.054771546028084 3.84312081796885 -4.98797392697834 8.7107412251006 13.5258948497836 10.1014749009679 16.7138460590475 -0.979525228417787 10.4865062344666 10.5109868333474 4.61191004252012
-0.805390831505245 2.36345277904827 13.4424770638480 -3.21522795923215 6.25123804905322 4.9617224225441 8.74031291657802 7.65113588231307 4.16542828684265 7.47551696737366 3.80135909337709 3.01055782189632 8.20698668042835 2.63004002982986 14.0854291955210 7.8811948239035 9.28514183651195 0.76152513126504 3.56193275639733 8.98609016553955 7.39218044995641
-0.741255853862865 1.81036115586312 8.62274367216288 6.40542540098452 7.59212624897581 4.27603152177047 6.39470738096234 6.78277290823586 8.28568311652871 5.55971544532814 5.24487784341842 4.79911593977078 -1.36130423290286 1.87623007240010 0.0767725547265355 3.06127124974331 8.3586283162036 7.24473075488242 12.6205526159908 1.55097928621076 -0.403469417349362
1.24906634634417 1.35762196218938 3.99381824244937 -0.812781150791347 17.0573808487920 8.14877353451141 7.7745786351039 0.585214115710062 14.2395430908072 0.479918019285208 -1.05048395708959 5.35522616831980 6.54154421565788 13.8622828524413 11.4893871854275 5.69602090876653 4.02364896722325 -0.592058928628904 7.24544192636676 4.20104604556968 9.13821521882876
-0.735705701619341 1.26634953038968 3.54068357184686 6.7401949382637 1.71998942028173 6.3135915397196 10.1174495813255 -0.716659855319494 3.97760927624811 9.07013072265477 3.16315049420447 9.06567725825622 -1.21011870416333 8.85733983060699 9.32140188868031 15.2750080129156 3.63709705517094 0.185664787959826 9.28209702241801 3.52368487731346 4.35286223919792
0.915585760805945 -3.46137496911789 13.6555633153629 10.4047493655972 11.2307172169379 7.83824175008885 4.27979380998798 1.91856921954243 6.6113592684302 0.6899646373398 4.69973978495691 10.2637408261595 10.6686590502849 8.69658003138537 -6.78899541234582 9.93927519452365 8.99818730957907 -0.261992245683187 6.66237542085145 9.4121176653348 2.87332247435214
-0.248641553523762 8.10016086012811 9.57826236911531 3.41694965698292 0.910501712917032 14.0922514326677 5.67666127313704 12.9094366820122 6.68561862080244 -8.3838635940209 8.27830121021694 3.55107141629656 4.00965351193331 2.09605571555079 4.22816422797433 0.00700981073237063 2.53355920934585 16.7491718915107 1.95028577357478 10.8055527237003 17.6341979088530
-0.467289671250035 3.31374947174122 1.73300124710067 8.29919500146712 5.46876499246646 12.5494280324711 4.91030208819102 0.621247250759415 11.7780383152026 -2.5037561446871 11.8131947461899 6.25832463372693 13.8009607680771 14.0455105721593 4.2077708895124 -5.84766531865023 9.60225398825308 -6.86690989061691 -0.236735645769550 10.2528026054820 4.44101820573576
0.780494080845802 5.25297493871919 8.85010984941623 6.99578499472906 5.78479415310085 9.940054418201 7.51910949312146 8.10758599164905 6.25602560769597 3.89051767945605 5.98793419508887 8.53341067713272 6.98296003512202 3.01043746489643 7.17079544120492 8.52428650269313 10.3775442221490 6.89194111480295 5.62777374643234 1.86044007912356 9.5116052467476
-0.520148164919409 1.06947247400589 7.0357066759513 10.4995049861630 4.33850578674571 6.45088060483581 3.36094430297373 2.89760987610678 5.15804483374312 9.28323929389787 2.11760961189833 7.27131560679064 9.9394906842696 9.93223922437826 1.87868837410585 1.88499063553232 -1.27821893010416 -0.516434975951657 5.74192902210306 1.52937095912050 0.758169017197483
-1.94832391039505 4.73505279372419 6.86541631508198 4.82777717901967 8.42600591130964 1.74463221003442 10.4811561553625 4.99926981225846 7.2789781929086 1.63195446752147 8.5695569564154 10.3457321432613 5.54097925813011 5.1844090713738 2.19292923307158 9.37240386907576 1.95717275449038 7.94673588459922 9.58311424173347 5.48391644989324 5.47654634144237
0.932245105735085 6.43890427550632 2.35952684584164 5.35957141200133 4.26985102968951 1.88140955263703 6.14368232250797 7.50928550752358 8.45735111821507 4.51803361649689 10.9767988330113 11.3001191145674 8.09718685395853 8.07506857057094 10.4478596764669 10.7894778457193 9.69866618482161 3.55628436191033 -0.0934417465795824 4.06653218326235 11.7061793984431
-1.53767245384534 3.29720749717593 5.64372495544239 7.32670971067846 1.61728225522987 5.97428277235063 2.73077114423486 4.95164040390826 9.15647609779523 7.20265390867015 5.12947278635353 0.107179541656302 7.80137861505367 -5.72913196104195 3.41390213075159 2.34697773104843 4.3424632644504 6.70812274783405 5.65710686297775 4.62380601605812 4.28318173157402
0.834844336471207 1.62248576607100 4.76589553368594 4.95274728104761 13.2214564061617 1.36277721303115 0.241508615655435 5.55311364396705 6.4394177954809 1.45562045896857 11.4286512510471 14.8931193361770 0.295819148626757 10.6313945499086 -3.73473595499981 6.80211799908129 1.69856612733364 5.65807061232715 2.67109179619144 7.55557919273396 6.97016562401543
-0.780705834941812 2.20900162153637 11.1505713441542 5.61607987352691 15.8337816306828 0.940479930523136 7.86659496263013 3.43065254861547 5.20170146429644 14.8281848847388 -1.27151887701697 11.5886856670583 7.07771194708524 11.5790857555557 -0.719257563585264 15.7470035175558 3.83234331861522 -2.29042844830973 -1.11641639987735 4.73675747350404 3.44499685863575
-2.98866462489794 3.51308645064950 -0.830059587436794 10.0223842504294 15.441432045607 6.7156775058074 9.93292641368876 2.78355865902216 -2.71206411256338 7.27576610404442 5.78239999982366 7.32453568542286 0.396103248354348 -0.868511719441447 11.8815561412813 10.5090927317129 4.73315875655992 6.22822946672151 5.82521195859622 3.95856651899836 3.17341534458412
0.433766561912975 4.99381878861504 7.32250158455526 5.31991510388781 0.954318085101923 1.47927131577744 10.5595526540441 7.68355959108228 9.36222375208985 0.9309974434463 2.51176849062642 9.65050630804202 8.61533859588967 8.7056687693941 4.02259577347347 11.7511334361967 7.68080705587504 11.2943492923288 10.1296535048966 9.72149451391664 2.88654401908884
-2.06522481459973 11.0677397551604 2.73299262632620 3.63894297455522 4.99121651074 8.62095511570421 9.4030201591688 8.3867124631784 8.88661984153972 -0.896883283801201 0.605446710689334 12.2883276370331 3.88550034533084 0.256303882530061 3.90123031914519 1.72053427251509 1.46649484057859 1.21992092188797 4.41502242403658 2.44894524894218 9.8821276513211
-0.873395134485796 -0.692047763329539 1.89360603208774 2.52968699804166 8.99792219152635 1.32260398673471 9.50219662034248 6.22163328517681 5.6312375353603 5.92854705185256 7.84360386776 2.81171910483608 3.34307669084183 1.66334087688730 6.65656849862566 13.4516799115207 6.8168476204943 12.0554020831400 11.8379595035133 3.14705754138177 5.80655646823282
-0.970767320202583 3.84785259585130 8.67893059884273 0.230952952201886 12.8979685334607 8.62337084638439 0.575834323630192 3.56653933920801 1.59274168360999 3.23225277408000 4.47998834950384 2.90138986889509 13.8373778858976 7.37861137306689 7.72243613807041 9.0866449213903 6.99058388852718 5.37084167170375 7.91351199043098 5.21611882417105 3.37817467334598
0.0729684860296047 0.511560671871308 4.84136655925616 3.53359274388996 9.46566061521918 9.22822271702191 1.13999478168987 4.10298406300864 7.05455718417525 13.545394734698 -2.95792316961535 5.54383679244629 8.26587562730986 1.38982208362240 1.50344927137371 9.5769376960297 -1.32771129663704 9.98793231382881 -4.24440429118046 3.93894203637163 7.31883459919904
2.09090430893527 0.383641158340828 2.42184505427151 2.05119436291134 -3.80465275114405 7.77670101755836 9.93099616335483 8.2610135193024 8.70406971018827 15.0835857069873 8.63696250344274 2.90486476780194 4.63200764203112 10.1641527027922 9.66824744038949 3.29891533769556 12.8687983833383 8.46821967749283 11.9477272094326 7.85389578842679 3.04955068991541
0.3036913030732 1.40443656852246 13.5416398613810 3.42055640404061 5.67793777388238 8.17770559368285 5.86191694181956 8.44126156423749 8.91087162410973 7.90364840560944 -0.145784564556881 4.75224669094666 0.768438674122714 5.865005427781 4.87605232589984 2.40790833033619 14.8134091060796 3.69096376248258 6.55883161954393 -3.51635131947297 4.76338870659278
1.04424396952685 -0.388565728083289 0.475070539258091 13.6441554765718 -1.10150720627201 9.89631443731216 5.34144215056385 4.85894790790437 7.01241134120702 6.69619080348816 9.75113324815497 12.4144137648439 9.72303325218346 12.1860415247816 11.4232269359523 3.19317305022033 9.39635710973266 10.1950501746547 1.31060351172628 3.97101613191285 5.63961396356834
-1.47190338250702 -0.142484219352199 8.20381427186605 4.14569623866211 7.60921395071055 8.50318270513513 4.52793838900245 10.5115608145089 11.2411080746090 8.74883632547935 6.06285244996359 2.8619497456166 4.01186385256649 5.56176278877218 7.33105705062925 2.61632241254693 -0.88358108096441 5.45267386576508 8.24029663718585 7.52952175856499 13.5746013698251
0.83728816054923 -4.14460035095626 4.03270186602524 7.42473033350404 3.8237693383564 4.7824184804602 0.808893362285185 3.1007364401369 1.76161205373405 8.45652112388625 4.9582736326309 14.4882016703687 0.81936864096831 6.4668240000264 1.90175625436305 16.7634445809384 3.08872077663092 9.76425468416602 1.15507150705128 10.1668550450004 -3.52282228536358
-1.12497097782634 -0.949585634292234 6.67016850417585 10.7973334864935 3.08336097568917 3.47620057211343 9.33948006188857 10.0892764801620 16.5794066088673 8.34667008833024 4.87375978538809 8.49108524058754 -1.00745401354833 2.72954443167351 7.9198996472771 9.93521623947266 -0.398242275001791 2.76360898065489 4.52518921532637 2.80307465966812 0.347228212363468
0.933055237219588 4.32992573145407 3.35577660370782 1.08436624873075 12.2625457438882 5.03758105914143 6.86966389496526 5.64477952629415 10.6066631574036 3.03531371721407 3.07037969538784 3.61329462882021 0.98680719639348 4.42908299791638 3.34986005497562 14.9489155494173 7.08017958212321 6.41556509259872 4.40625791307542 10.3023590154268 18.2096089250427
0.202576189572692 3.20927195820084 -1.09280068462552 7.04241330834987 4.63907304100488 6.08517797846957 5.1506578727593 14.6465824129412 1.89861069142856 3.80280658440376 0.897319315862983 -4.07971730244751 -0.24909296435432 1.54218824141976 11.1087849537205 3.75930189853509 1.22710789084561 3.55372802201257 9.2301109283375 7.56252747737976 9.66069564027096
-0.43874883622307 9.6349605266196 5.63736576371334 8.05754160411941 5.5383874659209 8.14769563854605 5.2627665119803 -0.249630255458305 6.58645799085843 5.35425720061944 0.980313502425762 13.1008551190637 5.53553187196204 3.19456729859266 3.97266483477360 -0.617458339922991 7.09053057839782 1.05368365563104 5.33554400105114 3.92895264535014 11.1958032833015
-0.982508729310142 7.86265207389254 10.3228907560941 0.744803067706394 3.79087437878434 7.17788947821597 -3.11202061786965 6.00299118351555 4.12552678361135 5.44801979256093 6.80237612205244 2.46339859584036 6.35409690967105 -0.229665884186205 12.3779456443802 16.8371983195035 4.78659906088985 1.54553526217598 7.6065500885267 8.84387240705208 3.31105654765060
-0.619929502783261 7.1524238978936 11.5967249876215 10.0343837654338 5.48172986410327 4.96209199354269 10.8234271229394 1.63177496992152 3.30072405069641 13.7760005900351 9.3954202071992 4.08078796861126 3.35676845264041 10.2285307390111 6.05252047944371 7.42516622422835 10.2609517688930 0.721683858337242 0.606219823814779 8.63974455659364 3.58800701690501
0.393680397180593 5.8706853172387 10.6322872082549 5.42195243205356 6.94391140098384 0.994652056215608 0.256236274022990 7.90212670855836 3.53286955234868 8.26804971100454 3.7849096108532 5.93644409931126 7.43855953872602 8.07465873357761 10.1966710193246 -0.86749296604771 10.3731322456218 7.95000650176906 5.06169618916247 3.7812544584945 1.09515453236223
-0.360442810284895 -2.99124758068610 4.38640735390628 7.70193764318584 7.36338582789789 11.0604338838409 8.90060208260338 3.10527291780103 8.42308008119162 2.98073300570164 4.39892741440707 6.99326324223652 15.1155142756146 12.3184476924141 2.6265103824721 4.57883896718096 5.10904753015274 12.3826208095017 12.8814171044252 5.80375468915536 13.4296139802266
0.242646298425938 -3.00663466913705 -1.49868914694722 9.88505238256369 10.5151345209000 6.78145929059765 8.64793263952325 3.66044327644771 13.8824156141138 6.75158338140002 5.37526834921235 10.0910664567116 9.94170361530285 9.11216189116717 11.2856410327316 0.689487187509288 10.0808029890933 5.62464709628623 1.89185207919693 6.56465987343173 5.93382440584877
-1.31510772726344 14.8509324506028 1.72991433928787 10.1389418023746 8.53834293796317 9.7267842075204 -2.09184400697834 15.2160252292225 3.56372842825319 6.8684405832444 5.67413936646229 -1.21762850365825 7.75451939890639 -0.884864328596968 4.88896048359062 7.1373795181444 8.7906386747844 4.34620895121117 11.3593700500082 0.363818871256574 3.66813838756429
0.729880739664469 15.0900852722479 8.17331637663982 9.394648760152 13.4028924409628 2.14590552447834 -0.0644685878012104 2.73593315108174 6.48179920021414 3.54562862748909 -0.0826848491521096 12.9805855938095 10.9071117366322 0.469137096739285 6.25511211331443 9.58555752285406 3.86896641952588 2.09937528272129 -4.24080138923073 11.7862095377475 9.2746183328524
