"X" "1" "2" "3" "4" "5" "6" "7" "8" "9" "10" "11" "12" "13" "14" "15" "16" "17" "18" "19" "20"
-0.4449882047534 12.4754070484030 -5.26267531048243 23.2065521892869 -3.58125886903921 17.1679220216657 1.17033176276071 -8.06727382395632 17.2739247325630 3.77764057092749 -0.970343223125206 4.49608463092380 8.15825466097628 8.517632457547 20.7157242748154 12.7817620472034 9.97061804249687 13.4360166034608 -3.34124297781697 7.37966334213248 7.54797836342903
0.386415940320485 22.2316048445434 0.00500229023204019 6.03436323274034 11.6071498022795 1.27711178023772 25.1768335263748 13.9085169618090 2.97824884517336 16.5881325227855 13.9357519066860 -30.0277039520548 3.87267991164836 22.4415583263417 17.4257210367071 14.1891690912514 -3.91683351844867 20.2378154529925 -6.14330818042133 0.396478650371038 16.2625639085406
-2.08414104812651 12.7577308176745 -9.76961131954951 9.17629424936774 0.866348130870471 -6.12079899380119 19.1538513137986 -0.413596697913827 11.4188046095304 1.91483889968055 0.617143731701422 2.18861225535920 22.8172666394498 10.5527755730646 1.4896082739741 -7.26668717889383 -2.06597979826625 -7.7191843186777 4.89495711723366 5.84982439341007 -11.4057053885568
-1.61354498889191 -5.39317236265997 -14.9317292470750 20.2730733116173 2.61853146047382 -14.6327668147399 11.7137171848654 -10.2648347807338 -13.7244732310796 8.72134575693104 -2.60738656846444 -0.219935540736625 6.7765496185666 2.29509453311664 13.760926311058 1.17430984974446 13.6740907961115 25.8812756498342 10.3571042995043 32.0765263601977 -14.2279465018713
1.00361047045881 5.64850113137633 2.00766837630082 7.14448442232538 -7.57536125823539 14.8801804885183 20.801509147641 5.12991501870163 5.57963824765297 -2.80472913643673 8.96281835252793 6.43142439608621 10.5368549722049 -8.4887995695354 19.4075632092974 16.4047107338290 3.38589678761456 8.39099539647211 12.2607558254719 4.78669001032271 5.69183615438661
0.960242328023518 7.54716284157444 8.16670038502672 16.3527743678414 8.17588259517386 -10.8795982802662 7.28050328596864 19.2537861140921 4.56212757159767 -14.2727040835492 -1.06852211111048 5.73258456777335 -0.613897571546676 8.67608123680035 5.5667131839962 0.0140331433203209 -12.6796910498117 21.0171047243141 15.8740878619881 -10.7204890366276 -0.886231829343185
-0.745499728030379 8.70121936095692 -3.40336172594440 -0.898763728862587 19.3696121452415 -9.12519113523962 -5.08292356843191 -1.96595366341817 4.63683055819857 -0.328374333181218 -3.63676114891226 14.3758561009057 0.712812424344896 18.0972681852511 15.3560779764092 -15.2344844530179 -7.16238899135358 27.7817886107146 8.62200654403899 11.3695569067498 0.88128787213992
1.91797646132023 23.21389451387 17.9346234931897 34.6222963096376 9.34313567072049 22.7618325045675 11.6351441445796 -2.44808524807594 -12.2700658635242 21.6404289167646 1.82746637280829 -1.24217243633194 -7.7042281325336 14.39456727182 0.542178827877289 11.1289611288161 3.34968030591788 -19.0610307877339 -8.02363115949167 10.9290700390460 -1.91304278581589
0.352148904939953 14.7583866226972 -1.06672288394013 -4.78633409756459 5.60033597672112 5.54662006553241 -12.4056693952497 4.12565376197956 -8.078310300864 0.190515223054736 7.99605908920257 -7.09746491801347 -4.46067762069304 -4.13778671222079 3.67805366934317 10.3764600882006 -8.05984037223554 9.86614920541054 -4.75143584897685 0.413698360886633 -3.05667342921418
-1.31490671740843 14.9750824341994 14.1892049685444 9.57835652095367 12.7864962596680 27.196968623808 15.7787149451033 2.31350409906967 -0.652053026765863 3.42216007557043 10.6357395325811 16.2623896241906 -1.81887321643363 22.6066082025624 4.66991322454664 -7.79344182695636 28.4322949354537 -13.7684426381673 -21.0679977296361 -12.8289142114918 7.18960076837489
-0.526895919372537 -3.63675145036631 1.45730406905712 22.644373336888 1.20949388967723 -2.8731612020982 1.55286455668973 -5.5009458192534 3.99549153571314 22.9255883538721 0.222974050019394 -7.21747288722645 8.33461709345333 -31.7820474469258 15.5372811525212 22.5966043465334 -13.3769874918453 -13.5494013741671 -3.56391171286571 13.2839086823932 18.181778146021
0.585579615597443 13.3368386141640 4.30235939790396 6.65334351213119 -1.76807202905278 19.5580772220484 12.6950085720425 2.03816178806712 13.9701649029531 3.54882599875225 3.24503947752674 11.6818467855987 4.52075528042311 25.6128220620233 -5.86674826340805 4.26879607077263 15.4445399041706 7.8156084523643 -6.7110751061444 -5.13702180823256 -15.762698546478
1.15739416520475 11.3226896384899 -13.149953450786 -4.94725592611545 10.1008305001190 2.22616689870972 13.2254760245929 0.600257197751836 16.2077019915699 6.13163264328409 15.6033498902796 1.02022324574202 -3.47459968858423 -6.75269883223288 -11.5618133151677 14.7513748570472 -19.3292872472111 -14.3655475120654 -8.56778668437016 15.5154777158501 7.80827548618273
-0.820267517120098 3.91534949146995 30.6807386019554 0.7222697372533 9.47542776285635 26.9392434725920 12.1648350694314 9.99795611284915 5.41581483054896 16.1055177018544 -4.54452787206167 9.20186252854378 -9.8768114256262 -7.85678737423934 5.58972103409277 10.8136155784212 14.8906255715762 -12.6625313607043 -1.03343495081014 -4.92398654071728 11.2238136565428
-0.0218876389113601 -11.2454725639578 -11.6274741927807 2.09885298785321 10.3342353686412 5.56433812604386 -6.71998200451636 -1.17418095062524 11.5925843776040 25.4923860547468 1.43041007515772 21.5224093864765 3.37305195000885 2.48289999698534 7.23487000246094 11.9424872089350 15.4391475550557 8.3526102849941 0.946033236060574 -1.67258373060636 18.3400032651414
0.273570594177009 41.8180944794321 13.0126806411069 7.94924528311016 18.1109317318377 -6.22718527233361 -11.7631871182870 3.27438571046516 0.330468900148132 -11.3118796547343 14.4520564109803 -20.6015761695724 10.2805996462947 3.48793691859078 6.44794173376056 4.61862991594566 4.18210217666744 29.5809666500772 -10.2654822095849 14.0479576601987 -19.0043114559001
0.161806665786798 -5.52106577419298 10.1011272558216 9.5654940812055 11.1797794292507 1.82291656837571 25.8840554764043 19.3143157372506 8.56378602171945 -7.35048623663518 -0.0185769680373022 6.29328293921695 23.7881733229941 -10.1196550595143 -1.64817011622948 -11.7487643120485 1.68186351753179 1.19976519632655 -9.17193663643183 -2.62532205979618 4.93320083642694
0.544138484080667 -9.20351699013018 -1.35731345369107 10.9616046542810 -9.17695752195196 -20.3156610710281 -4.64923326320641 5.29956976371677 -9.13741180260096 -13.281325191848 13.164615572527 -5.34734905838151 0.77348850310983 2.94443237838542 6.81014936714101 5.05303305460393 23.9995335190892 -1.99085675007342 3.72097726701857 -0.089301638618343 5.73385071424531
0.987319692312166 -1.59986898142589 5.49005330129519 9.42343753125937 17.3408986682757 2.61904400648552 -9.25311145622682 -2.16761079433871 5.60888918725513 5.76986256399816 11.3323493097462 -8.64105790774778 14.2692322202158 28.3335973036996 25.6712312965242 0.718677583531408 1.68016576562466 11.962447841859 6.36617291572626 16.7714556647549 10.6851529477122
0.908401784512838 -1.46725728919715 18.2206287697265 -7.95220995010895 11.5730653418867 14.2557368567374 7.94915045832335 -2.47278944108548 -14.0878490896802 14.7486519447631 20.7262861023651 0.201054741112637 3.99235497707417 0.974258684005766 -7.76724637824295 -30.900746930638 4.19670865841245 1.44368733403219 -9.1661300713428 14.4580604166231 12.4100158265585
-0.958328808505945 -22.8504717942566 8.48748113385095 5.46488481653403 13.2384423231973 6.0907925836368 3.04850557348508 8.30104971271783 32.6225648328611 -1.83987962669916 -1.18302146077361 -7.17205607764786 11.6869294900364 17.0542304946719 -2.86709015777433 18.3319790533054 -6.93128751974888 12.1562556941603 4.45816156519673 16.9744470376805 2.92154614109676
0.580555884933545 -4.61432453639196 9.29672369542865 -9.3645373624367 6.55093928749726 26.6230818149907 6.52224317311273 1.30897075848591 -2.43460363766485 12.7168365839362 -8.60458493312625 -9.3861990430353 12.0078494363273 -1.51436340789443 -26.3861655033107 -4.72614685279501 3.21233452505045 16.6160421842227 0.199100770184415 12.7828206250117 6.68437973531232
-0.0839784164157153 -3.92751319859626 17.3623850161543 7.67558009730476 17.3018987194135 -5.49027724000125 4.41107345151396 11.6127650133353 10.1424233499408 -4.06944350134272 31.3422799585225 -1.41115614423972 -11.3646323329414 5.46719845262181 29.1381828263306 25.0957587954824 30.0938758603154 -7.95282466217092 12.2054898145678 23.4954581732143 0.746869251352047
-0.247984735682423 17.3621386868198 1.24405248524068 -8.12371467762367 27.6414778578393 2.37817077563248 2.53910741191155 20.0927455179189 -24.5037603621367 10.0465462192050 10.0290893049523 -10.9826016616429 -0.445468993667784 23.0773920330282 -27.0016597917551 10.6340610886237 2.69749230937002 2.66956571850858 2.41647938277816 -8.18505405078077 5.4010880812681
-0.593255196764499 9.92147511358008 8.03140779644991 21.3542539990213 18.3948841949688 19.6703953297341 26.2555434405954 11.1091507895105 -11.8678672881694 11.6727294498886 23.9582023372368 7.22981124710416 9.1881489166608 10.7619218522591 12.1188143595771 5.01146702111195 6.42827573627529 20.151496415949 -13.8947609463131 -13.4935622592652 -16.1935305278638
-1.22291583519959 16.1740113981888 15.5870495374051 10.5923919017150 14.1510795254078 -3.80606053413759 8.99024407981579 -2.87307449519946 7.84957054573931 12.4373965708746 5.14037467071348 18.4943188201153 17.98455618956 -0.284013863910375 12.112601792805 23.3344615634471 2.55890677852365 17.1264766559503 21.9891093109989 17.9945965678505 13.4643099039651
1.68580078398446 4.85820689229602 7.15432973689234 12.5812544713705 3.41457914246747 13.5504613695028 15.5163951870510 -6.195031559002 26.9431909056699 21.3112779571728 3.77039640012634 16.6138383954763 -5.11107870834501 -4.89364883636616 8.86177539385837 -9.86207086150076 -3.18155477419283 19.2405759938062 5.60371426955694 3.99355181718604 7.76001930098316
-1.00095765534503 -8.83947581248877 14.0044033422951 -12.5868343481743 11.2872286103985 8.31612615513141 13.7783196809302 -2.15372078263380 35.5997470075745 26.1934626561311 -8.4846084973824 -13.9128514421924 7.61417661268984 16.4231468453014 -7.79676777356709 7.12996101608842 2.53272715426077 12.5888509046344 19.5274266469431 0.690210262027272 4.39011479481159
-0.756261518252538 -3.56464846563557 -4.93993731172656 4.28694242359617 -1.56469370582073 4.3483715569098 7.19733413263194 15.7182819810401 -4.20660182901835 13.3223074889141 -1.9088919556492 -11.9314966064136 12.0916701972999 12.2823213988671 -6.53055259604284 6.93155352454476 -0.210555721253845 14.0975152601834 23.6934260514135 2.17922528042181 16.3795092632939
0.62596008214643 6.5963776005719 16.6875702856692 41.3838567954614 -3.35003334222942 -1.67393035141487 7.50093880160844 18.1030377139359 -2.95075846520233 -7.12447602104307 13.0803517491571 18.5799056088781 8.03702488587277 7.83803237411873 -21.9593898427759 0.26744235391456 6.90694065450304 10.3621493414778 6.67410039458992 6.15651848168619 1.73466939232018
-2.58988579164473 28.8277055797326 38.5098773297476 -7.8274331351062 19.4164492568238 -2.68581416631352 2.57440757041672 0.775939048339348 12.6937533814148 14.0750935026523 20.7214517067690 -0.226612885567871 19.2532104134605 -21.6174368692222 -1.26396262728509 17.0353263584813 3.47095126857370 1.26484982263555 -14.9530263069931 -0.575980345703511 15.3091191924720
-0.335013321524034 23.8165991404483 -4.7058893639637 -13.9142406778060 4.1937147142 15.1799457988926 12.5232400447370 -0.295679324042294 -0.220161335185418 -18.7250024992202 10.6339071000455 8.69540997148957 3.56387773130684 -1.97494047657234 -3.02755544159973 35.0962879546693 18.5599526530928 17.4806767395633 6.8156116737342 -3.19616462435132 7.47299699016154
0.356698469274464 -9.56857551812142 -0.0321311434262517 3.37563534891533 6.30000183079188 8.781872356018 8.18612864463856 1.83399610651813 21.2710896474444 17.0236807175697 1.22406383544785 6.13870713704227 9.27931553813326 36.9116602803442 15.361430362603 0.348725657987616 -5.18586558223191 17.1224541578037 5.90501188718426 10.2038281323668 -3.15096667702637
-0.888099561787633 12.1564858000486 0.282894841152276 14.9892930019487 -4.97213646421912 -0.951692272748444 29.1721833247063 -0.431541671104927 0.285297147206828 -0.459002051154581 -2.46153836073613 -3.92627765392056 9.6374915192918 20.0217602288423 10.5842983828019 -0.716876637969121 11.6084843492730 0.176851096607919 12.6477484245763 -14.2598826386638 4.71728977771974
1.04660678854123 -3.22911911756189 18.1897708738085 2.85312525703102 6.10830527894391 8.56656145503204 15.3724436798220 13.4456225643015 21.0330836427309 10.2076873045952 -27.5643810945427 -3.21926787496169 11.2718310845140 -7.20286021930547 5.27965986888898 8.47564752722613 14.4544153076104 9.05590141910336 30.1200032898686 -2.85225385507988 11.6361903554018
-0.656595856226528 -1.90094360265955 9.9458745117689 -2.97385458328285 -0.213185907795662 6.4712825197517 -4.90599440515819 -1.96020029236221 3.86665549363940 -11.1387538691111 25.0992054401042 17.8408225045366 -2.09482822242396 -12.0432416416565 12.7773120939374 -6.53228685043266 13.8222519253124 22.5553502728150 18.6556321127917 21.7007382111573 18.7140044999048
-0.213318079969103 -2.60869018854746 21.5572670924807 6.66231030689451 1.55655165753240 -2.50824633685954 6.57705548147306 30.0392991924086 4.58085019576919 29.325146487299 5.29961545757967 -14.7628306430648 -10.3220758416589 12.3380832202068 -0.00423917648006757 -19.3395413598876 -0.325723904422833 -9.1195867321027 13.6071939081148 -0.967137315253575 48.6631855918129
0.230481757113338 21.3857186194160 -3.33498257335371 2.33550258871397 -1.29877645214964 -0.414830898693242 2.41090425951392 3.99491026079202 12.7630896841029 18.9675114996697 4.67168721770991 23.5488958379317 16.3192609513555 7.85777508212422 14.952905391482 16.6052284875361 9.19515813183574 20.6310312093207 9.6851552490611 -7.02184229644705 14.5060217118951
-0.480849775995596 -12.1346750992137 4.92817159445014 -4.45032242358266 9.55615429103645 -0.563979048540643 3.90078992333141 0.999593180359451 -10.6120579268000 22.0531611222104 29.5431109195647 -0.99698693730277 6.208185574038 3.97018098485971 -19.4886023500730 11.7986335348931 -6.70906875415729 -8.34464063304076 7.45559684618864 15.6572314219017 23.8936929507496
0.433825487956123 16.5382871165540 -24.9538927077389 22.9942686827916 -5.06390201159688 7.74663477206501 9.85147062282366 7.80712917271612 22.5552876753389 13.6264447606641 -2.16513385492258 35.4391075638707 -7.5114782170424 -6.78820939063348 -11.5073793131648 -2.58268621374643 -13.0677852236091 16.1984028691751 10.5141846424023 -23.3058936126012 4.31084341388428
0.407451137773459 9.36551179055198 6.63159274094789 5.81617051200678 -1.62195623628496 7.48023291070355 15.4336058320475 -2.2543778336807 2.91679333239077 -21.9570733733901 -4.09760131737193 26.1073506108711 -9.31735972656051 6.76805199419534 -2.97350165861493 13.1926459740527 12.5535304826942 9.89416666862555 3.90667597206711 -5.12818299283206 -18.0093986398155
-0.626474416388065 16.8960633492801 21.0620676547867 -1.5714916810128 9.56540948809202 21.6129205657655 13.4564806900585 5.18706096505096 18.1069271235654 -4.10846147202998 -3.93996226622409 7.23091287157469 14.5252995349602 -7.87567786320456 3.91074586295195 -17.1172354478556 12.774896331771 5.27150681622622 16.9113222965974 -3.97110811340363 10.0889291374139
-0.256640246836235 24.0651691224091 18.4550152945585 0.845864587950443 -13.2145951600344 5.7195712181401 23.1119952062373 -0.532645447540415 4.06387420104406 14.1600835200595 -6.8243582711294 -10.4843044088298 14.9872258231486 -13.4945879656918 18.4458310921006 -10.1431176169971 7.44459398430938 5.02820413061037 -15.9286452429012 -11.2910695141796 5.89564109882587
-0.0986585373929904 -12.8234883015229 8.4583909952611 -3.42841287957851 3.73419165567683 18.2304269951822 24.3193274561676 17.5115033824087 9.81483428989675 16.9158691289024 -4.31715552992425 12.4347625649077 5.51744944978089 -0.936862139051221 0.109842118751418 0.614012074316103 -11.3885313213464 -9.7646097737604 3.58989531549082 9.58096334909097 2.55784751001273
-1.91929007725544 7.96077751111154 -14.7563595563724 20.3711366103503 4.66871502552986 -0.589383474785115 16.6299470102827 -7.12528207441158 -2.18410348309570 11.0524770261791 10.3241660382497 27.3556280734387 8.86142637432345 7.24853034183885 34.8434980120886 -9.15371541417556 3.07922791952892 4.24046485745137 4.42655473261213 -2.07757040157528 -15.6156035968477
0.472758226516899 -2.17327035681161 12.8309594520388 5.95812893032974 24.9112549034548 10.4714107387325 2.12517005036544 10.3488634237409 1.16392872522575 12.4996190962609 23.9457793924367 18.9106196656902 14.0155180787434 13.3187081258364 -7.80318550421303 7.09325352108502 -2.19660005183575 -9.3835959406424 -4.30562490637316 10.1130285091799 0.142740710931296
-0.351860757810964 29.9624874400839 -12.8570462213353 -6.22695988745117 -8.66987692778448 -3.83593512842888 14.0578763327165 -32.2215712786715 20.5833901021373 -2.46761972687386 4.16903012206976 -0.598024499896705 10.8798340333802 18.9610974723024 10.4097731384570 5.565950002097 -5.23876771250551 26.3295356341382 15.9404339056674 4.73938402236534 19.0422230558779
1.6377620424169 3.9585977094649 23.3841883771744 9.64860525471671 -15.4326817174227 15.8447488536989 -14.0890512218502 -6.73487729968849 18.6363297038771 1.36169248977841 3.30721812999191 -20.2986377202473 -6.92834869097087 22.9716453240118 -13.7455685242107 6.90861655718528 2.69903481693698 -4.25677962773447 6.39570103864988 -2.16591320874831 -18.9605904388324
-0.555108001903451 -4.24865517240122 8.62492515784633 31.673237398729 4.8863296456719 20.7135248671985 12.0941306149465 9.03203119856503 -2.85738879546997 -1.64474832134608 -12.2063594313292 19.5955826222425 7.85408250806488 23.5566882925707 -3.17192474609406 -3.12916480122401 -1.03026441954262 9.66883567065691 5.931785420875 -21.3828399703838 -12.6389841941455
0.144808731814066 14.0806235895846 9.67435675769496 -31.5142688630995 7.16330223732228 -19.7086999958506 -5.90422437427873 12.6671208048048 0.0144843298125030 1.29476426597797 19.9215530726797 11.4719503615664 -0.739717367041914 9.8453415306608 -6.96328406009217 -5.8683073431722 2.82272535924855 9.12329771355756 -2.21945254750728 3.36774538118382 3.24067994832576
-0.899763268801792 19.9175150927690 12.3215838354894 8.7377202609716 -13.1994087625864 2.29503862065324 23.4311627137541 5.64443489401541 4.27476092133447 25.1726135285625 -14.8785940379933 4.09638070717223 12.8188794892331 11.0791707652073 -4.75950959134952 -3.1786344474884 12.0215725380865 3.15268243221008 -5.18992237544113 -0.856820239530426 -10.8885241556903
-1.1524423155274 1.31912013848338 12.1614258351295 9.70285878154383 11.3597708023228 5.24071563710421 3.17745930215965 20.1574767717111 7.70677145735487 17.9643724171249 6.20095596893767 -2.61304559381639 13.7909311094960 -3.72117831262491 5.81066452843468 -9.16017067916232 8.74070506842244 17.0367451672490 11.2897162720597 22.8631047374278 0.454081739311466
-0.597875338277922 13.3644620982772 5.03674620569372 0.0806215634661998 8.92898331506237 9.4417322039961 -0.815091142848692 -5.18327985750692 5.95819372255698 4.32277907077741 -10.3323592248878 -1.03585032044115 -13.600694386029 8.04578434384535 9.54552805884023 -5.8567551472997 4.56454269205231 -9.0050754537188 -7.06239452322354 -11.0231249441970 9.38206969820356
-1.20978334778675 10.0860526745111 -21.7601987694963 11.6887978021572 17.4535862723736 14.3144724427893 13.0025910522024 15.0997976390257 4.63386087302041 -0.276840013440143 12.520925588322 11.7398392163601 -3.26723626485471 -5.69948377337382 4.04346049097671 2.77372563141478 31.6392066945078 1.92832170687848 6.67647366150003 -19.6981590779321 6.3420423623868
0.637385724264255 -2.60152046572749 1.46700482287789 11.868753453132 7.58656286547023 -1.35706457870536 6.29277166753927 14.2963206810415 4.32884785884990 7.84750229051063 -4.14974760209158 16.6062978845489 4.50106899158272 -3.46102668945776 9.13735222393506 8.84955490926495 -0.531443002663632 7.87720048932695 14.0643955196358 23.0874804993343 -3.84130571925635
0.583848553931105 8.36611317276825 -6.91381865843462 -0.967621923161324 17.3192297346044 18.1764619501132 -7.06129448790226 5.90335861348105 8.0664142156289 -1.24199088514059 3.98509094688747 15.9771946528043 -4.03946483421189 1.26162031111367 17.1160451885505 -4.98883924734277 -8.95010949797399 22.906076530945 3.28124896616582 1.81178658977733 -4.55483766923735
0.27857004584195 7.1439973653351 2.80740378389319 24.645367988794 21.8069207439604 8.36898082694946 8.22610188847618 -1.02401613576416 -16.2402093355251 12.7334961571487 6.15741936259311 7.43879936628215 7.32568172045897 10.6511767703067 7.60015363060208 -17.6476592988734 -16.9633579714753 -4.52833706649833 5.04894788064162 4.47252173493916 -7.12862443875834
-2.08313853287355 9.70334771335655 -5.84130488506071 5.55267344596078 6.99310111103094 -9.75545434599721 11.0226948936354 15.5306874730013 9.89066042509468 -8.67237103776127 3.26694854057602 -0.443746650590929 21.9324854482250 -7.54832668360979 -3.76427621792647 -7.7954264374384 -11.1668584701926 20.5224781203993 9.25613793103104 17.6636621628972 15.8368645869576
0.116162065654757 -10.1929245911850 -12.7227529038089 -4.6955267537687 -20.8393138874371 8.51964084480094 10.3755987989463 -12.2477636471612 -4.95571891857389 -9.55045174312854 10.9593120314296 -1.53715178830866 26.3832625021009 18.0404310109476 -0.513704712195722 18.9391247627335 15.7747434659219 11.0816194355501 4.93947554991498 20.1972424119606 16.6393301173640
-0.601092943599964 22.1058984821633 4.53800501986949 26.2977778600138 -6.42475753903673 1.77125488936368 -4.65947182993113 15.1166873852392 10.7493928067220 32.7273570499252 19.7878756024519 24.1730385260798 -9.25166211827178 20.5346025810538 -4.30131345742602 2.68981399098801 16.3245997259892 8.98475631449337 2.68036982850596 5.08026826392827 8.83342300505553
-0.9561762852151 2.25712539834464 8.98432305327236 21.1921558602364 33.8268102500621 -4.8680376076419 17.7922277590342 9.54528693383138 8.2800879051772 0.0176575402321538 22.4464903896704 -17.1248829403018 6.9012529632051 1.84325647470248 -2.37418180247162 -3.26154690605141 -0.681121039149201 10.9209150867174 7.31623751717338 -8.32913084107204 -15.2459845624082
-1.05056047529497 2.98884410601875 12.6696466586952 15.3569180910009 24.3946409488162 4.30379375769433 -1.19152897182430 38.4413820173997 10.3450444003474 -14.4446529084993 14.5875619781464 12.5500569855380 21.8405181697608 12.3930591467863 13.1943572784084 3.79778014983785 12.8564903720303 21.9589466564185 0.0717390516213473 3.14596284737517 -5.48378053695091
1.75807402340887 1.31803221510857 2.98624221196758 -2.18783325864165 6.24942180377252 -0.305114302100830 4.54312729935297 6.668050411595 -1.70683508042774 -9.18442431795685 21.5125178203318 -4.91057666002573 17.8300121798475 0.819913040319595 -2.45487031249268 19.8645636379994 -3.90095881274505 17.4232467425366 4.8794524619094 -23.4275477225611 21.9210801350036
-0.323801978440453 11.0819429791751 -0.738202854382159 -0.190990575362207 25.3337767552665 10.2428622896645 -11.3153432580510 4.14492924097355 3.91818804069553 -4.56874802035299 5.0832754001139 -3.72795292486626 -4.14105188341931 10.8043826423147 16.1908556584060 -2.01695070363995 -10.5425233007977 18.3447101763313 -6.03947428656114 4.18286462942049 2.35746710344368
-0.805390831505245 6.8195006474272 15.074788989498 4.30486049543644 5.82213974373492 -5.31319317086921 -11.6335946098901 10.7733568633306 -7.87169138337783 1.40761523737445 17.6046491470699 6.79456654780831 -1.00499672326442 11.1569732890525 8.35488663293367 3.85149006178102 2.54701665178264 17.7557765535762 -13.4843395193210 14.2851384601262 -2.37138910505219
-0.741255853862865 4.26926260678819 20.9375183042029 -1.12409779373225 17.1901264402307 8.7017384028364 -11.7153107094826 2.58981036378588 -20.8705866647196 1.01934543925563 22.3704195368229 14.1053530171199 19.7238102028468 -21.5777039973168 17.8459905020217 8.29404307344375 -7.26685815268308 5.29889835440426 -1.62072764374096 -3.29996038991711 22.3210543225595
1.24906634634417 2.81392591965925 9.05602032985049 23.9930253825408 14.7072262885637 0.570911907676767 26.1581366645407 2.01629802768094 -10.8657465106695 -3.07815558539069 33.5309949259813 -3.21353551335492 -16.3951059826576 17.2965292960385 3.91625060276417 18.0238486703475 10.7586190764799 2.00799324344859 3.69134451655012 3.37883209406631 12.5262040017797
-0.735705701619341 -15.3938323640254 26.0425123856001 10.25773680067 6.26481794873316 14.6935036001758 -26.2784595755500 8.8825746194586 -24.23758825602 24.9282281846172 -2.75322785623261 -2.66337931151522 6.47511410497112 0.728290214735768 -0.374942089004448 -12.6968407459777 -10.5873134820471 20.1628678740198 11.6438803203947 0.244227122499792 -16.8113071741786
0.915585760805945 7.46827651958675 8.43424076577021 -2.08049758449617 5.38685702432099 19.6457150786789 3.57757810690272 13.6194550218030 -8.65914329335748 18.4234719887963 19.9326748244808 3.44180378139196 14.6743179455851 -2.01306158580514 22.0733954465348 17.3336247301090 -4.55520116711668 -23.992215695766 -3.34467843777824 -8.15489060202229 -4.81685103363791
-0.248641553523762 14.8981315526911 -1.93266503960945 8.31348608128608 -6.03710263725754 -9.3605806332436 4.05604741432017 5.96999820018907 1.16448854693177 1.56130708242029 3.45943525192259 -0.00748362554737554 5.70420749321399 22.8753020672878 8.46295682801795 -3.15007038870325 -12.9403161891601 -17.0683757868665 2.81588718851321 8.61398338237301 -12.2407504934562
-0.467289671250035 12.6389170838546 12.9494794953050 10.9674914788893 5.28030770226529 9.38970614393607 9.67589874790573 2.876348765727 18.1797203136422 13.3930150229339 2.82721299745326 20.507614743434 22.8591651458933 4.93283473301592 -3.31735466372541 -11.6094888974418 1.25889215283507 1.62739582005425 -12.5387967001309 0.301358436989870 22.2520560244118
0.780494080845802 -6.19798709420615 -0.744093937896286 3.99923145169660 3.46411831666851 9.69544100998992 7.99949880465106 -1.08632357435711 -11.6458535031112 21.4308731445507 7.52383577622742 13.4627583573975 -5.83293196222359 7.38190395473335 7.58328056989321 5.94284369546316 -9.10793694467339 6.73452181660636 10.0319059726920 -3.47006842727402 -1.36160367036557
-0.520148164919409 21.8772899374579 -10.9319527064315 -0.136537512092327 11.9446826715976 -13.0684991093805 -10.6245165487344 15.9992687114794 -4.53445071508701 13.6134026937691 -3.46385821505473 22.179974433681 -8.20140638053969 17.4599743796349 14.5114817795287 15.4650923193848 -4.32006181792315 -6.05273981286412 7.4821218730212 13.3712322444117 25.2896335931332
-1.94832391039505 9.31729747794794 2.81401535339201 8.11921083023166 4.15096799937417 18.0411721423184 20.5535846257481 -5.58082961152029 13.2880386690255 11.7603523734327 -3.46315621680845 12.9009021132518 14.2224907930864 1.23221354081522 7.00033339328779 8.70170882805753 10.0434859538778 -13.4636388756940 2.88341171790873 13.2813517958398 -17.4146578010400
0.932245105735085 1.31227891900415 2.95581524903975 18.9001417760196 -12.2923057334586 -26.807537089445 4.62478884830784 -2.30391113602149 9.79024162834565 -5.67646735366145 3.19238662422447 11.5961119057913 28.3987147530644 -6.808160185838 5.20425402078087 23.2179024736803 -1.83279231048977 5.6673231098746 4.84140428518026 2.51974058312675 28.7966671568707
-1.53767245384534 -5.57008621112459 11.4677258034214 -6.33439037765359 11.8034682143296 16.6847445034072 6.20760637508321 1.21599819050717 6.61597161284186 -1.17993047571136 -7.89585802512216 4.85425429997962 24.2856093792828 -22.0576546977894 15.2696717571338 -3.02589675952174 9.78078940865977 -1.48652873851865 -10.4284377357598 3.63092235418759 12.2902173044749
0.834844336471207 3.31537500559267 3.19384340389323 13.9263722814013 1.17632596376238 3.10627951244687 13.7206214531087 12.5889675483633 -18.4389772302755 -16.9350573683149 24.9069644605412 30.1469150692185 31.7960910882112 -12.8209150844492 19.3209257580961 -11.3935186442525 5.90882840113516 -1.71911670738162 17.1067477846503 7.03042597460102 8.44135243062538
-0.780705834941812 6.69731007375065 13.3248824702571 14.3947711871155 -4.08179313513108 3.46404756634038 -8.15342781245049 -25.1142416104659 -1.81979879622575 -5.0404056309696 3.21322962969849 -12.8799876233950 12.0632778964877 0.126578747432289 -5.24370088785153 2.94075581314281 16.892653981069 10.2442620314626 2.00881154667421 -9.61031772194692 10.0742436405928
-2.98866462489794 2.05986332774902 -1.71617058128053 7.5855936077647 7.39534550043279 1.80824486320392 -1.33790218787763 4.28047758365025 14.0088153212182 19.2220410227212 -3.33004413739057 -2.02823903198041 11.4310988733043 -8.73046391422233 6.7127334626668 12.648696113125 12.2113603093618 -2.33286845612655 13.6065044986816 21.1623105683786 21.9726786714904
0.433766561912975 -3.04149317785793 9.11653330913954 33.2786198456632 14.3982272110312 11.9495900866023 9.73352562835888 5.8979261117544 9.82519830406884 -7.14632667711137 -8.11806963882715 -5.90185883531117 5.88089495584429 0.0848547071206275 -26.3468780607941 2.06879833239463 7.3868759112862 -8.87428500230692 -4.17036254256125 17.2531409857441 6.14619847832443
-2.06522481459973 18.2937403198994 -9.35895203884744 9.79666050326674 11.0703782877493 -0.199073627652934 5.60786040390573 -0.854622871337272 23.7551941080035 6.60551884379455 -29.2061947782352 -0.661722160287534 7.55279118778882 9.85920659230973 13.8727177071327 -4.49394443997877 -8.17463538050832 -1.56480449075718 14.7016892804220 -0.82753878564375 4.78267453822347
-0.873395134485796 8.15147702636359 7.55060978153842 -1.78876526980129 21.2114441303329 0.316314287435055 -1.23557657050729 7.52230483732504 3.50473780986755 18.2564232901773 8.85996451630252 -31.6711668223353 14.0759811454666 22.5245525493821 0.156291027646013 14.1870547654606 17.2072953172954 33.3068114714207 10.4684240314030 17.6394224384802 17.8568136282041
-0.970767320202583 4.33455894280914 5.55567919012994 5.07637733782515 11.0337117437769 6.46382563597947 8.31950566449554 -8.91712690809444 -12.2032251324675 -14.4050545667902 5.75028604413428 8.58240035795253 14.4249519807344 19.7170370700566 18.3644915679217 11.6135243670111 -4.5136874243692 5.65582056118534 8.93588319510317 8.2647694976806 4.11669883916261
0.0729684860296047 -1.94270195209710 -18.0162731624322 9.24622425363255 14.5920507510880 3.02558184740288 13.8891084010889 -5.51019695711267 3.57397896743571 20.6790552453762 13.9391914045835 18.2303820450352 -5.26212961504393 -6.37353775196342 9.30061749998761 11.1384797485880 -4.61118991230061 36.1122228556367 16.2862148311915 9.78235581773077 12.5466678312008
2.09090430893527 25.4759460605706 7.03444953617824 1.55094159025 1.11775845241887 19.6715108020292 5.08637011113784 30.4263921534051 0.00887952134306968 -1.91298874778639 8.05779841801576 0.788483862575517 0.191955411762410 5.32659475399416 -0.0163443927914574 -8.90385708600094 4.09065075028759 8.8441870491259 5.73326155442594 -14.6057440062467 -4.33569091249994
0.3036913030732 -13.9042564921264 12.8989227143870 2.41986653265198 6.16563157082401 -0.995572746458468 -1.40143725495097 20.4486245630185 19.8917102509755 5.12635067064228 -11.7742561556054 -5.06503948368275 10.178260420702 -9.67038806454555 13.6571371008851 5.6108660828508 13.8932995994974 6.06723943325412 -3.46625412964691 6.8023119748709 15.7954808995262
1.04424396952685 9.08320637328224 17.6740712852470 12.7942156095431 8.35487475858711 -17.5039114522154 26.5156820605104 12.5432724444615 27.3000053385554 10.3168807847296 9.28210972230995 0.0279702891819961 -4.62808828711074 13.5425610797720 -14.3283362377856 13.0680646681333 -3.5112571109142 18.3301795440294 10.5915468141059 17.8211262226338 -25.0992160099446
-1.47190338250702 12.1563853858681 1.14458018992380 -13.4062321422756 20.8832441933682 3.96442975202199 17.6154661679346 20.934731408603 3.86776764195364 2.21126937634639 -6.42435598686577 16.4902224181389 -4.08149806077458 5.67105312829122 17.5624448982727 11.8989089629535 9.59627336967523 0.0554251885845955 8.04239544712617 -7.1050266970697 1.22299236001963
0.83728816054923 28.5351096583201 36.5215178164884 -15.0147262908097 -1.90521184254850 12.8601411169589 13.0660158796960 -5.58395540096762 -0.0574012885107218 9.31582314463423 12.6180061219441 6.09642333808502 2.75434494145231 -6.05535006856404 2.59648927159238 -7.70236662917215 -3.79997472799333 14.3925388178312 15.7097809349031 1.96331740908453 -7.48262540990419
-1.12497097782634 0.0979797281232208 8.3564823225483 17.8455159971478 -5.14014073567301 31.3602830332715 4.35395023311709 1.93001511059765 6.6904719473666 0.599789903530057 12.6118752748661 12.2342643208063 5.00134857913116 -0.205476285807381 3.79095599850421 9.82485595554419 -4.05599477029499 0.536960193007553 9.75985046145003 -0.486015972653321 -4.28277971345531
0.933055237219588 -10.1559381133925 -2.41510041666226 9.96424438264355 10.8416672842890 -19.7041230883776 37.4619937538781 0.774102628111739 -3.85527489370107 -12.0119922686683 2.96699954612330 6.01280094361398 3.43113025858644 -12.6666410779649 2.91695425923625 17.0886301291573 5.09664344189104 -6.20457341474094 3.38179649853558 24.5284414075722 17.4963149415642
0.202576189572692 1.11955312065091 21.1786721429469 2.43248461567603 -3.93416303959113 2.77376111514926 9.75715979072931 10.8569282011936 -9.15296458650082 9.64384373492068 7.91928472991406 9.95887858673542 1.65367472548661 22.816288453079 3.49345817870121 1.72710690242472 -4.97898453267789 9.83633180794303 16.1125386357920 14.3026520177457 3.88407235563544
-0.43874883622307 10.9589946159500 -8.7716529010918 -0.42971386548099 5.85273011621876 3.07694945299747 2.38555225415771 -9.46511671870265 8.19342061299107 -9.1637967174125 -0.526241740164062 9.1435010835734 16.5153419865512 -20.9194415394398 8.22142978953632 16.4431321952034 -5.64640029668159 7.7042795941162 5.5539206199669 19.5991044254420 -2.01353798420241
-0.982508729310142 11.5154651940820 26.1299003552170 19.1875889178946 16.3047461799197 -0.476801626057442 -10.6159591172271 15.5980064282279 10.3096797651425 18.0354149685035 1.86887465658522 -11.4795034547106 1.55266537823332 -8.07875311094442 -5.265256089975 2.42804442757078 14.8429662249929 8.94307835220333 -5.32708339462182 5.75524077927332 2.04577111877192
-0.619929502783261 20.4660626182897 10.6384876064909 -1.53962715597971 4.70073787819579 -1.09817837399169 -8.49354940895772 1.15181026506571 3.16483518466865 -3.80829493426184 7.94681973995977 6.2111017646374 -9.18018724864922 1.21817527694994 13.4682862479013 16.7967255288737 -9.76841548019476 6.71742713195843 6.01137227781151 5.84701372515682 -1.98169410217081
0.393680397180593 -6.14722492241958 4.94338793052602 -13.9168209995153 -4.97036746694192 -18.3228698162581 3.38859116927269 -5.47243124346536 -8.38205511785529 -1.41011375871050 -9.00939695541406 8.3922670633134 8.30018097145738 -3.25082556785140 8.57589005360313 -17.8985442301812 0.108003431286737 21.9307365743552 4.71911707654862 12.1519124964601 -9.43908371218194
-0.360442810284895 27.0074840311249 -3.04258747725142 3.0031788218511 6.0369984048159 19.8730937222753 18.6734885710205 -4.62580840560681 -5.88275828020665 4.29774980034616 4.20870392845405 -9.27278327229839 -5.31402806935567 -2.155980701121 -2.05570571561707 -9.98338742138181 -5.21411543268084 23.8143903371977 -4.82968344315959 11.6263708839575 11.9606381148246
0.242646298425938 18.3253072444736 6.09743292140301 -8.91134233064876 4.85419846697634 0.0871204460242199 7.13398894324487 -23.6407346477648 7.68087765734487 24.1606781949381 -8.91869350593637 4.21648466402351 -2.28429961578704 -5.48590868253997 -0.0502980436676847 3.37543743247938 10.4780961371604 -3.07133310847049 9.63003452159865 16.9485970300443 7.05659765903683
-1.31510772726344 -4.1283727343585 -6.2319379444983 -3.09668240392454 -4.40133992620791 11.0880133165784 -13.9347171394362 25.0025560491903 22.7965625967876 7.62003357849538 12.2183474189276 4.96235946335447 -11.6266216696662 18.5189330624849 7.7342606434231 -4.45947707421587 -1.71958972276933 0.532305047761898 7.60459530155247 -1.43281310446874 -7.72182045336137
0.729880739664469 -7.96073554576992 32.2679454642974 -15.4296057592837 8.43200181106129 8.78707893401335 21.4696720497886 5.14644351394923 -2.50918123118359 13.3391342533226 -5.10422364854129 3.02377803270632 15.2477142584608 23.7467691638148 9.6533445674253 2.88128128814303 11.7635546923857 11.7698764452700 5.98343273344765 6.75772385232424 -7.80846158250684
