"X" "1" "2" "3" "4" "5" "6" "7" "8" "9" "10" "11" "12" "13" "14" "15" "16" "17" "18" "19" "20"
-0.4449882047534 2.68831798785508 2.29023666811739 6.64197284091342 0.652713564442278 11.8512005717090 10.7262442841250 5.47142240910105 -3.39571564132831 7.75097895576822 11.6093262166110 4.38500220767856 3.19180211667280 14.1795702120772 -9.7087492477681 16.1651510824094 19.0010806591916 7.19130388687492 9.633821726895 5.3416461700392 5.73798481246096
0.386415940320485 11.6261937858243 15.2972886135654 4.32110313456798 9.38627471675476 7.21247557360102 7.3863439181993 17.6253662920705 10.5306062978130 4.95942302899993 -3.64172525028232 -2.1524344153158 5.07289864401857 6.40868215423968 1.21712895779802 4.11683700433598 7.73691388560768 11.4254267242209 16.4010478702225 2.78022980375068 14.2478705380533
-2.08414104812651 7.7399291539894 -1.96239008327750 -1.49999233341789 16.7231151783866 1.97911336426456 3.30941917430745 10.5631584876101 7.62163865201154 9.27365128311244 -0.035600710607036 -8.91823492841024 10.3770964709953 -3.8326602297799 4.77547839301932 3.27661465317305 5.34754985899629 -0.256877657031244 3.16312646450553 11.9222848074961 5.6049668276275
-1.61354498889191 -4.96127723565195 6.40378248242023 13.2144788755090 8.16151211671933 7.73681472126249 7.14494260857874 0.877718368284721 7.35733051819908 10.9548219120195 5.30880830166215 3.64232652979372 7.47191180206296 4.38904031513109 11.7800534729424 8.90765950053241 3.67371797560257 10.6933847030526 -1.55578007259318 9.36595721646742 -0.468223603627955
1.00361047045881 4.37495898403733 1.37486102224039 -1.08780518662582 -1.31680342873651 -4.17147722677304 5.9471520657957 10.6326234846110 19.0552458498146 3.43981924465807 5.92113110715362 1.86074029636392 9.6211817223418 8.76798959277517 0.319415879041496 9.35055972619987 -2.49752773525169 7.31392631802957 11.1927744266005 1.24108444491401 -1.1757669553067
0.960242328023518 -0.912978228687938 11.7347464027901 6.64053429126666 0.644925896355296 5.90462134240244 9.07761145474076 2.23778094277812 1.07874393787356 3.59238034440158 8.60996310619326 1.52009401542801 7.2018452310991 12.1621870830525 8.73675225838627 4.89535020026388 6.59022861064933 -0.456783640645348 9.93136090941256 4.79065407627616 14.1594654448611
-0.745499728030379 12.7905733827593 12.0307177469581 4.25383308166281 6.81625205026949 5.2233387522839 -3.45215543036634 0.769993396770354 9.59107379111182 12.9181727759022 15.3178846453668 -0.0375002892862976 -1.49031099261114 17.0310233343871 3.24578941385078 5.02562174519856 10.6099306234069 -1.94037147918844 7.8964635691112 6.14351742742798 4.25223914448047
1.91797646132023 -8.65788124992268 6.63803990971663 7.28442356231702 5.31779379022139 -1.03905221815302 9.88050049662533 4.09184379307748 -2.08665155366531 10.9041024218820 -0.0807852306890606 8.10144944960694 7.82943476076497 5.25598013501375 15.5094420851281 8.54274824771091 3.48046556714732 14.6295145738371 18.0913986263838 1.90995942505803 -1.51155058005018
0.352148904939953 12.8331198967270 10.5965484840785 4.64485860015203 1.76070920393780 12.9727649716873 4.3530914090568 7.70437150860272 2.45673031762389 2.83271661404002 6.66235216071996 5.12891085192458 12.4457284955608 9.55425932186512 0.146141411463962 15.0430301623466 -3.35743275031949 2.09205811392708 7.76181174416348 0.41481323920666 -7.38756369585831
-1.31490671740843 -5.1281936216418 3.03012669673858 7.2738034688241 2.57310947594923 5.46623415809614 0.765716402486126 0.573917125298478 12.1008892243640 -1.70354500738484 -3.48753702370245 3.6205259349946 -0.344452785103105 7.57139349086686 5.01786259394626 7.49769883869782 8.6488520179738 1.11323180950003 8.37189601583577 6.57325226532041 6.74471084610353
-0.526895919372537 1.29470689222800 -0.0632430647456061 11.8829157285617 11.6410006561973 4.63865693955815 14.8687146610749 -1.69688340609815 -1.82807062203912 -0.462674065308047 7.36255449319724 1.31133126212949 0.895996923387164 8.11518330356316 15.5537746222864 3.64848594571866 21.8349661927495 15.874472634807 5.42135545767578 9.90505922608445 -1.738099953082
0.585579615597443 4.22621430725673 16.2539004533787 3.54028648914029 1.11433139697296 0.930224124030682 9.91497354700367 18.0270470393557 10.7119080265986 -6.41173830618273 14.0166684990914 15.4067317160846 -2.99437390237278 3.31068716121897 4.65204792339614 15.8254740913601 12.1701913243303 0.397469674283117 9.50754709777236 5.47208808506958 10.3359362527946
1.15739416520475 14.8718908269126 4.71266680560843 1.87919452295507 7.36521899316438 -0.213537318356807 8.83502558902376 8.32815374243962 19.0206620384871 3.09175792027976 15.4897780548831 4.88007043649803 2.30815217792314 -3.0558958989044 10.2575879815071 -1.79182665030411 2.89553310848529 -2.14825734096606 7.65983820031897 5.67091053771 5.95718441923355
-0.820267517120098 11.5159044178681 10.9804641213490 10.8293614098784 2.76462919497615 5.68813765652691 4.83839353976383 9.58227371749013 1.67384769113556 12.5525024925940 5.52102300875685 7.63462569402575 2.55406182689522 0.861466621062676 2.71898181767479 2.40643430205513 5.8352320148985 12.3716870030479 8.58871789100696 -3.00076766915702 -0.532487010308251
-0.0218876389113601 3.21851890811912 2.64011235986614 8.44331337988252 4.78343933848979 0.498822884066309 -2.72081033699267 4.25392604020464 8.77299122753801 -0.0818803125483234 -3.87145160359038 -3.49698277420093 8.55806892465527 8.49763572824875 6.84485195936133 4.82527907072028 2.63160322506792 -5.51826806793234 1.28122590730407 6.40690856752266 3.88796004907077
0.273570594177009 -4.77183012361788 12.9039098686330 -3.44842141212735 5.15648875468672 5.46234854515019 14.932495121697 -3.51555517843133 2.713624516492 0.103890731929396 8.54406527074871 9.3064509300385 5.14124431534541 8.4327535955323 8.47918637874117 5.23280780632596 7.963222655649 7.19060336902859 12.8658005841844 0.0158141950017907 6.31677586851265
0.161806665786798 8.69380231775857 -5.34184931021859 10.3624881906789 17.6692709820829 -2.00510842018574 -0.961976480287083 9.30390790141401 7.19504087716076 -0.384357471037811 7.125948231505 0.944728839246896 7.67471038638737 7.22721399146376 9.80403287896225 3.81839126192648 11.0224982237182 7.90987201335329 9.20287099825962 4.18999653763941 10.6143535614327
0.544138484080667 7.0103595919557 7.43116523122492 1.60984347797098 11.4035003781820 3.64674303863866 1.65903050256924 11.3859535604932 2.99491474422011 4.03482488092961 3.57766433235745 3.66369613881199 5.7441655634661 -0.323220263218460 0.594782562400964 16.1173185572686 3.34134702135889 0.813195977680595 4.93809549925548 -4.38531052515746 -4.09708986579168
0.987319692312166 -4.59757190809987 7.65244620423478 14.7926667531087 9.68407758214533 7.16335949408302 3.08793624814511 15.0717594332611 7.01813269563143 4.22394122714238 2.36389802937035 4.66970170509662 8.96770684267773 11.9332995257574 7.65317146318542 12.9352880595526 16.2071335184619 3.07408734606642 -0.599665699042038 12.7090904026012 1.94114415399461
0.908401784512838 5.36692432554277 5.89682933900513 15.911557519232 5.88185283718605 -0.0656838841593746 0.813356237389851 9.49810696206664 6.33772042032712 6.22792947204569 1.29573757408997 7.95547635423685 3.00062565262383 2.13163897118852 0.307595748742525 7.25228932680771 -0.502722812535021 8.96538317062283 0.237016063893184 11.4491315916386 6.06054257835625
-0.958328808505945 0.823190243532789 7.15957795690725 8.08585868533216 1.96068550648653 8.66165507576651 3.98570123396399 8.72498482542026 1.18996414279954 4.20547492430869 -1.68811952973592 13.6461911199389 4.6639113667891 12.1814748331419 5.48489949926064 7.58414433764198 -3.22278273609777 4.87132605160034 3.05697204583669 4.81504652697359 14.4057678047417
0.580555884933545 5.93169094700148 3.69817330291364 16.0496576441231 9.42926185633623 1.05796278069818 10.3272478474584 2.76151641421518 6.14618935466733 7.98357781076682 1.34630349099198 5.09560747325028 -4.73577763285545 1.90354715343776 4.94506072731933 10.0927854305218 4.64753617134075 6.52064732580958 8.50495595769927 10.326323755198 -1.9817018407751
-0.0839784164157153 0.845242351795935 -5.10086132313383 9.90649129921756 8.4342200227072 6.38828731975438 4.1684138795395 3.45916569961515 8.0210592958234 -2.40291990291229 24.6586644123097 13.1427771806984 7.62890999546375 9.13533786095395 12.9176567128831 13.8808438282427 10.8219691041588 17.8818315137844 3.95754541938184 2.67321841101407 0.199217013111026
-0.247984735682423 2.24114682796829 7.28167706564828 2.06474511311262 4.71345988610941 -2.60552135989945 2.90007227768318 9.79094099453632 -0.981720632769817 -2.59324338182695 6.00419723771941 8.50219492070133 8.30554541616327 7.72594250283945 -0.0569815058466012 -1.63423499039298 10.0653518002964 4.20789126077835 4.86710256997715 11.0569313951661 -1.60360877043232
-0.593255196764499 8.4371665232423 -2.27690530374039 4.56978862133890 4.05160009354641 0.353367819391616 17.4789122279391 3.26350297167909 1.13835238452387 5.00181133715701 0.708859542780277 5.88217715339998 12.5421631222620 7.63610800772278 4.23859184590821 4.60753007046473 -2.16857269146693 9.37014899007891 13.9754684651574 9.77774991991169 -0.559593210685651
-1.22291583519959 14.6591997366933 9.93333139533472 5.60695948039525 2.16324836718346 6.34214568625448 9.75530369357017 12.1406159532281 6.63401758191443 3.63863086152897 6.64098994980438 -1.29520883380496 16.8603445502929 7.95103699393318 10.7989348722683 4.74333825150497 3.47938230528377 4.19633131029655 6.61493552541159 -1.88882522170648 3.79413570387517
1.68580078398446 8.52936363416748 5.41907536372256 1.48596829472369 5.4710569027706 9.3206321046961 -0.0913298966080403 9.3005121858006 3.43651751371409 13.7687684779273 11.4126029048413 3.72157255220219 -0.157269170955830 20.9164592843352 -5.19429069411727 12.6496535497539 2.53894701692576 15.8603097533078 5.48717460577928 0.522545030434168 5.66150464420784
-1.00095765534503 2.11337712764438 2.02869433187228 8.26384735713743 14.6603610620253 4.39023103351735 11.3971417647595 5.56622392602631 1.77144993742269 4.26689476520147 9.7700096456589 0.885927032788366 12.4794800635130 9.3264444727813 10.4498388140053 10.8679153342368 1.77964313668683 13.4319935966476 -2.2432471187051 6.2186028139262 8.16373463785065
-0.756261518252538 2.04177922542119 9.55839025245234 3.81694351645623 11.9950501359448 1.42509923844990 8.19628851509914 7.9383833801029 -0.772648790520934 4.07483284246205 4.60602758702042 12.6723828905443 -0.563989398667656 8.53884178833043 13.9488483345174 1.03464214054991 6.98532398328638 16.4856753464816 6.87651733678488 2.36204664684524 3.35054028426772
0.62596008214643 10.3976357104125 9.46547689540386 10.3989488200248 3.76065757292788 12.2654583546308 11.5677707542546 4.65285776492412 4.41613252073725 3.93243124607334 8.19964493370427 7.26811307145775 8.4558555514653 -1.14678412899992 10.0307565246250 4.50999264607419 7.38960158478099 7.43241318654142 12.4861490389715 1.51200636822246 4.21695000667458
-2.58988579164473 5.96297250149393 2.43809319441714 2.65278316062711 6.80442566499915 2.89402615979194 6.07617316991189 -0.677363866782139 13.3810216857509 6.9721802312313 5.80015356628228 7.38037323412763 9.02051171917484 0.0826042827267406 8.68055756500597 -1.45537317776185 11.2796569263553 9.24796065685587 -1.20205194149289 9.85628881843352 13.1454004917763
-0.335013321524034 14.8389816736454 7.72199965883987 6.76220947953512 15.3519255033501 0.600737467193916 7.41507892584173 15.6984312821014 3.50973699401776 8.25698741717154 -0.591729171721715 10.3875544486968 4.69181979767426 16.5305869992437 -3.41442615603404 3.29190595506155 4.67939347750551 4.85566307839442 2.57702927426125 4.5193425057975 4.76970858926703
0.356698469274464 3.08133911719401 14.9372299845148 10.2177124918016 13.8023067311965 5.6829071073374 10.6340065616054 6.9750503812054 10.3774724698288 4.18064570983755 6.24514510622369 9.38198547043459 4.91243315252407 11.3085243940917 11.4958601531442 1.37008018166018 16.1403950452341 14.6177762161469 5.32111498381673 11.0944790838372 3.08861158501992
-0.888099561787633 6.17526990350598 11.4015300246854 14.6052380873679 0.194992024577528 9.79247556352766 15.5862084444248 4.9544394573419 10.9487548051457 8.45105270824849 8.48294896287337 -0.134541134912491 -1.02847925106347 5.96537871410311 6.7064201413831 5.25538321279392 11.8940867161593 10.4595094912440 7.72712766084962 12.4986870366521 -1.28400613532983
1.04660678854123 -0.662204288453297 8.48531188614282 4.42232504607619 -5.81578265332657 8.57657512023709 13.0007301415497 4.64261829079765 1.88712116909078 3.82772947900674 -4.47208083162881 7.02064543364731 9.98283966919212 -0.111062314462651 4.58115604583553 12.3271268462576 6.51266434308628 2.3289267274781 5.01409186405663 12.7098991662262 7.74821040592112
-0.656595856226528 -3.25807720516753 0.508202064523054 8.4614834214367 11.3852540063107 8.26151908796722 6.6671150780828 -0.540389080308181 5.20995202659061 20.9956109461887 0.496232893392224 6.74742915092828 22.3643923733099 2.70286451730351 8.10757816850496 1.30390578573247 8.37041783749835 -0.404938583405964 3.55663961013809 9.98333933938673 10.1043755374918
-0.213318079969103 5.62208676839465 8.09543421142457 9.76685703112175 4.28413964380954 8.69742732824394 -1.98432684057728 7.06903891479649 0.702776465554554 8.04100834502904 15.9411938214656 7.22022011821453 16.1485452140899 7.7620704092095 -1.73324265845083 3.6338223968417 8.67411060963505 6.17951072498353 9.90055896720328 1.8371830791901 1.04879347778616
0.230481757113338 3.05923690602540 5.6837457246175 4.77601569142744 1.98767639390188 10.0340404116998 4.40878892481033 2.70173300869314 10.9731061048335 -1.71776463698778 -3.21367612492268 15.0829882432133 -5.56931409009676 8.10486533314645 9.20014978239847 10.0750606143602 10.5613620171199 8.59155554932418 3.46435426565469 15.8551435224827 4.64646361316486
-0.480849775995596 -0.235342716106414 1.46340535518514 11.5488736124708 7.35361442247269 6.03858362957373 0.398842217027811 9.99032792769757 -0.0569474174931527 4.95811834308803 18.7585960535849 0.193824546001249 6.13520935022123 10.4075118584717 5.11038716385824 15.9272485730253 15.2226839037558 11.1872763455456 12.1504433879452 7.4438233654091 7.04239995077806
0.433825487956123 9.6239814488785 15.8675079916743 8.87752747314047 3.92098078699354 9.3233203531903 9.93124937301293 18.6490674196455 3.53573631045078 7.09993048089897 3.61211194867532 9.23846548773982 4.64026009101201 5.80332280337373 3.65233082728639 1.84119543487204 9.86723844760872 0.635739130655601 1.08860155235999 22.1659629290652 4.24511307939605
0.407451137773459 11.0894344517741 4.52049092755601 -0.799052636712255 1.93415697346981 14.0067306065993 -0.272375189046423 18.5788946771155 0.207136585285347 3.09362850190080 15.8698476857147 2.509243618876 8.2890567369253 7.56492501887052 7.23011968693026 3.62325273343331 0.886484080561206 2.37503715887528 1.08388309001472 6.35359740819474 12.9265111521254
-0.626474416388065 -4.81457117772739 12.7871721050555 2.29623775092754 4.97591737328663 2.94946511693695 12.1417762327475 11.6961532540447 -0.00608229974451494 -0.061365004087236 4.17293329354458 6.80283088308936 4.94006466936866 17.5992853588523 0.691476833603782 8.18232749704085 6.49693156917603 11.2897768976458 10.2115561577197 14.1362207432548 2.32090799455948
-0.256640246836235 3.66041260352923 9.13836590707211 3.43480716853115 3.26843339388569 7.05176813338072 8.72273864521243 3.02153688793743 10.0921361271276 -2.36849116527741 0.649520230703249 9.40478460621092 3.35336379540896 12.5696262888225 1.48615351657210 9.97978583637335 1.02805236287339 0.197565869806981 10.1540743210511 13.1072112901377 6.14171261018014
-0.0986585373929904 0.940824488303995 4.25850429089102 6.6930671569806 12.4439293289830 6.82369886656459 2.16974613036364 6.25259078341198 5.97786002800899 10.6984694534638 -0.543125949861285 9.27888981081328 -4.99748204863103 1.66394781940989 0.740246624001955 3.58758901906961 10.5898960653980 -3.05151934243569 1.31679947637482 8.54591151255103 5.66473677251656
-1.91929007725544 8.24068764436188 2.35659623180067 -0.738875023858821 8.69013955894202 13.2134445123085 15.0522025533552 11.0063736620770 12.1805741246699 0.490267067281869 8.89869333155035 8.0191730352015 4.86483193021145 6.12065878475474 7.43109938818268 1.94209970653469 0.804619460245904 8.33688367822954 5.64643567454508 8.45193497430252 3.00464267941908
0.472758226516899 10.3730138548727 3.10295339964167 8.5025254435857 3.77980267219175 11.9839285247546 3.43535004739938 6.06288210926261 2.26659345938433 9.89368713355692 5.86461581532013 5.95421116803983 10.0254151587080 9.5265514160147 3.57977904573113 5.23297199768722 3.25108506007881 12.8719483671100 5.59361743930742 3.96933685326554 8.13857314811925
-0.351860757810964 4.88560269770527 12.3506730897141 0.0208221332072125 6.78995485793467 6.16910373202074 8.73497382677584 11.1596361396947 10.6375113919072 0.417578561423276 4.81380568391578 1.8787673139843 5.6922917791353 18.6517227824666 13.2789551664604 9.34909306926955 14.1049975061101 6.40802215070688 -5.11584872524578 2.26564386347334 3.95240424167921
1.6377620424169 1.54352255711933 3.32475921076052 0.372492713950571 3.18240755569988 15.8977028160647 -1.96038459801939 -4.35378246355196 14.2792264360263 7.98874350265708 7.53774938936827 9.36041230130558 9.2875714370779 9.87120996020406 8.14722212047912 8.68857511125175 7.69877786852987 3.86852402154158 13.7911386945192 2.41352113877907 13.4383234346916
-0.555108001903451 1.66790298472153 0.562869875763794 5.09139372254956 7.91696902973415 17.5151444727144 8.85076912229664 6.63408249103708 7.93729192154259 1.12073901845353 5.71460701397051 2.26912031128514 5.15840913929799 2.19860656779592 3.03569763348204 7.15116380312515 6.84800294580734 3.20998570084044 1.77864944859257 6.30857731753013 3.60926708476601
0.144808731814066 17.0934091763847 -2.33629284525669 6.93068544220806 5.61090325281874 11.1416165898613 3.99670565489266 10.3482516072967 4.38822624900297 2.23846264989605 4.26885485698364 1.70469407779452 13.0754714602155 -1.7050540111126 4.42532060023319 5.70706839263352 2.6042227900189 7.04502216460829 -3.84987861268232 8.08772071284699 3.79440138357818
-0.899763268801792 8.00197270790763 5.83197098923569 -4.01688998517112 13.3718106329508 14.4261487329718 7.99317254639374 8.37160654391418 3.37457643718585 2.08019767779622 -0.76310913503637 5.2303060291677 2.55664542143911 4.64558327015938 3.57038373931341 10.2787469658164 14.8768158627035 13.1077318678256 11.7849918497841 2.09384211107494 7.26758146853138
-1.1524423155274 4.91125657333332 4.09952815910235 1.28089134912635 3.84628830867604 5.52596746007537 1.73641344570048 -1.10754208337845 15.8648231595389 3.81976161539148 3.66209819236214 5.63661713164859 9.2742030739484 3.96922106492769 7.62839829709682 1.33189754883922 13.0571100712316 2.97169078045138 8.4986536191609 -3.31753896906493 8.5442247105635
-0.597875338277922 0.59319258482215 -2.88818827015784 -0.814310009448757 9.5048969393453 -8.35204880359626 5.87603236311504 10.1039069427908 1.86634526680812 -0.000826728688764384 2.75349634078263 -3.11065047302983 11.8721960213864 -0.578589294399347 4.44896956832903 7.16045210953496 8.18520437354146 1.71317495109656 -0.788631762881987 5.4298493185211 0.398350242663876
-1.20978334778675 2.86422419660721 1.83491192708158 7.44317177157427 10.6926163697507 11.2482501454317 1.12612040470005 6.51302521672043 4.97002146610167 2.8856868460973 13.0974353070246 5.27403019020232 7.72391737857264 4.99943670809306 -2.21400720455277 8.39065906471289 10.1139614567694 9.05369411034672 10.5539421326186 2.43298191682765 7.57563559551956
0.637385724264255 3.77068826907531 7.81484245383461 12.6817557882675 5.73260847654865 11.7953027619910 10.0434466505497 1.41448822309344 0.946827011402837 15.2329273122988 6.63279085348268 8.6463133752663 9.97866672451513 6.4104677435543 5.22299343322349 -3.25416419766578 5.81473799594944 5.10076410986945 6.742240401018 8.82640421782216 2.75775702903531
0.583848553931105 9.61274161186583 12.8415314014829 10.2281262066301 8.96230523251728 1.22742574284009 12.9526404073055 9.32021295026118 11.9841684597443 8.17099884181198 -2.40015863204609 7.14387718682111 4.08001371234673 -2.46741801353373 4.74614882702477 3.7329997387962 14.0842468039306 9.8701757014909 10.4105807809411 3.92128414250145 8.91381439614972
0.27857004584195 10.2987910793755 11.6203170158825 4.96346867148508 1.07871679481018 15.3253808702667 6.52796366944233 6.75540148010373 8.83285708960177 15.0970212631048 6.92028162066439 11.8613772006977 1.81670529639489 0.0515119848337955 11.7998122912840 11.0657250858547 6.08606226550435 -0.685602256163219 9.68720774382502 5.15000415510270 10.9586640455425
-2.08313853287355 7.41799011571127 2.77268005093847 7.07279357812712 1.54460774902303 6.65805267662893 1.96052775984039 7.01054030363813 6.84137573154451 7.0484852592625 -4.61724761366864 2.7875500160141 -2.06713376720324 7.86353451165974 12.3616101507732 10.1951373515821 8.418421442347 2.33390161126086 10.7378990279709 5.39091651687499 -2.22517611951357
0.116162065654757 -1.54474995149650 13.3509041881664 6.94263889721617 12.3393395647632 10.5858909870695 13.1076633924354 7.3816275013707 -6.47289360294085 2.96029273899734 2.7409169201182 7.86411645064029 11.2416129046180 0.644039542822669 -1.41721292724621 5.37051174603558 2.13246461592048 8.69514940479605 8.32728923386456 9.20660157215728 9.0439613925103
-0.601092943599964 4.93128005583786 8.62823642194588 -4.24501367677371 4.46979286924549 3.94614102965071 1.41692028720435 1.10984329226728 7.13584881302903 1.51391284926160 2.22772559096071 6.18397017347474 0.178296162709102 9.77584029498956 -5.40501766768517 7.76455125194682 -2.90199495002596 10.4931138973696 8.951221897445 8.78066431285482 7.97128519905162
-0.9561762852151 4.44093482730444 15.7836740911893 10.1379635574534 3.65855700514235 0.187877136198889 5.49794094443839 6.10045020068721 0.346079730194449 -1.26805501060693 2.87054681197344 8.15647767638675 0.252353407883984 3.28755567302553 1.01899429694335 6.82214627955377 6.75557502687508 4.15588954360687 4.98873644755477 11.3763550462968 2.71231939587369
-1.05056047529497 3.44147836736962 8.68677875959091 4.70067497810446 1.55446268337499 3.93590607050534 7.8034258207734 4.02025802635072 3.13883282349304 4.36047385890631 9.56890138506466 0.288454895042136 5.92947558227223 5.45474757488811 8.2042288875343 -0.31765254406825 3.0491743832714 15.6991080482978 4.42728234544197 3.98886653559233 8.78016907806931
1.75807402340887 6.62481126090727 2.18845365801608 3.40502409089635 5.71180975405224 -8.5707495949415 -1.00064039921558 1.97050856178954 -1.29053665110681 5.36078185251963 7.25207822176694 8.65076104710582 10.9096860523380 -0.153280980694921 8.12476297933921 13.0971266739324 5.74620216489472 6.12989811410345 1.45070897060568 9.14301704903938 3.76649555822778
-0.323801978440453 8.17472476768489 8.32030609669727 7.67573406430859 1.75457620951936 8.63202950033839 11.1665495232435 11.3940539413897 -2.62502725694792 13.2216276879386 2.15016969365705 -1.68167262462716 9.07656121797986 -5.40986274969241 14.8494794502553 1.30472677581676 0.805558871805607 7.0162450809779 4.96332072648169 6.58313916906798 0.857809608352873
-0.805390831505245 11.5275319308482 6.11439412134936 6.02383834105117 4.12076969369204 -0.54240440662356 2.80575172936795 -1.75016889758793 3.48609046392627 3.59095210191097 10.5856344024054 17.5726247144805 4.69479884239744 3.31537830797941 4.27844989211855 8.82717317236044 -0.860767553182366 10.5098257598659 8.20985822992047 13.1763075647052 -1.35193738346225
-0.741255853862865 -1.74292074790991 -6.97104103377135 -2.36586282440992 12.6021442982019 9.0269179994452 0.717529775219318 1.50347004664205 7.10591250935958 4.69784603167764 0.00321176054517917 5.49337541791073 8.20990530291601 1.56365914761261 8.26782960013572 7.57065132967943 1.13304648720272 1.83918458367375 13.3694773572488 11.6315676383567 4.81406330427591
1.24906634634417 1.17610953649937 -1.99139619707257 12.6925350345876 5.529513211257 4.11377259407094 12.3507010113372 5.74900357755662 11.6210685536946 10.4787190113827 2.99998491748575 10.4851500446395 13.1205808960605 -0.0165541366896171 3.90065499155878 1.43746491426679 8.50750166556485 12.0926916329111 -0.213712637267269 7.13234885051575 13.5737256315666
-0.735705701619341 1.63524111807286 12.7964448292718 10.7524274120682 1.13062800226847 4.91348687578023 16.6198030636198 17.9319407351298 1.41257109194279 1.86624058718536 15.0727394702271 8.1808903881294 5.17102267293687 9.76551630749508 6.68045061752971 4.07118658015188 14.8902824020297 -0.311514267938505 11.3538644031738 10.6232387511366 1.48803443879311
0.915585760805945 3.09963905493382 5.14360656633306 -4.35221063320956 3.9122060750808 16.2533675049041 -1.82802154094349 14.3859364707221 13.0908964026212 5.7981020762464 6.34844173248347 3.21323651463816 1.52405666008066 4.1004106043954 -0.863385816596275 1.60267131237692 5.24355977166675 3.39785640197798 -2.70013006991304 0.486206909459725 7.71052745589686
-0.248641553523762 6.87130911192967 7.05313909903237 -6.57351482731559 -1.22660965273202 -0.115501981538920 7.59309722073671 4.9585327382503 0.239251460408281 7.05692105912931 1.481618925894 3.36301369537194 5.55294615794735 6.63077367442746 1.84791400109400 -1.18027536535932 9.4904815047855 9.0162629428913 8.06960574242602 8.56857056899057 -1.38923753374180
-0.467289671250035 3.63973072963922 9.27610589670187 9.70249802596501 0.463499470576952 3.70785100653275 9.72260409069853 6.08671750296499 15.8195606414986 2.62424285663546 5.9266392810166 1.34984052632829 4.78329557393131 -2.45819247914689 3.58026516577488 5.77968194798575 6.63391280708913 1.71378505233358 6.68062222013095 16.5470661071578 0.79209027024353
0.780494080845802 -1.3604053680397 -4.64851731262666 4.22745157234586 11.6424717340045 2.96561229105971 4.84806136649254 11.5542901824418 6.99144114613815 9.78400601577418 12.714427945812 4.980212887687 11.9300582409106 0.487496926300687 4.24510224421128 8.4989493036156 4.65533709538789 9.96835626925812 6.68235231956311 0.423052448743359 5.07562376326732
-0.520148164919409 7.83692685735106 8.49184476592835 8.90782418239143 10.9418794331603 11.9931151090977 5.76971693578208 4.99337380305157 5.4752949488086 2.13648632164487 -2.64302248920510 5.83007842478305 9.23819882969643 6.96228064841916 7.5972701863876 -2.99407938437868 2.27396338397513 -1.44425687844701 9.96045780025874 3.50197779317445 0.704694982240919
-1.94832391039505 16.4816252533231 -0.715624158158328 12.2538060849246 -4.61436748017833 12.8628194901115 8.21924907086192 17.2720224336227 8.4176782288732 5.52571235576433 3.89817309923633 -1.57284612127213 5.60369211005257 10.0103331128470 15.0349432622457 12.8969032792660 5.22977997350584 12.9600902594634 3.53580998092454 9.64382218115159 9.68195249382913
0.932245105735085 6.81278764411754 8.09742169451297 7.33522044707938 1.74374197911103 13.2463709805239 4.62614805703875 5.47054199109839 7.75703398214507 2.04212053175646 -3.22249412566886 -2.91901486858696 5.65971293037163 17.8795443327284 8.73287412746502 8.94463118648458 4.35032298173024 13.7355630658771 5.88036715024679 13.2996785468569 10.4061117509456
-1.53767245384534 9.9488304728856 10.4409412689588 3.10681492009594 8.51898979021485 -7.3668916322071 2.07754706141297 1.81126776961639 4.70087451940031 12.0457619062803 1.99134880889613 9.83546718255125 -2.96989072591019 -3.64646652828036 0.561072123511666 2.84894687376538 -2.76869964578691 6.31891321662084 6.17279815501260 0.837225399292349 3.80004451952407
0.834844336471207 5.69688109487149 -3.12867583704513 5.3019141666788 -0.646085669688891 14.2518406292675 5.60868304253345 8.14584595432917 2.96989436627728 4.47775943373914 8.77846277580714 10.0686267033662 11.392031966414 5.99151772471474 3.13064477194483 -3.62111442834888 3.98166804200608 4.71154711153014 -4.67374522474132 5.42700602201808 9.75555883386504
-0.780705834941812 4.04776493275693 15.0289717710478 13.9084107312359 7.34465620110488 4.92965951544743 17.3792330903543 7.85954664919395 3.82363945544163 9.53532588739727 0.118843081371613 5.07110974509239 3.53225209739818 11.2536419634865 -0.137140172331169 11.9467693305478 8.84387878541597 13.8398768229914 8.87887926522538 1.51675770682605 -0.0462284595882017
-2.98866462489794 -2.81645041263515 3.52587725417014 11.9663198934274 -8.33451081373322 1.77862734157017 7.27236286818457 4.42058841596355 4.86121090072211 7.94680010835371 9.4598707135395 15.053445592527 -0.361190117121734 3.60817568258766 5.64889759245339 3.31519422148884 8.56067701828924 5.62473672981117 7.97192943480621 5.94301745293336 5.44757000092793
0.433766561912975 3.04881029958752 -0.0333144923084336 1.24539274637345 -1.30808775144922 -1.48084904680073 6.82802425453725 12.8434585902025 10.2181989727323 -4.72950252710549 6.8941319796935 5.15168646631837 6.89848241802474 -3.79852095000834 8.74346274488365 5.81580948694426 7.25057089321781 11.1727351978855 22.6583397438577 2.91806572517072 -0.398833559742384
-2.06522481459973 8.18548101227698 -2.33413738350859 6.18130680259873 12.3672014611245 0.528543571235644 13.1412361730795 4.00702838641449 10.2573165228055 16.4196267178326 7.1599004004062 -0.870876929906807 4.04734460852235 2.68562697807856 -2.44988680114029 8.53529633126776 10.1478276103953 6.18820024219155 4.35163657736188 -0.315239926256695 -1.06077943201638
-0.873395134485796 -1.76525102009720 5.35118244515805 7.7912668374999 12.8070427542065 4.15569576521424 4.01272189544928 14.9755973874574 1.76410014652235 13.9707944506115 4.25549983560399 7.18790160852958 5.72041831058351 5.75948185361247 5.41101125234701 8.71338705820185 -7.70522979185183 3.07803697831054 4.46653779657995 19.5256960869709 3.77463039355003
-0.970767320202583 7.5783982751552 2.03854650444568 12.6643883097021 7.90751719532207 0.361977436695897 0.799837102479465 2.86230550259522 5.8923791356532 4.01898851091746 9.18564987993951 4.31098996083178 5.27806544763772 11.2137238449505 3.55577087657901 9.74510820846568 -6.77502210302774 10.7031599660559 6.2926478521897 -1.75151575048979 11.8544861734600
0.0729684860296047 9.90513619737876 4.46721751196141 5.42556413527925 5.81820636484925 2.05103849562169 -8.23389278757581 0.611796311569732 3.60079187415133 4.63305579219413 -0.0408529651248784 -2.48294569425306 -0.437891706951479 3.80032395945128 5.70313671232364 17.6696182235124 8.26020099631865 5.47006485610493 3.31425845648019 -0.0597399375148705 4.78854911529138
2.09090430893527 9.4718264892299 -1.74255584891716 10.6865926125604 4.07541870592762 13.3607978935096 4.71965249150913 10.7042894414747 7.58180559890793 -0.0409936238950244 0.680789620204616 -1.61118776957724 2.80871736521207 9.47387230879774 6.32839783073655 3.04366758669201 9.82587594209232 5.34991324821974 8.24149683936828 21.0385114190059 0.138564713411109
0.3036913030732 5.10736508693091 5.42169803417343 4.95404797328458 8.15854851054697 2.95767032729707 10.4460317949796 11.6144317771559 5.88769204649999 -2.16886498374578 0.492249738340599 -2.13459167007300 -2.16805118891925 7.4938706328637 8.70649017925022 9.15841228543952 6.83666694126948 12.1303666986434 1.36373362794536 11.1935750757305 0.464155712786262
1.04424396952685 7.27987485681857 9.08528555467646 9.62609722004027 -5.92078830791334 4.28967931832042 10.9122658043749 7.89577698685771 11.7907163985811 0.00567737406500864 11.3828236153127 4.75740904725694 2.56148051075164 7.0426064495282 10.6719803108177 5.13393862211961 8.64283421381805 5.97336887819236 13.7988917944142 15.5724648004789 5.18899856328405
-1.47190338250702 9.01068100085297 6.54897137612886 5.09833101797112 3.10047939778873 9.07453358345665 -1.72275592949678 9.49266707110965 9.34122277587635 -0.367075591296125 10.4113016569272 8.52053561631017 9.07740879556948 9.44814405602372 -0.430278020401703 7.37140432622815 3.43334819560848 -0.5150003021096 1.29869170030212 2.09933871433153 10.6984969773536
0.83728816054923 12.7423112405481 5.28950379039097 7.51992708368625 5.24394935209863 5.07730164418284 15.6916333286779 -2.05891813791583 14.4516381751163 10.1825571247519 11.5303542942581 10.5627871565776 4.65122335322183 6.84147181053418 4.41277746949831 -0.945437110972798 0.628365779444197 12.5101435829333 8.36351367257055 0.364928758390554 6.11632465957071
-1.12497097782634 6.97629026325644 9.74695499739587 -3.79715231745199 5.12445553963299 7.1093923089456 7.36780495941083 10.6801578417629 10.7122465335356 11.6393572008690 5.70238225971145 4.68493946737966 1.01319878372648 6.01696967858755 1.03865855420652 4.29330856618092 2.88093217683500 18.6811081917855 -0.0277039124366701 17.5429669579649 1.7003239746117
0.933055237219588 6.53997009606039 3.47481345784283 7.35259971428926 5.4470382967557 5.63887349461228 5.24926342911919 10.9053430817089 6.88649720593573 10.9803767988046 2.19288876040581 8.2601880932973 -5.12804188586599 4.59590174402741 1.74269463675355 2.63760990542400 9.2560239225564 -0.03288182165757 5.91041386836634 1.18911198430301 6.9510887491134
0.202576189572692 12.4122889922469 -0.364456692695634 5.80558786450367 5.3455612504067 17.4451420026644 4.40405878107013 9.91011825530785 5.32260336793269 9.81915423036464 -1.14990772618310 13.1486927114936 3.03259945321662 7.72360793640003 3.1354034791863 -0.67899937914206 7.0939076881457 1.39788160777867 9.01559707690319 17.2368496553257 3.58263132181402
-0.43874883622307 11.8469925968745 -3.28267583092323 4.14967736888888 5.38076835213031 7.54668664151929 6.46032402678896 -0.857640345047572 9.97743687129147 7.55626101712821 15.1715903488225 3.81834063023929 3.85703652608499 6.28715640604974 1.09330217770869 1.65918963640957 4.71439335109773 11.8160038625437 -0.452066870273562 4.46577782138181 9.99592312535607
-0.982508729310142 14.1656926701703 10.8338911350863 13.8078623114911 -2.31837304408269 13.7507093547198 -2.81668965733929 13.4809155181835 13.9139264822316 17.7743843936656 -3.16429037871928 -7.36452127952973 9.01943670929997 1.43613320520912 2.43579824722858 -3.07423860445516 4.38656598634412 16.1779229863679 0.530680077201538 8.8146733001582 5.5710378234898
-0.619929502783261 -4.20969592385324 9.5049383825919 -0.849447902931425 6.69705471400841 10.2518349286088 -0.0834277576813331 5.22097398274269 10.881153766991 6.97824166031655 -5.69275082586886 10.7895504622796 8.38933951315291 9.66786681821835 2.77034458448089 4.37609430128991 4.15806423103736 10.1587950127866 4.79388408128509 5.1127999071281 -1.6316798182979
0.393680397180593 -2.05424005403755 -3.51799028284460 2.29086638769805 -4.20228923078268 0.083158567228032 2.73300071219111 4.09358024090507 5.06746278570079 4.71606448133067 4.95256789813888 12.9073876648732 7.40294525878137 4.6999309747523 1.86702654352057 -9.44278290285038 -8.5506817798798 1.80708085733722 9.96445788498544 1.12098306638202 -10.0697109614505
-0.360442810284895 13.3103728387533 5.76532466402211 8.66709636139385 7.74870228356663 6.12142039621621 17.7628518546562 17.4633057248219 8.19287861369817 3.26891298103941 4.50029869595479 2.28117724179048 14.6208590442997 2.67934364928841 12.2435082432750 5.13417697245118 -2.53340616461224 3.49318204925335 5.31467906638960 2.31941833610229 2.21886758705274
0.242646298425938 -0.355796374754622 2.24854959086005 18.1344307842933 8.42113092167182 4.81459753737776 5.81842410708896 5.56925995293875 3.75744010834664 5.04093058323207 10.9867032955621 -2.01235978960934 0.375510404705586 -0.0319372938760791 9.28689468200387 -1.24124755031743 4.11314487031691 10.046334919604 9.00925936082971 6.53670257444198 1.53890114089838
-1.31510772726344 6.95152400148352 5.71837777834923 1.57317677446714 5.00564210890221 -1.11238014394060 13.7957984261506 4.88767955430307 4.90820474175324 6.06640608847418 7.20751677744318 3.81663164308291 16.5090797248528 3.13880158242876 5.23106448486092 2.58824266110685 2.12735736263731 3.26257093799608 4.67629558209574 4.18276222069542 -1.25708941493402
0.729880739664469 -3.85690602303269 1.78977644076938 2.68968503042048 13.0602910515006 8.12850199229286 -3.69858113529136 5.04798559890512 11.2415136437158 6.91985196499107 6.30749838431916 6.88350042768059 9.1627412310067 -3.15787996578928 9.87721955776046 4.57698393206698 12.8970542041855 7.28433582274166 9.59323062152855 -5.25807842077668 13.2443995126750
