"X" "1" "2" "3" "4" "5" "6" "7" "8" "9" "10" "11" "12" "13" "14" "15" "16" "17" "18" "19" "20"
-0.4449882047534 19.5299454043065 -0.270044880985221 -17.2866453419995 -9.43332517764057 -16.929216751911 14.9496061367907 -7.14656896720367 -18.8573843226686 3.63947636255441 -0.077708106569009 14.4127972667081 10.0106754634686 1.62332623172154 6.26315274057654 -4.68246251792645 -3.33903440034032 -21.0945949228117 13.1383942435673 -7.57111267862222 -1.95032956204829
0.386415940320485 33.033340500719 -8.00203161720191 -16.3791376224530 1.74632622817059 -8.55796019870636 -2.62877812478387 11.9176389816456 -3.46237234077195 14.0927465811017 25.4807367542191 15.4493433149781 -5.32347881171237 4.40434924430179 20.5191650218981 12.1321934466273 36.3934801847140 -2.51425520658992 -1.17722727225953 37.222338642124 6.8450923223286
-2.08414104812651 23.0774677636902 -8.39923728402151 24.8663739649753 8.44201333530219 -17.2490403242658 11.4727902365699 12.1480591287212 -1.41876685204673 5.84201995179727 6.85103096915104 21.7932751591387 8.01609558677194 45.5466458241514 -1.49890832523513 24.1394428100058 -7.83752795323782 11.4368507160216 10.5909810985324 3.78288411342687 -34.7372208786567
-1.61354498889191 3.26740531648478 -15.4049354167501 15.6671887501957 -0.778132857606487 4.00316862154328 32.7009129449605 -16.8912327485628 6.48170406279148 4.12105937882388 12.8099677277012 4.32284388477212 -14.5527151882880 32.1702243945830 -12.5087717677163 15.8862751880242 -7.7716328750728 24.7686348946751 6.24770666942348 6.46861726529415 12.5078849957745
1.00361047045881 22.1428766731355 3.84331018434999 -1.67445493583022 12.8860979909561 8.93041058132822 -8.39553653900539 37.6924521497845 -18.0045237075324 4.84340340650765 -21.1856481856823 11.7275145299813 -12.5565255931947 19.2518332002193 0.229945675937196 0.829411188015116 8.43350169052616 -0.379884286566138 5.1312808001936 -12.9612442124857 -2.37866393807168
0.960242328023518 16.8849806784228 4.74033265986064 0.203244570051839 18.6428964668899 0.536262878985546 18.2863019366887 35.5374563548708 1.25017611551083 1.27131916072018 -0.547261221030058 32.3586242302242 -8.66045742103196 23.9092475865824 -2.3765111641023 3.19958498945432 10.0929615494735 -18.5002286955913 12.9152669864421 33.5447225860896 -13.5021021647347
-0.745499728030379 38.1652037631245 3.41513442123334 -4.35387078022209 -10.4565320476489 26.6141362175044 11.4004997440855 -14.8739653663794 14.3047118065661 0.710054532146832 13.6253583213935 17.2435736331936 -3.87512936517598 4.00322869817037 -2.63884076397510 -12.3718380105910 13.0157105772717 -10.264943805335 -22.9115740135568 1.63253411015624 -21.1934243277811
1.91797646132023 18.8588276015606 14.5440068563234 -2.7622054307526 11.5349610938455 6.19477075341738 -8.54386731059358 -0.515877874746474 -4.77420050686373 4.66223228715938 -18.2348021618966 24.7231133795315 -23.8649985007371 13.4891393805257 -3.18874279079228 -7.30694379102307 17.8990766618205 -1.85862736971977 28.4912518912573 39.6012789097389 37.4633278625629
0.352148904939953 -0.242942361972620 22.7413852616287 7.80638193682556 15.3024388276257 3.99577944338019 9.05500049286828 -4.34288600194625 18.4150196773847 23.2614237490761 -10.9744261268682 20.9865159631790 -3.70095734836403 -20.8049094199952 11.7150141733399 -4.36793914499115 -6.56684797490798 2.14639062715481 12.2436373915847 21.3215002600201 -7.90090423046726
-1.31490671740843 6.1917273917445 -13.3825657159659 5.42490871533172 19.2044671869485 -8.24932908083671 15.0114235349346 30.9692937557090 4.64162760962006 21.5881338208572 -4.92216672641293 -1.79729589749689 3.12267220375868 -27.5236367850025 -8.20612490436878 -0.022828256513674 32.2221589030144 7.61161904676836 7.43482838270334 -5.76069729430028 16.5391762307667
-0.526895919372537 29.1535285581586 6.02481378485646 -1.47793618798761 2.60909288286545 9.00524103752345 18.7566360136681 18.7353671740418 19.3915848146958 -11.9877711355949 7.51551239178177 2.93129094392103 -11.7203342015913 13.0087075928031 -5.22435158490362 11.8686166389456 -1.11471863375920 -8.84203478800931 18.9125747746455 20.6964298392991 25.3366084660801
0.585579615597443 7.91284819602068 15.5630920359804 9.78349881050605 -11.4953952881472 -8.78848397334038 -8.47319951423831 12.9741775197890 -11.4202421817844 6.03639314438064 -6.44897124929028 3.24351335459357 8.86556536416486 6.62737328684517 19.5265415492624 -13.7809387085244 13.6467093241700 -15.1885616064002 7.93532254529966 -5.35870638494108 3.04551606166408
1.15739416520475 -14.2911741828261 -12.5549359130121 -6.30429483561525 -7.72101674689821 -24.1388705702237 2.53135912420002 -10.8479543700138 -6.4538065185401 9.9699539481451 15.9664813328317 -8.89449973088533 -19.3779503890326 5.52830110421207 8.90431467805182 -10.4324684232862 9.66221317600098 -11.5663172823265 8.12738608201452 4.90775084694963 15.9753035435027
-0.820267517120098 3.95049344221341 -15.1750825791850 15.8265747734636 -1.71554841015931 -4.40683434882589 9.55677230347212 -17.7512836751431 23.4306976215169 -24.3095534120713 -19.6264720191966 0.710489526052244 -3.40476197531303 -9.09143255282744 1.13091826984348 22.3126302786414 14.8278848094534 21.4945920498162 -2.01216062077815 7.82297215868891 -1.50510519460888
-0.0218876389113601 21.2605624356225 -2.54906331977773 14.0471752799124 12.9037923460744 20.5479055125284 10.6766607189588 -8.71156271688089 19.9127998255177 -1.19858774083201 -2.77061488625019 -0.972702550614125 -2.65634261889436 -9.35708702858883 -4.75503050136433 15.4222893914764 28.6160673268214 16.1761074256978 20.8157550523001 5.35816607527892 23.5084319130247
0.273570594177009 -2.48512826832926 2.90773157596144 4.5658096438812 4.38006480460948 -2.00492659697679 8.72446584428884 9.86439593511145 -16.7478396773919 21.7356364754787 6.67473179643432 13.3935028968854 -0.855132940159996 -20.6319893423386 -10.2920512214036 4.78192690671225 37.1071756209874 0.5412541599871 0.285182148165178 0.834583897917797 -20.0756224795649
0.161806665786798 2.02811855269447 10.9693671969878 4.70736456631003 20.5762985342090 1.33414035648155 22.1509071467578 -1.41417046736725 6.47824099722017 3.30849465701212 2.55381667088446 29.7590814494127 22.7346914401196 1.02454383136298 26.6578420964711 28.5612660296025 16.5093999643734 11.2998292318485 10.7559491851852 -9.06174855010534 13.1569713605652
0.544138484080667 6.57945367008115 18.6890975199937 4.17213101464742 13.3157380649287 -7.30270068122714 -2.32006643486898 -16.7205787927528 28.4825856011639 10.6290398842907 -18.9277255739218 -23.2258791651999 23.3062995797827 20.8512852626786 27.4498377663329 -2.14550285193094 -16.266650887052 3.7166786530119 5.39910630868937 -7.07909504099679 11.7650277745663
0.987319692312166 27.7868531869455 3.44799400449403 -0.474831012883902 6.41740971779574 12.0031860375770 7.6248958383745 22.1042891543732 4.86596355064489 4.95389980676342 14.2545088946173 18.8851441340176 8.3624345223778 5.43689369328634 18.1319895716473 -0.276394225722614 10.2776191758293 5.46157555682856 38.3777746483152 9.99763639257494 26.1996315471881
0.908401784512838 20.5450589908823 21.4555689419568 18.2533186714075 6.71950895663062 18.8598771333863 6.48390189865745 -0.0401954631699235 2.89796972916285 -6.16733871655895 -6.56082918218731 23.6198630399601 12.6737805451632 5.02110564454581 8.25001635654126 5.34353719496826 14.9019770894962 -0.288385538822138 27.6790813863924 -9.74770024401338 0.787957520059366
-0.958328808505945 -3.45530342806464 7.23578290589925 27.902095889942 23.140620195218 -4.707338824087 16.4367897878409 29.6812435553347 0.607704111294404 -16.2719003369711 14.9614822988617 -0.670266541235853 16.0089669490409 -8.17049439785233 4.33019372952483 23.8110254539277 -3.55023961051455 4.42124670033140 -1.77991027065493 -6.03280194366356 21.8338186598710
0.580555884933545 20.5228865464626 24.5705128204044 -18.1934647212943 29.4121788514130 16.8402743421096 3.12094040598499 21.5174132805405 5.18704965865109 5.34306968646423 14.5129222905543 26.9536153225826 24.206729549961 4.22347333173875 11.1579212626162 8.28215245988763 5.23189743937596 1.27271054660368 15.5970280251189 -6.19816927845609 22.6143563553539
-0.0839784164157153 -20.3431782014152 -9.46741948074246 -5.57930869010125 29.1869942175736 13.8134888164390 2.05432052011392 7.39278562182936 -2.952754377181 -14.3374513593877 -5.44010971715079 14.7994249278717 -0.038346701971859 -7.55359365338004 12.3570567473975 4.97850418270355 12.9664152642671 14.5276972181064 -3.9118071607898 14.6260127576675 9.6273138498495
-0.247984735682423 15.5875847295824 -10.7777144941758 -3.31504737447294 0.918038943964967 -7.8853967071581 8.58794440472148 -2.42280199877298 16.9932356419944 -15.9175439403597 -5.48267088967084 -8.12153222607052 23.1724162060351 18.8750250153294 8.90410996724016 -8.24837415137829 2.08276394734474 15.3403070360294 12.23981315486 -2.4212586373274 -17.2213337166343
-0.593255196764499 28.0180292951512 3.42280118399165 10.0368435944274 12.8558982385037 -4.66037487785792 9.3912366189037 -6.06023296693763 -5.29395862848374 4.65880505485391 33.9905194104232 7.38428252951757 -6.11157253825183 19.0745372428631 15.5941470937534 -4.96353387390648 4.44381835581444 -1.09062744507381 14.5007373597777 -15.1510910408623 25.8705015982601
-1.22291583519959 10.7311395286055 6.03403696752589 11.9838850331111 -21.1846832699182 5.84574956962822 -6.46219131688928 -17.6708140133474 21.9925384595899 4.89362041466589 25.5469751636867 8.4228324875859 4.15480429373751 10.0983150200208 11.7743388276512 11.7526484220699 0.372114524765194 -20.5306932274211 25.0535800059767 -9.9639763706545 -6.53823747419741
1.68580078398446 -9.40323804591123 2.01780165799108 11.9552221819056 22.8213802814487 4.94204857382368 -2.86771595414778 13.6915367049432 6.69425267623818 -0.0195665326016292 11.2228190902193 6.29262809589123 -33.6258937613338 -3.4691056773007 9.71263405189949 24.9913786404939 -8.1695275001048 0.524963101784171 4.74477411839398 -0.000173642557364257 -13.3080164170655
-1.00095765534503 9.5189805498136 14.7376890727989 23.0252487276545 -13.0184354107135 -5.93463301383912 39.1285822722395 -1.12030854534385 -1.29918744672708 -11.1587868259014 7.63509253723332 -8.34605788790147 -8.026414873357 10.8261826077823 -6.80483424520095 8.56509241512314 -8.92213314623277 -4.02143574123322 1.49926882622270 -7.2752049365045 7.3612598137054
-0.756261518252538 13.3013194776248 10.5649828503578 -16.3914536194674 24.5156337765585 2.31793579394872 8.75601771983063 1.40155413283256 10.2389240791075 -6.51565601916814 13.1585890054481 13.3478651518142 9.74593109145474 26.7102128684272 9.3064337044892 1.41053224683299 11.3078582068083 23.1345547142447 -16.7127687277900 7.81692487058349 3.72421860847913
0.62596008214643 28.2109370271019 13.8006954112749 -7.7313942648705 8.3453855302458 6.03789757260683 18.6626167798190 11.4058833852588 -7.14697475309889 13.1378590564156 -0.2741777649503 -8.90505589128874 0.142616579267946 28.6200505408124 -20.5586493973951 25.2522170253656 -2.18151462282923 -8.40564106039059 1.12976445154073 11.1618630626154 7.40708714320781
-2.58988579164473 23.8151615114048 -3.91216806898141 -4.16235063531963 -10.6600437668728 22.4426475764797 2.26350728350795 11.3166379325458 -1.07846036636867 -9.19517619897719 -13.3501931236882 17.7814166097696 -3.29880436249694 16.2429230562037 -11.9214771037540 19.6014884935047 5.98200561662854 -0.183908434341384 26.1755386697973 -11.1194718484304 19.4541530897297
-0.335013321524034 -5.90942110062687 -13.458437697632 -15.8704813768659 7.67644748874615 18.6940035398216 8.85466182568737 11.7939814542525 0.582866588038779 -3.2582092004976 2.73077612311111 10.7835044982304 25.2040610538251 3.93047982395339 -1.33449216009804 44.9414894323281 2.66980400692009 12.3933325171438 5.61877446341342 -4.35404860298153 16.0963240758547
0.356698469274464 17.9064693099049 13.3901564197451 -8.96183413903347 25.5018254937807 -10.6385774195003 15.5558583534917 -11.8362636504076 8.31175397682344 17.0434665156371 7.71433118349619 19.7981969855676 -25.0275599991354 -14.9736680363065 -4.08243077812507 1.80142655816526 -9.3222898282285 21.2026449733549 10.9083195259081 22.8653201910263 4.33943770632906
-0.888099561787633 15.4343691649244 7.88649298396416 11.3078083024871 11.8122219393710 31.8034516785593 -11.6045662036143 5.46921337098957 27.0818416932521 2.48623720692928 11.0138204867561 -10.6302243057246 8.4140075902313 19.3337690104610 -0.498039139305868 -8.79856967727524 13.8068419614508 -14.4725493379353 3.78949522915735 3.86876482477878 -17.2733901001748
1.04660678854123 10.9024341639487 8.01126865832432 -3.73708922032791 10.64283597535 4.13143161922379 5.25477744211847 5.92026479527167 -22.2612201740052 21.6730072884321 -10.1215268587230 17.3128517298842 8.45392706997246 -13.6382521388321 -20.1401512483868 6.96676803243175 29.3193776359794 12.9338160521551 20.7993040344991 -7.12142221783522 7.967627180254
-0.656595856226528 1.75550182379583 22.4837211868568 6.07544026607143 31.2940731588552 26.4538562921798 8.56412340146335 10.4608982253313 -4.14490070830569 15.3150254321542 14.7104237043361 -1.45005781063390 11.8614381097411 -7.70205128888064 14.6207805017603 -8.75919361794199 -4.32638029733406 1.10831796377421 5.23933946781858 -5.95431639233482 20.6252428734884
-0.213318079969103 13.1322018840531 5.86340499248951 -1.83854851384504 -11.8552189498345 42.1853800671449 18.6279507101359 -5.01976431251533 10.5388392367760 18.0161622036002 0.667460316479099 21.5296304890472 1.58462686263891 11.7213513926735 15.6544394748946 -12.7961279740444 -0.902483950486386 2.03052301818268 14.0244518758332 -0.673248078883905 18.8876246752576
0.230481757113338 25.8008870248764 8.4514930778153 11.5862428841297 -20.6710890909030 31.9458658266341 15.9517502772557 10.2800142883644 20.3908218243006 30.8267659136988 4.19031297808554 2.75266443331303 6.04186212085883 -2.21719550184491 -23.3483902158581 -10.7804606314325 12.8735331489001 25.2778074213790 4.88610463689794 6.94407686578731 -6.18177837318541
-0.480849775995596 -1.73785610881648 1.34824141942711 -29.3999748301288 -2.34464951467746 12.8524008886602 16.0570868628984 4.90028389020655 -8.2009722688744 21.7023487615133 15.4742914626455 -3.12061006572677 6.32493934804832 -7.12996118412802 16.3850057352312 8.21453221021893 -11.0800097222489 -16.5260800798312 26.1128690438005 10.8742923487852 3.08703694147579
0.433825487956123 2.73340428358196 31.2667510097587 10.1528679019556 5.02800052766856 3.99606333044703 -6.88290435495098 -2.79555217069046 -13.8673516249601 6.84186565195594 -0.870447032994567 19.4226615080292 15.2855171643234 0.00704454658252027 8.31931739281747 31.3843362228127 -5.80671315055476 4.73539296029464 -0.39524846836997 6.64386088489183 -6.31903074616312
0.407451137773459 -14.8766320254582 23.0288659045954 15.2465676878072 -4.46616035244201 -3.97803856421564 15.6077880954156 14.9664418195376 18.2120480503511 12.2325310673355 13.3513145930407 9.09464077234027 -2.24315973052460 0.441853232455107 4.74841623849311 14.1932180298563 30.2568277024881 -14.5080070470356 2.84725497691067 10.3550529898621 -2.24487589416271
-0.626474416388065 8.6927467395648 3.22395702958972 -11.6112614808606 8.84225319230025 3.87593165669858 -2.01724814030319 9.18252443951411 7.20504817159108 5.28986259886492 19.2883748571959 -1.96492698771087 -18.8339186954254 0.373468427707642 26.0827979219544 -21.9046545346128 16.5656554835282 5.26641827211242 4.72475498645539 -2.92277108469828 6.15528439555952
-0.256640246836235 0.942738566752968 -9.6260941796218 -3.00277295902539 -2.27036864823046 20.0798388389521 -16.1018353394915 13.6887909451770 13.5565574532493 23.3915753976532 -0.0375477412924168 5.96380924516072 7.57428588181296 7.76404857104778 -2.53422385314149 -12.8035513590128 1.84163191239815 4.35557167483285 6.14297461657208 18.4708128144738 -12.2848703235619
-0.0986585373929904 19.4495087494422 5.54278602997242 -10.3774911328615 -8.9382883184231 1.64136770510127 -11.3384043032665 -3.50076886430127 -24.4763013026745 17.5364314872784 -0.335741864141394 2.67748770025531 23.2242160492099 21.3706975410183 -13.440111147948 3.4429131584272 1.26919056523747 10.20586361732 11.9884909969540 18.3858150016801 11.2586708104883
-1.91929007725544 23.2837480362828 -19.6873236429249 1.04226511930447 22.2832161852636 -7.02196952509683 7.0381093514191 2.35482805244458 -13.5595745381782 2.18992705310736 10.8520348498907 6.64396378748494 15.6084675228188 6.85516258635932 -1.69497857800462 8.06016891791404 -10.5666218428249 -16.3080309997072 26.4565230181376 16.912587750275 7.19878205150509
0.472758226516899 15.9898201616569 12.53460599734 10.0523115030651 -8.73858895926991 5.1826141191366 -8.67787172997922 0.714665226932724 20.2834668106753 -4.37245237177802 15.3124925863500 8.05866471704745 5.5498832002721 -7.61593858481518 20.4585388638229 -11.1620797597182 -1.30792440622937 24.3708881529941 38.517534929552 4.52419029100784 5.81678725836746
-0.351860757810964 -2.6591472596656 1.55458848133479 -10.5354329655256 14.3733308057291 -6.34753197205191 12.1856962982866 0.307998815662929 15.9324610996949 12.0198628303749 -13.6654933106179 -4.34181333374818 -19.9749457340627 -19.2167848897732 16.6292731401805 -15.3978754347668 -1.40332598905475 8.75832203366779 18.0722276797037 10.0281234629428 39.8392968591945
1.6377620424169 -2.32552417313491 16.1740317437523 0.0467996498952888 15.3045349265580 13.7704216584634 -0.769903292276418 25.4752110277658 4.80030276119614 -16.7466645942490 -3.82987322453573 0.212008230916803 -4.98450342175198 7.44264524583964 19.5262922644474 9.73909298569841 -2.06589930259956 2.60565060112909 38.9935658016554 21.6322784089038 -8.35438283160365
-0.555108001903451 5.55289129977666 -7.08224296805644 -8.62858566959585 17.3125289784913 -2.07013621135350 35.5221527970181 9.12414581198409 6.33180151628923 6.86001058151468 27.7159760383663 -19.1630832196967 1.38179560959205 12.3515292424745 4.10103893819218 8.26550142183127 -13.5579444319841 5.52342887124708 19.1015924637082 11.3128923324460 19.7696401945439
0.144808731814066 22.7561118890087 9.76031392740315 6.69395496051049 -0.355538891224635 -12.8459594334481 0.198047045228712 3.86368804169212 14.2371158484021 -14.6770037842972 0.592769546303162 1.08553293936346 -7.40143841213876 5.1069026835244 -2.43746199305119 -7.83909239928967 5.50472592368459 0.552528188167162 16.6540848598353 21.4650668920868 -4.99354986831129
-0.899763268801792 18.6721117713579 -10.3481043869824 3.81169608236116 5.83937137380827 -6.89985840295905 0.528780183299203 -1.99182105076394 -5.55815951893534 -9.84521096189952 -4.04114612776004 0.75626181259793 12.1286795419462 12.1141310089802 -18.2737640096046 -16.3644843073603 16.5476628169894 -4.56124179083392 0.742933033781337 7.11679814633137 -13.6901989169333
-1.1524423155274 10.5353268988264 -11.8539619672127 3.83759806959491 12.8037234599894 -2.53195932457176 19.9124339361349 13.6593999821215 0.569728767720401 8.94377950770387 -23.4166159008783 3.74247951609697 -17.2259791711129 -7.23194591510809 7.11069021679536 -5.97917332177574 7.48532236233004 -7.0213902704699 40.7002029926908 8.41145920104065 -3.87917254670329
-0.597875338277922 13.2439076430906 20.1571277216221 13.9914401236000 -2.02089373883116 -15.2792004025261 -2.14319146917616 -8.54705786513074 2.59656383117234 16.8424974055747 31.3621726743292 11.1923700731389 -0.086496952590191 2.14887579293023 17.8311582463034 27.3346374185021 10.1773903485294 8.0049068338861 -6.25373734315787 2.80157824687297 23.1038765947587
-1.20978334778675 2.50329527273961 -0.423151969100449 12.8757635185738 13.2630326387857 2.83030995469900 10.7249857529081 -5.36754937995739 3.82460617728306 -11.8118345998308 7.73620195764592 -10.2713541934064 19.6161964186775 7.41327111289471 -18.7851457406387 15.7422074539118 17.3291174730785 -3.94541884616736 8.08664164591726 15.2220588510534 7.3505823858952
0.637385724264255 8.11860053361108 -3.07493369853982 5.82529113427286 -8.80785929655118 2.12737256416607 10.4361002462698 6.89185933279021 -4.04380901972908 11.0123308334678 -2.8030218823913 13.3908570586288 6.25265776292063 11.2632567705783 10.7422760789966 2.51871798887811 7.59770955802489 6.68228595347872 -0.249521166470641 7.66065616143791 35.0561896411685
0.583848553931105 30.5029800285466 13.3643408021140 3.10071343404002 4.90524475766155 -18.0142962271504 15.6602467881114 28.1272995862394 24.8796434767098 5.73262043269298 30.3789114836178 1.04067073020861 -8.68363214860402 -1.93724753669736 -0.96520268540754 0.804049654206821 -14.8505823667876 20.1860595016859 3.34659520027533 23.2130955562881 12.9550505397194
0.27857004584195 -16.0618276865485 12.6221256602838 -11.5726025978969 12.5283375507437 3.2606252975297 3.69547570117249 -12.4679302861819 27.6095666826183 10.2186706498783 -6.31989873170104 1.22626602244885 -12.9881153947645 -24.3851457209214 -23.8548553087460 10.8516359580050 -1.91538951015426 3.15510757277367 12.1323250849016 8.98773049583052 12.1206107488743
-2.08313853287355 -11.9429558028543 -11.1407717536189 7.43966439698785 10.3744206068944 -7.08488124927433 2.53045659358072 17.2073244951937 30.6141444598322 14.1763003921364 -5.62539154800715 25.2801976875433 -18.3303622584357 -2.17610203976591 31.5728875254787 -21.8495994241677 5.84213934612688 13.5471043890142 -7.09516795984159 6.70701732393293 14.9178495881354
0.116162065654757 0.136767443144983 30.3345789066958 17.5261994436362 -16.279251793564 8.47426256841059 10.1117982009421 13.4561379890056 10.7195354563219 41.9618766608293 7.72771142389052 1.73295730199514 -22.2286041708613 30.6892433247609 0.654312309950379 34.3124858212429 9.39368614657375 14.3405583498113 4.53243961790886 16.4048717798315 -8.98080052265747
-0.601092943599964 14.4914447010996 11.0277256887903 3.5426895319246 7.7855446155901 23.4614385571868 0.685929771868103 23.9672515613509 -15.7772833444634 -14.7386158710441 -1.12997775225044 -7.67393395131396 3.75583604866148 10.8071203544684 19.0683084743188 1.55614338186208 2.80293536078843 21.3624003435376 -3.26822177789804 -14.4138982251618 21.8101154054336
-0.9561762852151 -11.0752827745358 -1.09327448337264 -5.83849050538383 7.23638849790377 16.3621035203278 -3.35376948942385 8.11850161915595 -17.3748679378239 9.4134869209807 2.7880369329575 11.5840953874907 -4.49750261758027 11.8755179164992 15.5352892726797 -12.1146953191457 0.0208944236000465 -23.1088156969608 29.2668636001955 -24.4991512659099 -8.30768171656534
-1.05056047529497 27.2056702692285 -9.09503057052937 16.6378391025867 10.3804921691799 0.656185313386058 -22.7143458390269 -10.0558341776764 7.4715928822183 -11.1519450245118 24.3184201038229 4.43337907085906 22.3195847306453 29.3732400936335 5.65607462532227 -23.4330981194235 2.40385639601585 22.1330829263174 -8.4392201609495 10.2013482552479 12.9911459755409
1.75807402340887 -8.41765033214553 13.1540280044154 8.72046751948336 -3.4313224803697 5.04244959630772 -36.258848283976 -9.05447330033545 7.18473308869703 2.20805721498033 19.9009937808308 -14.8094394863684 3.54085258044191 -3.03621714917667 7.60274121956627 10.2815050636572 -9.21846603974057 6.49756280179075 16.1207548596138 10.7757861058289 3.78420232584872
-0.323801978440453 -10.7773940887899 -15.9150105147131 22.6289486439643 -13.687962152368 7.25443130712473 4.2305966221151 17.8877490589684 10.4709362794712 -1.49016457921386 24.9953405446603 3.29158010806318 24.245270031818 9.8000458584803 19.0822353672871 -3.99958290705057 15.5973797939420 32.030824038285 9.89374868019523 -14.9399942673524 -11.7674569232343
-0.805390831505245 21.7649817122249 12.060342392283 -12.4331956405125 10.0970470451071 8.25794031065869 7.16243068222027 -20.2031140404624 -3.62735964989547 8.97016242121037 1.46785996739307 3.15008382627733 25.0401257092663 21.9571036044478 9.27688567910366 -0.518276190908460 19.9031451059338 -14.4073370725761 12.1928063418020 0.67795575447261 -7.4833749580277
-0.741255853862865 -1.81409726815627 -7.46181387511727 4.9737517750545 11.9730541375409 8.84460098507411 -8.21720519838447 17.6800267627362 -11.9767385314181 -2.89139170170341 -10.5438873769082 19.3687644835519 -6.2098581602243 14.5857866865524 24.3641802240942 14.9253621194630 -2.1269226421093 8.01601285005497 -2.92553062965171 -11.1506473699293 17.9366449212807
1.24906634634417 -4.85058418513997 29.0553683739461 15.1333766785874 21.8928630430268 21.5299777099408 3.82275281304078 15.2091741980001 -3.14925652250367 3.73274311829795 19.5071205206359 19.6897539793496 8.45931685977046 1.64585011410662 -2.51764036303986 -7.26891441525954 23.4193310968708 6.54922183515927 7.17929917715143 7.79176616402827 13.7841077782822
-0.735705701619341 6.38534497396494 -1.88034391527894 -8.01117620126563 13.4255556383164 -4.41730731291167 3.46740147045751 7.80678233685771 2.60945045737226 4.8427862220659 -17.2395243323849 4.40247264774264 9.4008570274589 16.4059328753740 -7.1828995874393 1.48682877403126 11.3797540070752 19.4141672886850 -0.250163494246202 22.6343987985101 -13.9090169260922
0.915585760805945 5.14563879552729 6.49570735779084 -22.0897851993994 3.11312196107444 -3.70612143213765 6.92712887510426 7.90131608669355 2.54388971255844 -10.9242788593256 12.5475312925722 12.2924049833196 17.4815819258290 -11.8035233646579 -19.4873185974700 -7.31230996711409 6.79441834401317 12.5267121793518 2.98627331818479 18.9699057587972 8.45309181691773
-0.248641553523762 10.1442512526949 25.1946805685650 2.66360585667979 13.7959540310516 -3.17991692727389 2.63424033170921 42.9909871222381 -6.73143244066615 -3.53386890440716 -3.64417325950675 2.60853369979697 29.2607201412913 16.7485242589237 19.9154907901424 8.35357104505801 32.3851336866826 13.9778339804123 30.5213043812082 12.3735644926734 24.305245936273
-0.467289671250035 20.3434430045555 24.269893257950 12.1544869594499 24.9449621136713 8.40697506553558 8.76073739838005 -4.29528514795802 -11.0046550458363 0.840334148332802 0.0760088329401543 -9.29882939002575 7.15172458171029 -1.41210769854809 6.05322716510948 0.416471473023636 17.3644291073856 6.13770308814743 1.75803837718008 -20.6729243202259 17.3179461853492
0.780494080845802 -24.0078967079264 -1.28470196081312 -5.22522637226282 -20.0053962408786 14.5951475178621 11.7070677858855 9.58422250448708 -0.513190465683539 17.8573928377750 7.42827382524322 -14.3470379006768 -0.846558728831806 3.81851269856681 12.1674104949953 13.4073043773845 2.03918545035175 14.5979819794266 2.18595731165451 25.0944413007964 8.17869642087431
-0.520148164919409 8.07844407328953 20.9730770410418 11.4986650831543 -1.48252209491187 8.26704869570506 4.17059142284668 16.8659807249837 5.99360562635641 -21.1016682032107 -6.91022662283417 3.91352498854991 22.5398470234944 16.8703941108246 27.0144696393462 -18.3974693360536 11.7472440004213 13.1123893311507 26.8672545764697 -3.26433576911936 1.55772965361684
-1.94832391039505 5.52470342148046 -1.93978836067610 34.5720342452174 0.498312747040609 -28.8020163531837 28.7297936788382 6.89217765492133 19.7371899532026 17.7466768090875 -15.9825100115143 -16.8080788207823 1.87148798872416 -2.89737827705626 -21.1758761765372 -12.7748442312347 -4.59441518362456 -5.9256005498695 -13.1086675940991 8.59861004618246 4.99258027423222
0.932245105735085 -5.69899095147593 24.6069753763305 15.4312157749262 -2.91132416085324 8.99734337374335 -20.2830413904578 21.4919869485918 6.19046727803171 -19.1944111533921 1.37467076194567 4.33118809330214 -11.9799540988225 -6.16666924174136 4.01766219191066 14.8910954835596 13.5791042065926 -10.8104549009596 -7.09981434415313 10.4885669285498 -1.66085329366107
-1.53767245384534 -1.58697628567986 12.7377493754813 -5.89079403825148 21.4459202037752 23.6502584550110 6.49087022316478 -10.5914843873689 14.1555032073265 27.6648868217947 20.705162192916 -3.43037956677368 15.3185103632804 21.0053085428271 -8.1908309411052 -2.8875759768414 11.7681473853177 3.65912220844105 10.4619214810982 1.68064071821675 4.95868053569074
0.834844336471207 -6.55239898514502 9.39818211770963 -10.6728587095085 11.2486783295443 10.4515569842783 10.4651864162069 -1.75242780776381 30.4980716073535 -1.46448038142730 -1.63173047203221 1.26913721219120 2.71180361097683 -10.6382738492365 -1.28220643029014 10.3585833226423 15.8465601759836 7.17256698507585 -15.8120389553130 -25.1170105131387 -16.0650739683881
-0.780705834941812 -2.28394353569785 -1.38965926381762 -6.4806041075504 15.0946132706939 -4.34592470609414 17.8916408769564 -2.93013673633203 -11.1709703562299 -4.35125696257774 12.2164689440728 -11.7303404400203 6.11307783848462 4.73669248752422 11.5112123339402 11.7039323115309 5.50181703245521 4.98041314968373 -14.9320430887090 13.8686723560066 19.5679160782467
-2.98866462489794 26.0355117134243 -4.07288262606520 29.9053150478079 -2.58954289570117 3.54210486920684 11.0288669279157 -3.73415552932218 -12.4389228801668 12.6631180359392 15.1792218820962 24.0573167882424 10.3029782131484 5.85097843115003 -18.885195380291 18.4102561765187 0.741151861584663 16.7389485640758 3.68623852971816 10.2553250782627 9.06220553596066
0.433766561912975 27.8932545647672 13.6839194527369 16.3143426865886 -9.01593766654126 7.77672938698819 6.06068058066151 7.32790367353754 -5.52156856719694 -3.87035587440211 38.491095827019 17.7555650411070 7.29339876881665 -6.33023961651961 9.50527486637424 14.5129840276069 -2.93546614215754 1.78304551362907 7.13417505335522 18.5401387496527 1.24052846488439
-2.06522481459973 -6.66724322673433 -4.25754458868097 -7.05254378549251 3.19609564161877 11.0000763275028 -0.560955982196798 9.66570203189182 -5.08796220899333 9.56392867880258 1.69516037057348 8.9039785121815 10.5682278119279 8.71439163069334 27.4967180239156 6.33197169543992 -5.14300425375258 4.34866181610971 9.71178010850956 29.9099501580085 17.7825789099967
-0.873395134485796 1.46274951524036 -13.5177450492713 2.99071190138288 24.6345991738390 20.8092697364407 31.3175729734838 -20.7474699800958 -25.0003324011548 -12.5671964078747 17.3586474582616 -15.8414821043218 7.09026949653618 8.50131563319001 20.8593480352575 27.2220174704499 2.76269342939347 -12.5792461301199 6.70205994223535 -15.2801369543566 10.4072655380524
-0.970767320202583 8.58676720843954 -7.54567912589445 -13.4647491516386 -6.45864632669046 17.0443153716605 18.6059780998804 -2.24657261520125 12.7496233308967 23.5062723790743 5.17186175319471 34.8801167581661 22.8870928567150 0.0793389340434147 17.6840011823674 14.4323672219432 -0.775395278057085 22.0803558736957 27.0062209207922 -5.28566068262433 27.5705317813786
0.0729684860296047 0.931321877558226 11.1448350213031 19.6878855520462 27.6829296754791 11.1148397384654 5.30902869110376 -0.839628090006466 -12.8165890387522 17.1761909158161 -0.171851229436582 2.83985031907716 -1.35524848696025 2.60577840183287 -6.0031552356504 -11.7202801111341 13.1474215735715 -1.35169864573447 6.15747412191425 4.84666980134222 5.46742305677549
2.09090430893527 21.9369666795364 11.6356309518481 -5.04183560049385 -11.6268578575993 -1.43705940504928 5.29456241302661 2.28436595765445 10.7577598156995 5.61966686511985 -12.9878887944875 7.62003061507634 24.434773656414 3.25810827301332 2.76322444899650 39.6515856411890 -6.4529594213162 -24.2417465262460 31.3216707269829 -30.748739077489 23.852944518483
0.3036913030732 -2.07054486906698 24.2895023135622 2.34924724233507 -9.9123204167874 6.50181447575583 1.56731182531248 7.31195202743233 15.1371453873611 4.81106399553033 -14.5265543467648 18.5556515976618 29.3163550423692 17.6483316204954 2.5547591280692 -8.9000577891305 25.8440574409706 -1.27560300080051 10.9407591121308 6.63418081389468 -10.1621259315055
1.04424396952685 -2.86189023874697 36.2974200547607 -0.927641692388603 2.73718842551535 -13.9501472769784 3.35076662972279 14.3703980631661 11.9101613098021 3.88673054651402 10.6777182494960 4.90511744214388 33.2137317222769 1.12740744886609 3.37050525356440 -5.18472253589612 0.988915660950131 12.4102505109557 17.4770709396288 -16.0157909435448 -17.5419488786553
-1.47190338250702 7.22441208946981 -6.74895606947335 -24.5275378316455 -4.63006549717108 7.21957181685933 -4.79950702773657 -1.11726070196509 15.8740375233337 -13.2265187671429 6.53619206207846 12.8804622578014 -0.150945527353979 16.6533694801987 11.8884796564624 1.74533121028010 17.1197119593833 12.5583923752780 3.10139379357923 -3.72357843882823 4.31939331689274
0.83728816054923 -3.10996287872478 -1.30550307499570 0.406786185682288 7.23428152160032 -18.3816282802545 6.83630808012623 4.92440287511413 -2.02867046650228 -4.68744938279066 18.8986505561627 20.7343057854473 -12.4175109837130 1.34728148962620 5.4180540572998 8.24545866957053 10.7088999550938 13.4651138407473 19.9518454056053 27.5641836608759 11.4045932006874
-1.12497097782634 -5.87394880733923 -6.87599183480704 -0.345951223893708 17.0558695639224 12.8930428742538 27.5819580414918 28.3413492648799 -2.75519785973592 -14.2599111584658 -7.81324099248092 -16.9837767255315 35.7286904130043 2.42364795420522 2.31852638191887 -16.2676773241700 1.91646598478899 29.7050521389101 0.97118702284567 14.9030945654175 27.7858592946924
0.933055237219588 16.0586709995729 36.1777732186846 -5.95721632379236 -2.60819827509443 9.44906006450737 11.3622907735434 1.84741034926396 6.26006514017191 9.44366620685578 -15.5365705260517 3.63023111723106 23.7580455846805 -7.94442933100553 3.04064702118159 0.584344243901507 -11.6668197594678 1.0347696178585 -21.3799527963529 2.70215956021971 4.01388257597258
0.202576189572692 31.3075723189615 -5.44280020417515 9.94711101621777 2.49004184833535 9.81369715252523 -18.1715255684126 29.8770535371130 2.58488413398461 -2.54975162841462 -12.2254755473309 8.1235683871765 -8.5966447136129 22.9580664771952 -1.98992273891344 0.610411194783244 -5.89999748688552 7.64450811435047 12.9949274427479 8.92436744953944 11.5234066188221
-0.43874883622307 11.5931891887411 -13.6095535793154 -5.76427747601215 -13.2304552245186 -9.91101548496945 3.40502296867055 3.27608048826853 2.39678204255996 14.5525473308254 -4.42204523444873 8.84625262120672 -2.18952909744261 14.3266015508117 10.7669568067629 1.30158433350701 15.7850165733593 -4.24918689908454 -9.37089434344556 4.56791854213000 26.309348171994
-0.982508729310142 18.6803002217885 1.58131623464660 7.4831254000898 16.2802592288408 11.8534920981454 7.5675803820769 14.3790159790048 -7.01391726783992 21.0623391388145 12.4988920603604 33.2647734645217 11.2940831188711 -3.72505088194618 7.56762014682761 9.9774110730408 21.8899373018483 -0.292320120104467 -3.80967672463736 -17.3783395643524 -3.4514614012655
-0.619929502783261 23.4580806875197 -1.76959274600092 1.38423311781822 20.6887889598805 7.06737190673278 -17.1545848808649 0.79020003251928 2.50108407687201 4.96422284144497 -7.6904490063078 -12.0886694316660 15.0776227893772 28.7904706203013 1.45138697442008 -0.347801065305474 9.71086216301597 10.3245438508977 -2.373117960038 -3.42748050328614 -6.256322239641
0.393680397180593 -5.69772809554057 9.9873158145224 9.70460636191283 -6.49628825772216 16.0564307705122 -13.3948098887965 25.1441033502742 -4.63082233045232 4.49585225865032 14.3181787898725 6.05643438195489 20.3428578451983 6.46087704676042 37.5399035397664 2.10686255745599 -3.02316064802772 -12.8583036130251 12.0939215647491 -2.42705810693053 -8.16351960522662
-0.360442810284895 23.1846436136529 1.63832202684445 23.8287067716325 9.20119391988223 2.63850837049965 -12.4846659145597 -3.84836777092728 -2.12218473961386 7.05656249586102 9.0950702483302 33.810085121646 -7.77154171679577 15.7018427769231 11.6450987338333 24.7277548077164 7.59090326689322 19.3528204398462 -4.30544345361544 14.8341098962874 8.47288893467973
0.242646298425938 18.0496807856567 15.9218484255721 8.49958506454064 -3.27571592289512 24.0117483046109 -2.75517429192641 28.2750371397087 -8.3176550264262 -14.0848528760413 7.22861943418525 10.6729629744202 10.1914336186482 20.1888751362694 18.2951081880613 -0.663640787517631 -3.48833201706106 7.67278377614695 6.06974888303314 -20.2357121178819 -11.6768007528992
-1.31510772726344 21.2868082465865 -14.4211634824811 -4.62386026513114 11.2673536309374 15.7057891876021 -2.69943242639006 5.26583613412314 16.8018069585629 6.191845942473 12.7219962206564 18.3986701044337 4.38407246136429 -5.52255767772199 26.8648453089944 -8.16432555234058 29.3150577511583 7.65540013568673 -15.7591549349885 -9.79123277039938 16.4548202161166
0.729880739664469 16.3814103896669 20.1103626719797 21.2973232626976 -13.7881891591517 4.74151978422798 8.76157791286925 -10.0017752166379 -13.4104130035591 -4.7852713520862 31.1362215715191 1.48885145862400 3.91182329369787 30.2556243664504 -1.78772851530757 24.1369381823243 20.6341920111599 28.7111059675995 5.5018085084065 26.7452183380178 -1.64964150668077
