"sim1" "sim2" "sim3" "sim4" "obs5" "sim6" "sim7" "sim8" "sim9" "sim10" "sim11" "sim12" "sim13" "sim14" "sim15" "sim16" "sim17" "sim18" "sim19" "sim20" "age" "grp" "weight"
9.08542283163713 -9.77280536935956 -5.45408231892229 -2.04670854890467 -5.18544127161995 8.39821277845595 -3.80026953427852 2.69755713018175 4.02591101012376 11.7819983420149 -3.46478336020819 1.29608208794347 -2.38276548890759 -0.819617126410633 -0.429786885802985 -7.83583986909986 9.8257881790228 2.35287474970094 -0.824164441100964 0.245898095016713 35 "A" 528
6.90860739252905 -4.9248679018727 -5.83442522708867 -3.92017608721017 -6.57728570554863 -7.79627217853069 5.37965129842983 -1.67179105172319 7.32819539402038 -2.43109926051334 1.25348387396848 -1.18229776133019 -1.61551000569277 3.59281110584291 -0.308169568504805 9.71463897894984 -5.76634405261245 -1.11875154190790 -3.5900247643071 -1.08028419687183 25 "A" 377
2.98271798237068 -0.886454356078351 6.74256530463017 4.58823073160614 -0.91115016786893 -3.87149169426944 1.55895290218130 -6.76608522887862 3.99620859135911 -2.88043455401980 1.75736659025495 4.35497430004868 4.42401063293816 -5.13071038758266 6.54691648416435 -2.77440948303731 -5.76093941692051 -10.6897167145116 4.54292201970416 10.1945389606691 42 "B" 637
-6.99184899551961 5.06423273333197 4.39086110649892 -0.50265687263223 -1.53810126215560 9.45509152562276 0.713386588990648 -3.18165282426149 -2.23615487392014 6.75182781601234 1.66707675887931 -0.78312331519903 -3.09885534348541 3.72088717275156 -4.85967056218993 -3.50105665939726 5.75155011830598 5.34788169961007 0.467135329570342 -0.708786880261232 26 "B" 397
-2.49351480889957 2.35343680913958 1.6267737870694 -6.05826439025403 15.6578209548090 -1.51782254502688 2.75960177088903 7.78969327637107 -10.9677645591967 0.0238582977120875 5.31527527326105 -3.74993555577037 -8.82335094750008 9.54415454904855 -0.87194750823442 -0.318107499503757 3.17812927994329 3.75000044791559 0.355420026772019 1.39155376523907 31 "B" 489
-5.06493230589001 -0.105934163550317 2.98403810522951 -5.36988583305495 7.61863651141605 -2.18559426123091 11.7501473862622 1.39499670969270 -5.42524412446111 0.239663449919779 -8.92937143387673 5.55739570048971 2.60241391499690 1.17311107903587 -3.53595990733567 0.131010587572925 6.55086727442694 4.54383289110277 5.75185031059326 7.91743101352735 30 "B" 466
8.22602170054699 -3.30321677623656 -7.62111766123395 -1.64542397774744 0.892927615166487 -2.99331391745262 -1.01918289491045 -7.17195785877703 7.95926525146866 7.20069129450114 -3.80913273457599 11.7196385765049 -5.93451234286414 -0.177685838426488 3.03819415932397 2.24014754321644 -4.33268706291236 4.35249799718335 -0.569079481745923 -0.496206870076373 37 "A" 564
8.23578615070075 -7.46442836012129 -5.53080884675166 7.0455664612004 -1.22462571501227 -0.940397844943293 6.30219940145034 2.22621504288056 1.86062315499174 -6.25576227798913 -8.71796092550871 -8.0940123547057 -2.31420335169832 -0.678623688342691 3.91704109744921 -8.81237911233571 1.68302741878475 -0.507811292984752 3.86063512908805 -9.71435393028385 34 "B" 517
-1.8646993350455 3.6618615896269 7.52829956928259 4.75011372367661 5.73618984159481 3.55931432484576 -3.72336263223091 0.23111013581742 -4.01931445178874 -0.570904813832163 -2.10099752198451 -3.96042616100452 -3.35276163824584 0.0488169713944677 4.42336648180891 -3.59808637378104 -10.9404839310815 -15.6427883192498 0.822446627222512 0.524440544736233 33 "B" 509
2.22022504355846 2.68026477000693 -0.932280287796779 9.69923160336695 7.50108318123731 1.96194044722458 -1.46023522286613 -1.55601178324432 -2.71097921198056 1.37904484470110 -6.77727522912026 3.31619386443962 -4.87308609765548 -1.10045698253076 4.23426376354102 -0.572084577090939 1.52337372314068 -2.65119025326596 3.29623009980581 0.977781385617602 27 "B" 421
6.62969579583751 -0.899999003237286 -1.14115916102821 -3.74390479699146 -0.538101262155604 -6.22174552426412 -2.21407616901531 8.06661867847257 5.66438316260617 2.89263695939739 -2.30708525904264 -4.6438492118546 -2.10288383263687 -6.6287981613082 1.71345203184711 -15.1733542823788 2.26327105207357 -3.06199966891433 0.676043044906647 2.0508230344257 26 "B" 398
-1.17642131605297 4.89183782897247 -1.91283315054075 0.568779965116855 5.50108318123731 -10.5455157855028 0.994445697908074 -2.22046089716322 4.09181632665878 11.8471162178111 -3.53816995778517 -6.94812109773315 -3.97794950691596 -1.39977001000225 -7.31913382010884 1.38123953390534 -2.30646591064495 -10.9121821127421 -5.81837150380599 6.89779676284005 27 "B" 419
-6.43972797262265 -10.7000773580449 4.93966402222269 3.94968364469432 8.42271429445148 0.116476281096024 -6.73986899454443 -8.46076511832165 1.51557095814312 4.39484546433449 -3.06985310365579 -2.65900686716011 0.640888861161292 -6.17462680475463 11.8872134999909 -1.35457357883267 8.03975596600233 -4.07956048576996 -4.69222993371740 -2.37338699448985 25 "B" 392
1.44264728185058 -1.60791416038341 -5.06041129027129 -10.3978217703848 4.97129650195231 2.65443861742114 -5.04968780707634 2.91969458604257 3.59447829908342 0.0921767139244679 9.95992749828931 -4.68564130277207 -2.08268563544150 2.9315687597607 -1.00162951250915 2.05137303332469 2.12939197608571 -2.74568584499377 -4.20451776467581 6.41413399777823 39 "B" 598
-3.13794863619068 -3.78538835633773 2.82140724278006 3.64914384851135 2.50108318123731 -6.97649123349489 2.37726955574566 -1.1013115722629 5.25572382457414 6.21568581535673 -1.44374538084661 2.36504667751139 4.99331853337361 -13.0918867828641 -8.72585482796529 -7.8689323187643 10.2437883109579 -7.80428649517939 -9.51576031656454 -4.47223892631756 27 "B" 416
-11.20028160588 3.36835557826546 -0.313121171571055 -0.887267395685897 0.618636511416056 9.93086047312357 3.3322035579051 -7.00646238053624 -2.43650176101091 0.477713244345538 -0.865842040355474 -7.98792998532784 -3.32619041893756 8.42080828430487 13.827970385881 -2.57919935559644 -6.00773025765478 -8.36976802657461 5.14795745777022 -2.06897821536868 30 "A" 459
4.76895712615074 3.29761485503565 -1.92766732047351 3.31712624549742 3.81455872838065 -1.7071519770857 9.03677607836863 -10.8032380042338 6.32933038074077 2.00547345165828 6.3520225494789 -2.05760717635062 -5.90461815978581 -3.35952700585765 -11.1118582172796 1.52076705595332 -10.0294378056830 -1.44697583327467 1.05799296361810 -5.37304937802683 35 "B" 537
-0.771381668659109 -1.38346950607103 -9.3128330942489 -12.5988391597378 -9.38136348858395 1.49314494083647 -1.35751088819444 -4.19867577577284 1.29204655070181 -2.88792660712664 2.90455075930929 -2.91318282039968 12.0496568950198 -8.21470266188175 -0.312482180544806 5.65259106953261 4.47574044522514 -13.5181432583857 5.17654392699467 4.83208460658847 30 "A" 449
4.76744636642459 0.676245845255977 -1.22357221550768 0.214127067337043 -3.65565459233436 5.89087386421392 -1.28016572988657 -1.96043198389703 -10.5206133453686 1.73758520219557 -1.16950471584818 2.94386033130941 -4.37347164511399 -4.57087267866801 -6.2764866705595 -0.558931498715727 4.38562349743993 -1.30245608791831 7.27732506666607 1.44346198092841 23 "A" 350
8.38263482857137 -5.3425899349914 -6.42432634497854 -4.88670112977551 -3.61647014894144 2.06307313803959 -1.93809947496249 4.17711799750018 -3.79324157742418 -1.09611809536757 -9.0871909182154 0.379412132475020 -9.93675498520898 -0.463161236183838 0.844967450183946 -0.663400991577052 -2.35858411594411 -9.81822152869027 12.8853749436836 -5.70547969975217 24 "B" 365
5.84595637455023 13.1631484480768 7.19270445459284 -1.03977324043829 2.81455872838065 4.46066385674907 -1.43840315288201 0.991731545797563 -0.588868300795551 12.3889490482045 -2.22176639749405 -2.81110783493497 4.52194234351491 -6.18673826576718 -2.37999738338559 -8.12090384401107 -2.34902293476087 0.702274193188595 2.08020580081044 -2.86640274868219 35 "B" 536
7.9850432112226 11.3113988662723 -9.48362752584162 11.2752371702726 1.42271429445148 0.967466024019616 -4.99329932958019 -3.81098422800606 0.678952797280616 3.66142464162681 10.7867822709241 -1.90385190781592 -4.8619756093387 -2.17724563803486 -4.46912352824242 -1.31897995368646 -4.3980236398341 5.86356130362145 -0.539844981630479 -0.164953689226476 25 "B" 385
-9.39481219109727 -7.28904239493303 3.05428012159307 3.31113111594853 0.187607634093984 0.156483008909216 5.19561311056094 -3.64597360706976 -2.77249837719319 -2.50350270098006 5.5480513678388 -0.94049476428196 -3.71493446248005 1.44626298632590 12.2310665521722 0.522032897614616 -4.55230972843537 -6.28388766969149 1.54806336117978 -2.50505666831470 19 "A" 294
-1.94330836316153 -3.28082517715111 -1.96947705652716 7.29011673471846 -3.45973237536977 -5.03910417160835 1.66950297554429 -0.907197545820163 3.10940867546606 -4.55237442071451 0.146546157982791 4.55143633230828 -1.69309920486104 -1.09908177087296 4.9187492161025 6.25406754711818 -9.0649241249611 5.11456084442391 -11.1566153505163 1.34878019344299 28 "A" 425
0.0495017363419838 -4.9423203620356 7.29620467881857 0.120812802576987 2.54026762463023 -0.702715973031089 -7.07027324327893 -4.77565643761916 7.64507206444349 -0.872389237317386 -2.68787424243786 -10.2731713506412 5.64712211459899 -2.46964344281428 11.4899171180602 -0.00877737921125745 4.61741508384931 -1.88139609798438 -0.82425853663977 -1.17682068133056 28 "A" 431
4.94251685168495 1.30022281482036 -2.15476354878334 11.2609620571732 0.775374284987733 -3.70717443922123 3.67532008966493 6.78664829318408 -7.47041303033146 -0.135497601052556 -0.522681429539475 9.7294264481979 2.65805362655948 0.676955300744527 -5.75345969240842 -3.12490911477420 -3.42908726269441 -6.14039574224491 8.14437247311162 -3.32397647054118 34 "A" 519
-1.16104632641199 8.07227004940952 -0.160678429309556 -0.909926869890156 4.73618984159481 -4.1334205891851 -4.67245399001947 2.59885093915641 -1.53789453985832 -4.39854305919979 0.918930642901033 1.93273006146847 2.53184833988654 2.93526455738477 2.18040209644745 -1.95236839522033 -4.48751599111777 -5.2181056388559 4.80232468789125 4.37622453728884 33 "B" 508
-2.50088669436318 1.89713254566766 -3.79637938898206 2.16321084884612 -11.5381012621556 -7.8223746081657 -0.413085030229884 -0.527564799927674 -2.02601186055819 4.44714703664342 2.7388566988614 0.990564265105226 2.13793479121652 -9.86121862013108 -10.0138548277453 -1.63395398555185 4.75069966498276 -3.93224936483527 8.22908967497125 -4.69528372745756 26 "A" 387
7.39589596164452 5.90137623772011 -6.87499935398192 -6.43471483136951 3.65782095480897 -0.218105616870238 13.5948174699718 10.4828639432437 5.07526180059481 -0.0882393919735801 0.263476662248888 1.64568851718793 -5.21027444055958 8.04818451757795 -9.2748202949268 -8.53906603258855 2.34462662726503 7.15963285986207 2.67951457187776 -4.14315850809799 31 "A" 477
-4.07934011738139 -2.06090671741685 14.0865800291781 -1.35294224348148 11.5402676246302 -4.05602581757367 2.03331482186554 0.284354355501406 -0.383003182611085 -15.3539185171504 0.524838489601951 8.57437753923747 9.88866730449335 -0.193442632298281 8.54804040689548 2.96705919196 5.29282403410875 8.91773180954944 0.114421486190184 4.7349841877066 28 "B" 440
3.13693157748882 3.20466866024894 -8.27253916143739 -5.17778916411428 -10.3029946017981 -8.35833355666467 5.99934619567772 -5.89980755323985 -3.24671389524365 3.61036314238239 10.8866032730382 -1.41262926225004 2.71625640728606 -0.0187461751458696 3.33661252835849 3.67786043612667 3.51363949304196 0.470057452497898 -3.03066691182608 3.65911722438849 32 "A" 478
10.3633218577786 -1.10625659295441 -4.26247361784759 -9.71324794362292 4.30516096427271 -4.53835437410003 -1.03731545956792 -2.62408264935035 6.85622636424468 12.0587886973603 4.59120988195097 4.09963773757808 0.0972060788854602 5.49791351322781 1.28959743849714 0.517944741556675 4.47033256605594 -1.40572374878122 -7.0362166676266 4.60081402289725 22 "A" 343
-2.72472632550383 -0.997318775324104 -6.7720843018746 6.71821939461693 5.61863651141606 -4.64110372386701 -5.53837885060155 -7.25093856149982 3.63070679621307 2.47991329908381 -6.02775288928082 2.64497078363968 3.88072215688741 3.59576072274064 -7.77833524086709 -0.85767988844952 2.50288638889216 -7.70096783853914 0.264031415983997 0.6755129710768 30 "B" 464
-3.72825016851951 13.2651106705725 13.9094899373224 6.01629713729104 -5.26381015840519 -7.07848490522806 -0.228041073938924 2.80788325065569 -0.833424635835249 -6.26067191653883 -0.769730837194195 8.75385235463214 2.44248590790262 -9.51147258664059 4.57697736736342 -8.69368259545679 14.2335221097394 3.01687636481448 1.04479489546368 -5.80973766443672 33 "A" 498
6.65113900222032 10.6144751261968 1.08235878758694 1.16710693282276 -1.98951905465476 14.2217548766312 -0.831201533317999 -3.30206966346561 -4.45159856178441 -6.44937676871903 0.213381395858852 -5.89544368745572 -1.17119330937560 2.11417225329116 2.88237601347258 1.22201178061506 -1.40710904333466 -11.3009716112367 1.88669497851404 2.91226158270024 40 "B" 606
9.3034065410166 -0.77148564481967 -3.61607089131873 3.59770174953661 2.61863651141606 10.9202656343771 0.633652809202469 3.48441110782047 4.25892058114221 2.54169298910873 0.885715591282728 0.789133653239943 -4.07993908066989 -0.0547499752310825 1.27735637599085 8.30007260173518 13.2618304723940 0.507084809858155 -1.01167818915439 6.53775069542899 30 "A" 461
-11.4528064481222 -2.00087398254132 7.83445692806596 -1.33650920971934 3.54026762463023 -1.86191174675913 3.39609541029369 -0.49753178510052 -4.21688026285039 -1.49297974820757 4.60757735325142 -6.4729136704894 3.56461314508296 -0.0747939465623108 -3.27025071586170 9.12441311792097 8.66022466080216 1.02957209716801 4.07486603340226 -0.57232839558294 28 "B" 432
10.0205536798039 3.34959397503705 -1.30780233752398 4.13120131209479 1.42271429445148 8.50618188076124 0.701605079687657 1.09687064091223 -5.92502507518174 1.89714826383327 -2.99447123729318 1.14075822016661 8.55200541416457 -3.99275697635875 -5.79903536728542 -2.39576228557861 -1.40551594814094 -4.68550935738212 -0.0166763992612279 17.1521005047685 25 "A" 385
8.11401585722201 6.58757103137246 3.83654335720494 -0.345896095153441 -7.77320792251311 -1.54464912977962 -3.16864395579058 0.349568823370880 1.84525489759876 5.34559648030779 7.04818474295968 3.58405330083408 -10.4746194709771 -1.36684657946354 -5.45051467193289 0.186690659446279 -5.40336901034266 -0.76800168327158 3.45701118837474 -0.265454815736231 20 "A" 301
5.7573213715625 1.29757037858992 -0.595720063973654 -5.50902975549157 7.65782095480897 2.8791523553861 1.23124432521497 -7.4773757667315 -1.99253377260059 -3.03615867524128 6.36580218651434 4.95554801252659 5.34124400566734 -2.02166007951533 6.33078050967366 4.27633625148707 -1.53120054198383 0.748605318746079 0.706296746606931 1.66556188033495 31 "B" 481
-11.0607320376254 4.18711696789655 5.0178186525168 3.07441876243869 -5.38136348858394 0.625849191422501 6.22950595078973 5.36144269995076 15.2547421513413 0.0577638517779204 1.59753446365387 -2.55446768977207 -6.0345025093345 9.8131252022771 -4.21182725646682 11.2489072816052 -5.92543152869733 -3.9031749515605 -4.51167264259014 1.64435681897123 30 "B" 453
-6.30239766432557 3.36032582336928 -5.6627684386432 10.2647649221640 -2.38136348858394 -0.769742425349941 0.653973233467057 -3.51243798579387 5.05469536845133 -2.46446926362209 3.70704015220289 -8.37022986593069 -7.5091534816287 8.8439396750686 3.03174126265780 -4.86630586270649 0.422937111092262 -11.7284439710787 -3.07347207888899 -0.0907288221660466 30 "B" 456
-4.91512196478644 1.32667971996278 -0.547985315288962 2.24521799651934 3.61863651141606 0.426479248089917 -0.607264521258379 -2.80083327550165 1.03692073485793 -4.95312538794818 0.168714502673836 -5.84810382249033 -4.87072821240725 -13.4094220393356 -5.26215278507279 10.5218773514349 -3.95900157693135 2.15623722200943 -3.51930876753623 -10.1550669200831 30 "A" 462
-8.52549768398343 -10.7316549508222 -0.422664361416931 5.96354502231713 6.77537428498773 -2.03598404501151 -11.0257474515205 3.41465432245942 2.58157709239478 8.23134089664037 -7.06991015402988 -0.170869938943081 2.46892945816199 -4.037619561723 6.30515715895669 2.06978434092898 7.94981020713023 -6.36727988122319 -3.00615959205528 -1.63022601874153 34 "B" 525
4.77623931063619 -4.67042011402085 0.943467589901307 5.48614879013405 4.34434540766564 10.3808126906215 -3.26998761722046 0.0082362442395159 12.7248376556502 -3.94607297188462 -9.1294356933011 5.97274735993893 5.48103065812139 5.67273432398079 -10.8645352632667 8.31785014099466 2.61785437811128 -6.96446336131223 13.7878240880903 -8.97057666688649 23 "B" 358
-8.66535161229536 -11.5639467975979 -0.750877361589165 -2.67439503713337 -1.42054793197686 -7.74482112451247 -2.89810484325509 7.69868451044798 -7.9970947242291 -4.47014234984149 -2.87031393737578 -0.0906649042259229 -3.22847843468562 4.47203181131433 -2.16847895579471 0.629874417074873 4.82667145072031 -2.9707204090744 3.14413454493389 2.87132118070375 29 "A" 442
-2.5651672315422 -1.43517312435832 2.24674578637991 -1.14541898893239 2.57945206802314 -8.7970495694603 -0.157370118540462 -6.13584116542627 -2.35715438333648 2.83767077563738 -2.75246560536265 -9.74845842394453 -8.84893128837961 -5.97315056997286 -1.86734197863724 -4.47755954112202 -0.277328626325871 3.54088755708624 -2.79370828505136 4.10803501350181 29 "A" 446
2.89145578901331 6.03000631091957 9.17866296537417 3.23972587146579 -1.22462571501227 -1.02848599395558 1.46388013296895 10.5860426657431 -6.33731649040213 -0.456780397536901 10.6629463882282 -0.964296931722099 6.1633787676617 11.9087839593736 -0.163856929578490 -10.3231401741899 -1.34629244969258 -2.20501057285161 -10.1471096708154 3.58997248833002 34 "A" 517
2.36455555063064 2.60287208610125 0.444127040073762 4.490058997774 4.50108318123731 9.0201575169905 6.55144181623213 8.47323271146844 4.74253575810604 -13.6797764460490 3.26752574679029 -8.638037939076 -4.76362537694000 1.48054911234920 0.568703351462695 0.50407354441748 -14.9271389174242 15.3213685590396 4.06971680215343 -1.24644439528545 27 "B" 418
-4.1451272876797 -9.7602196385165 -1.94600429501658 -3.55545399615791 -3.14625682822644 -3.47028424819202 5.52445940808753 -0.418711606778728 4.50529551271043 6.37602892939337 -6.71290708214569 -4.86631907249674 0.273864552127302 -4.61150031767804 -4.45624674970175 -5.93452381973134 -5.03976795528261 -2.36912528336613 -7.51135561354828 7.00115102214213 36 "A" 545
6.38084418209759 1.51937840051054 -12.3162337355044 -11.9156446798857 0.0496653887381441 1.30949492644548 0.799047664926286 -7.31039600903677 7.60277600877868 -1.19724286304552 2.27872655298597 1.47246683476202 -0.938046875526713 -0.209709431631769 -2.49387456424978 -5.50982769564523 4.32742578830725 -2.82443996514076 -1.57820798466502 -1.36083407339945 41 "B" 623
4.89535119834978 -2.10064547688484 -4.16154299199244 -9.93902570282347 -1.49891681876269 2.77233745459478 3.7039791379363 -5.48030167729326 8.33043477520887 5.21533506044462 -4.14799989117535 13.5705199913743 4.81512705796214 -4.19799450230158 -7.47489824194517 5.45765690269594 -2.10218904995811 -1.47043721060970 2.51794201399848 1.75914982412247 27 "A" 412
-7.03994323496858 -17.3507187821687 -5.73480070531835 -3.60520507599421 -1.53810126215560 0.785430521068687 11.2287538910040 -5.49974161807524 -7.20213795541553 -3.68543822115705 2.96095392380963 6.32164923880763 -1.73179949463192 -5.14792585045252 -5.3895008053504 0.817067615858115 3.09543911033859 -2.55634266508222 -0.412193065223569 12.8666686171694 26 "A" 397
-0.46529091056472 -13.4961403951366 3.71738926788046 -0.905215490421513 2.04966538873814 3.29862693258565 -2.77421363051913 9.58291462989868 -0.590971367254055 -1.21567175455575 5.91379294286871 -2.72138891335508 -2.10737840638435 -6.72907316713851 7.9516327341344 -1.62547177616705 -7.65456696100679 -1.47341808972512 -11.3235050485209 -0.13031164266375 41 "B" 625
0.577380543302027 1.73110476003835 -0.367211776759080 -1.41276645241684 1.42271429445148 -4.02400816306526 -2.96757125233233 -6.92835490622126 1.34103480021339 2.08441902761240 -5.28315655885134 -3.20651253654958 1.24217341433415 2.88546342077726 12.0674663514879 -1.06347696170771 9.60791104380964 -21.3424478436913 -1.75167160962273 -4.00897377418136 25 "B" 385
-0.72284816607231 -0.173303125348705 -7.65157086763245 -7.53786445779465 0.0104809453452414 -5.30718060163208 1.67936394294605 12.8253884991600 7.4202717272808 -4.67168066645985 0.0615314904330857 2.08945929937651 1.20772435320487 -0.173286636876596 -4.60861356589999 -5.61041450937906 5.48534083673886 -4.02513732077039 -3.97440641055541 8.27859267956638 40 "B" 608
4.59090671776739 1.30972368037754 8.68346122339162 10.5610930603260 -3.45973237536977 -5.9925905993429 0.755894882119852 8.85677384923177 6.19552085370189 10.1368175955442 -3.85950411462149 -2.24623458750672 6.54173511655467 -5.32672979769227 10.8409195740229 2.15983500161715 -2.68535924049249 2.11814688522967 8.21468816026338 -4.67789867730002 28 "B" 425
-6.72695841740325 0.768829263038104 -6.75332973021721 -0.528258565502674 -12.1854412716194 -2.85202094656391 1.75733577301716 -0.748240965268919 -0.782139165989492 -5.82452330370865 -6.4434083418623 1.12288853796972 0.360501893482334 -6.95227214378683 2.42392478962186 -4.99569134182996 -5.39437123966328 9.32055613601524 1.56162054841967 3.52250147674306 35 "A" 521
3.58028174320203 -0.301602182558026 1.89733608311910 9.571273607632 0.54026762463023 3.21980213896092 6.70057571105159 -6.96668260057203 0.627119734522565 7.56310085731764 6.4561951455834 -6.75004695733022 0.0679424400899069 -4.77389015630196 2.81052284809532 -6.2904091873373 2.34653721266132 -8.22679177065578 -5.98620194401606 -1.24853561898901 28 "B" 429
8.3344356271062 -3.82501963083621 1.47264072707699 1.32218847292122 0.54026762463023 2.63486050859958 -1.33348590226095 7.10658567300613 3.25308339187048 0.691951069502735 2.47811178797963 -2.352994652308 -2.90326222596885 -4.50583698343416 -2.00770372168649 0.577539969007631 -3.39781235931416 -7.25404743676416 1.52430483600747 -4.94862184409158 28 "B" 429
-4.63724679041614 0.366704640478306 2.73569554932802 7.02362866158227 -4.22462571501227 -1.22685707811019 -6.74598374850032 -3.93044765590381 1.61612737255429 3.66987889649572 1.52094226723717 2.69847485714511 -5.35682078067875 6.64582493638077 1.94411331029355 -2.29885582379290 -0.759699752946759 3.97244717415481 4.32511950697337 4.5703988724259 34 "A" 514
12.4530317669731 -5.70422940318475 0.82245275188051 2.70529173315689 2.38352985105856 5.53028179552863 2.4116220545645 5.3383715558647 -0.922069888438677 11.6452625757966 -3.50120156649168 9.27379447476853 3.7330571650263 -1.06148745613142 2.71676895381371 1.54727671781960 -2.96673426739785 -9.34979245578573 3.26847171587841 -2.9935470187603 24 "B" 371
-3.96179663741778 0.220021602202869 -1.88293581416819 -3.05473279747461 0.422714294451481 -3.2141434641232 -0.0415220178938088 2.57007488109129 9.56145377453224 0.495118759724018 -7.2268641335834 2.96281211644842 2.97814717792799 1.13264184571685 4.73199860906421 -1.31226082801932 -1.96663299622281 11.8312576990642 -3.12993641207226 1.58395146374898 25 "B" 384
0.655337155448411 6.61348333235878 5.51005044918066 9.19139942519097 4.50108318123731 -0.161681310033318 -3.31333374234747 10.4465731490147 0.23671418390531 -1.72009937554843 -1.66596042737039 -0.00550642424954444 5.12745406199606 0.111400856321903 10.5769552227767 2.51357814836079 5.32514076078168 3.50568273945959 5.37541621315584 5.08134077497278 27 "B" 418
1.9618410556738 -2.19277559504178 6.00119594548246 4.94997052839543 0.0496653887381441 -6.63451709129466 -7.93964021589158 -2.53189705580188 -2.90275739125375 -4.633988925417 0.379659192733246 -2.89753626526753 -1.33025093567734 -9.6327492866043 -7.57000842349496 3.01336539024918 -2.86282828417243 -0.316880411404308 -4.37410125599624 -0.807145903586098 41 "B" 623
0.105050451095613 5.07682091470506 -11.2330402488158 4.27042521404195 -2.53810126215560 5.26796391273222 -7.58797613505222 3.80216145825678 -5.03835117069089 -3.31589965680109 -3.68348409944447 2.36786443858236 -6.74268121209275 2.02365957356377 0.606142326175199 -0.451404337486684 -2.21679875687663 3.82640415829974 -7.03632176375259 7.88492336099608 26 "A" 396
-8.64200020817162 0.90764276998683 -9.13567991704965 -5.2036722951273 -1.49891681876269 -6.44859883290453 -3.59211420662435 -1.74603606587124 -3.66492056855643 2.03710348839060 3.73544821142379 5.06842842769111 11.4139283666267 7.47242573438364 -6.67466158350762 0.308969648428372 0.299903501490305 3.09523577564333 -2.46676799562034 4.34474324618616 27 "B" 412
4.07471174370095 7.16131258516431 3.76388197001072 6.60232654407263 6.42271429445148 -0.3378266952759 -2.48732723129778 1.71709508662357 -9.99603256328414 4.05196222448676 6.87104664704208 -1.63941189166689 4.79785701671162 3.17390458577390 -4.74021758081227 -2.34562844406982 -5.57017828274077 -3.69566230849796 -4.47104243941941 1.77207200671326 25 "A" 390
-2.27770863458602 6.04224156518732 11.1520997809862 -7.17751193468116 -12.3029946017981 -0.873840022523873 1.00388249411614 -0.917265565040244 -10.9203721862814 -3.94151842389709 0.528115884344851 4.57743973207177 -2.48791576169274 3.23184747457684 7.12892663612604 12.3855116180551 1.66598007692787 -2.52499495570535 -1.71789745712499 5.88003271105648 32 "A" 476
8.13790514611159 -2.96397646422782 -7.51200149919668 -2.63504456587441 2.85374317177356 0.352132451875932 -5.77114081541098 4.19753351072032 -8.41589986224807 -8.1198101112547 -1.12028897031160 4.34194223560563 -10.2298024896288 1.18362014576660 7.05566945157816 1.68782564218359 0.144296327886768 1.73460420346925 -6.30812450220685 4.64530150569212 36 "A" 551
1.61872724370705 3.40872336492962 1.00069214114948 3.70350997292162 2.85374317177356 -1.60250285406140 -7.72843964690855 7.82868701623033 -9.03406255651404 1.78555461529863 9.51567668228346 -2.07447453603687 9.44165493807001 8.22377274110046 6.24853479389677 -9.65441248530638 7.90310788042275 -6.1737451021016 6.33157907441527 6.4575340290001 36 "B" 551
12.4016618905612 -5.36992322855221 0.901904130972424 -4.96875643869739 4.42271429445148 6.11165707271188 8.17802685580789 -8.91495077376275 12.1411593985338 -0.329413242542673 -1.93766975571964 -0.962832719400875 5.52726302296922 3.12402071890219 -0.677438758029998 -3.50205151447902 5.09208734522577 0.0347907104969123 -2.82476586229179 -0.505909888943656 25 "B" 388
-2.63074020666754 -6.43780359486094 -3.80003254525346 -9.53845616957885 -10.9503346112619 -4.13541119148626 2.32271399522356 -1.02393631273803 -2.28846446090540 -5.18935697576916 4.61994041241422 -0.871227608583922 0.768331340318043 1.49778640001732 7.30063659435415 -2.39589600671713 9.17827164062725 -3.22246601544991 -5.10857311090517 -0.309867293410659 41 "A" 612
5.38688402945438 -4.90014255375783 -2.91827944858132 4.61828345108128 8.42271429445148 0.51057497438511 -2.74364304162632 -4.0448317589609 2.56066165025742 -2.36597370429127 -4.29021521674914 -4.51234202090736 2.47615871039710 0.121859143088663 6.05984179471662 7.2387914900895 -4.21472392137849 0.790200347257823 10.8934430961979 -0.207180589989084 25 "B" 392
2.35883561747236 -7.42126346856437 -3.79899569521980 9.86483200235019 -11.6164701489414 2.75515234431513 4.83747982173475 -6.9735796113245 5.07160317684212 9.639394081986 -1.85182643586971 -2.33607549688896 -2.8724534943314 3.7243272253814 10.4606744876884 -2.10496271100344 -5.11354746765091 -5.12061081510125 -3.55056119441358 3.68305309445741 24 "A" 357
1.66107038275976 2.85322232628258 -5.60196393170583 0.801704285871824 0.0104809453452414 5.58938217816143 -9.8241199785264 11.4403747335152 -4.86478400124252 10.8520945193538 -10.7867257348598 -9.1923186963365 -7.76150841814294 -6.76185347789459 6.90027436676967 -2.43572651785213 -0.823032385311262 8.21821922838413 6.47743948393417 -1.60353296163394 40 "B" 608
10.7163587695923 7.19523929221072 3.14851788685949 -7.63402123942864 0.461898737844395 -4.08691440833632 -0.817750142204965 -5.45831975087918 -4.79919216541881 12.2790673940913 10.5221510883208 -4.81091629235854 9.69929601943626 -8.87334429167166 8.95978655631551 -0.395434678797349 -1.55720604957992 -3.04461320950965 -4.87616913557502 -7.94396009527627 26 "B" 399
-2.95526919533225 6.04179927987144 -8.52841301876556 0.120399229279388 -4.30299460179811 -1.36074824229269 4.95792155185409 -1.30594149226868 -2.86971326138270 4.18808403782665 4.3502837432191 11.5373047400437 -2.93033703215254 5.8654784337416 0.476394439493448 8.99172026582556 5.2988279520081 0.359695751372961 7.23198229347771 -2.31401609821310 32 "B" 484
-7.2525723290397 3.32054149624275 5.97871097166531 -4.50755000452321 -6.18544127161935 2.55265051334809 1.19722448321159 -3.9252706179872 0.759330070360182 -1.19009217941948 2.6405648930283 -8.64765640026494 -1.98193863858634 -4.75208918415223 -6.84600121958416 -1.30971904530771 -0.706562623157143 -2.85650682331631 4.96535246893351 5.3212636124515 35 "A" 527
-7.89691430596543 0.0211611598296624 -7.58451164295987 -0.34502450131697 2.73618984159481 -4.71732514402784 -3.79743289605101 -8.63357215569832 3.70045251130967 -5.90369058569442 1.53801132602639 12.1308183538154 4.51191982197744 -5.68959998138692 -3.73597393048826 -3.61520135744107 3.12318813657168 14.1962695444737 -1.40048373929445 -12.0650185659864 33 "A" 506
-0.416685118720597 -0.149299189282215 -2.13665246681358 6.21870022377616 -8.34217904519103 -0.542320878093672 1.74339821181067 -1.87643578649754 -5.56524022027065 -4.34524449424346 1.67416687235069 -2.96290889918157 1.51642631871526 0.0615717590249622 3.29953006897204 -2.80836430924514 -0.77568326059629 0.529569113228582 2.19317614495837 -0.0731264619141613 31 "A" 465
-0.130644430306274 -6.49541167197558 -5.29790054448506 7.36624193151588 4.38352985105856 -6.37455777889888 -3.69138118279822 5.44195496588204 0.205043132659559 5.08158399488603 2.67936558308572 -12.9488469304639 2.32729066828876 6.62945191289065 -7.51434435274551 5.38642672703066 5.03120281962204 5.07239714279382 -5.37558287172404 4.33014309269728 24 "B" 373
-5.1917243471312 0.498804597617764 -2.72461998067037 6.83789292691474 4.97129650195231 7.77438404456603 8.61757828760888 -0.626007649294762 -1.11083572111428 -5.0512154998049 2.33828951022478 -6.29610374212014 -1.66068872008570 -6.81105033449382 0.700384975212656 -5.48605835575234 5.04850844120164 0.160842318422382 -1.66852761705185 -4.14586505658917 39 "B" 598
-3.21236597436439 -5.40984395161085 8.14021643105783 -3.78198137912245 12.6186365114161 -1.67325714054328 7.96709270416946 0.00809413753006051 5.05483760862582 2.08130831171104 -13.3356781238970 -3.44359174675246 -14.9417135801429 0.239046870034025 9.0208253152256 -2.73797393425149 -0.784043300122888 -1.54411513610436 5.109978786411 1.08597505969532 30 "B" 471
7.1877873560617 6.25368811933671 -1.11572316760493 -6.2389217062298 -1.30299460179811 -4.47600045520117 -4.05168796149194 -0.138222799121479 0.689787833272994 0.575071488468547 -1.25084314650184 2.13609174984600 1.60750359771461 2.8279310926124 -2.81846262804964 2.18373565128225 -5.63329671629196 -3.63775033788926 -2.37025288831843 3.97386908755157 32 "B" 487
5.01562488229573 -5.01678248875873 0.59350091652026 0.632017147795455 -7.61647014894144 7.5183597474734 3.77862052759930 2.77591176088401 -0.229315147608915 4.99804263212008 1.06656888722237 4.47001070691463 0.271458713866989 -7.07240709867655 -3.61120032839968 1.98494992539954 13.2002558037604 -6.45532063196023 -3.87289615950009 -3.01731994108913 24 "A" 361
-1.40783902642726 -2.85795439459582 -2.08903443914113 2.57419449631492 -0.45973237536977 -0.222455609334691 9.13719917763407 -9.11459645749126 -3.19650703302818 -4.79517346795529 -5.58718276657991 9.27329650757295 -5.18805638477178 -5.84646969201012 -4.29942786926164 5.6211173351094 0.888850176942277 -1.09046818699218 6.45552737880116 -2.68246920065069 28 "B" 428
4.82389739945974 5.4388267142532 5.23401337150196 -2.34238903810519 -2.75441239429725 -11.6695206785766 -5.52112056788353 -7.23665577020074 2.02502221669618 -1.95129738498805 -9.48994357375536 -3.89143564707660 -3.41017977458574 -7.43884148940561 0.328615191790507 -5.27222229961586 -3.98306852067635 8.46054062681667 1.90992978704784 3.08910350011808 46 "A" 695
-4.85228728943266 -7.57127504268809 2.19976759724006 5.78935129070261 -4.42054793197686 13.9454739444333 -6.3409532588245 3.67762716584847 -4.53227124787893 -6.47548465950949 5.78773354481032 -9.57086877300504 5.5437960375929 -0.639665800203974 4.96735224358714 -1.07923529509798 4.00156847916557 -4.41153191842186 5.45548280196085 1.4651382077034 29 "A" 439
-7.54799370583446 -2.23897233526144 1.82923483778426 -5.30096704695686 -2.73402347912019 -6.48537322335909 -0.521257604945967 -2.94286736782057 1.62537767764343 -3.9080647199603 7.04907074990008 6.07274896071802 4.30583227816159 -0.0509958300384652 -4.39243704929026 -4.76566363630206 4.68280728301187 -2.78976382566651 0.576523146912965 16.2541604741627 21 "A" 321
2.39776369055104 0.180815759085192 8.3539578030956 0.722790442163672 5.61863651141606 2.79521595958339 -6.96317042539245 10.2164568428283 4.89599179770915 3.55596039286107 -3.28340678654342 8.93449380341481 -1.72785836589360 4.4832786972997 -1.05904303225568 -3.68960562924529 8.10289502049945 -1.08201628709769 0.439167359762801 9.18395122289457 30 "A" 464
-2.11634331519340 -8.36469425639462 0.728205996887352 -6.48147233830499 14.0496653887381 -4.36178745169733 8.22487848169455 6.0941356185681 -4.55681118752789 8.83379018733202 2.09939259115196 3.91578328322621 3.00233731334756 -6.16297192886948 14.9774706350356 -3.16881940856807 -4.88462039380253 -10.3368113033366 3.62571577630508 -1.94014668229078 41 "B" 637
-5.19015579543376 -0.928563799266925 6.6034806086777 -5.24861194715871 -6.45973237536977 0.298308955013424 5.20609365748206 -4.04384826500379 -1.96439247099999 1.66503019179447 -8.21915532073335 -8.61960057548967 -6.18182899264843 3.02847698885534 7.05336444433385 -7.48732417522064 2.41365471909266 0.407830061232288 2.55252234086422 -1.30640433970007 28 "B" 422
10.8620401441982 15.2701947508710 -1.77122947171036 -2.41876091987232 -0.146256828226439 -0.0569240120079787 3.50217608474746 -1.17892056607636 0.43576834240465 1.75621373871637 3.05021807703193 6.85473348731807 -2.19696025152738 -6.11762740991472 7.08119968040001 2.50243121150294 -1.94170894394973 -10.9168682108363 -2.86346826489959 13.1275929951287 36 "A" 548
-2.49998214946936 -0.409451492580324 4.665435523631 -0.859835996363827 -8.10707238483351 -4.52302791433 11.7982778497149 -0.484249055978817 5.67130081165732 -4.50341121360948 -0.509626119685533 1.62520237658166 1.62882388877167 -4.22431175226684 -3.9249272271957 -1.22691663130500 -0.992901247896757 1.57052437718763 -9.64653555422794 8.4268203261539 37 "B" 555
-8.69351796593192 -0.520749809358239 -7.40681771488769 -4.00902874611269 -6.42054793197686 0.652075121823878 1.03018867448887 -1.10101696470052 4.86944834394210 2.88192492125254 0.200853701771545 1.78820708217462 2.4178574921053 -4.59895822089365 -5.25602422623108 3.00499359145229 4.33511757737335 4.76773677598273 13.6832355029408 -2.81720743631659 29 "B" 437
10.3736474383067 -15.0427642008452 4.88866896015575 -6.28139964682366 -2.45973237536977 -5.30993285265238 1.92884131041845 -0.228380602596684 2.2549904685406 2.76025979596002 0.947507629531852 6.64971592462253 -2.9033486345936 -5.14503189497656 9.8092051453636 6.53193239606924 -1.28581637533947 4.88897359856502 4.4393001445585 2.78591082295230 28 "A" 426
1.55485958593632 5.22189981918901 -1.09387008328969 6.88283292343699 -7.42054793197686 2.09919374937544 3.39391942164226 -2.30082510649645 0.610017866294507 -1.99639051870595 9.84502155933784 1.51291653420122 -4.25785107489813 -0.85228846445108 -1.40370197402850 -4.50510699799025 -2.51188642652930 -6.63525298854285 -3.29040537665246 -3.50161359506831 29 "A" 436
4.26352884715006 -3.82778822933678 4.11306039490533 0.678487552787023 -2.61647014894144 2.04983128574993 -7.08517536512805 2.7261935910675 -1.98174162084310 -10.3149300235363 3.54553394184735 10.8341341395019 1.52465223288774 -7.19896878687057 2.18861313975029 -1.60995370136536 1.62694618917254 -10.1106900953057 1.77193333013797 -10.0213133332629 24 "B" 366
-1.77496684162491 -6.35977204110919 -4.41644836368143 18.7152710600125 0.383529851058555 -1.64456934231589 2.80290025778864 1.09076524439430 -0.728627275788622 1.61020238842602 -6.65063865168954 -2.05166025700133 2.03112810543865 -0.518612484192689 4.49912913131771 4.58022876365686 2.97344028046818 4.80902513322497 9.41377644766898 -0.972262744297914 24 "A" 369
