"sim1" "sim2" "sim3" "sim4" "sim5" "sim6" "sim7" "sim8" "sim9" "sim10" "sim11" "sim12" "sim13" "obs14" "sim15" "sim16" "sim17" "sim18" "sim19" "sim20" "age" "grp" "weight"
2.65802004722855 -6.82506532457025 -9.10746194675896 -4.81756894818367 3.46086099104591 -1.55153775787931 14.0665078346479 -8.19267439653371 0.216978114855655 3.96385054060353 -4.47147420951126 15.597729473916 -1.89168049150261 2.94908658743603 -3.52482139539677 -0.82030833942955 3.73275466530234 0.75866468344669 8.9207744714003 -5.54154173232945 30 "B" 458
3.97782148306189 4.5822112413712 5.47003636842702 7.82336530806501 -3.03353949914509 2.263750351692 -4.83511735545484 8.69502273324939 -0.164272716979379 1.05312062804427 -0.935854121045703 2.25964114072045 -0.523562547007642 2.94908658743611 -2.27168776864775 1.85230685145798 3.83575842566847 5.8216932932717 4.8869422543091 12.5640993390529 30 "A" 458
4.92445981124073 5.70289929215951 2.80299648688173 9.46745500538571 2.56579201848632 -7.11003858627912 3.58715112348624 6.08095444559294 1.27603412147532 -1.38779056754029 -3.96112526992015 3.61217387003521 -5.87020111353315 1.16623429541597 5.3554709074695 -1.01430111013215 -2.06563429827113 4.67424685366151 8.30950454042296 -0.620954690426908 25 "B" 381
-5.14746582587175 0.801095295978897 -4.56062889372287 -0.415496084233268 3.04663277453078 2.91571402702240 6.2633432327934 -2.40774597811600 2.88922190554884 6.32840016785428 6.33965128492664 -11.4944317275424 1.24692722172486 -1.05091341256366 -3.99391106536704 9.2294323762742 -3.0940690513621 -4.3598541725443 2.35466388917271 -1.55664668538149 30 "A" 454
6.32802559611932 -8.46926474626295 -1.41538481337187 -4.06393344971887 5.26430309976702 -1.14643619386768 -5.83674391965719 -3.11414081620319 4.08724801703752 0.451960362919184 -3.88959240963271 0.749733709492723 -3.13056632170072 -9.00748387096774 -0.278800089536166 -2.67782227398400 -0.439917648955631 5.17229380578062 -2.44993009830407 -10.2376288397441 29 "A" 431
10.5474433248344 3.90813524861708 0.681169231158112 4.30738646196388 -6.15710742190981 -5.64968203274942 -1.00775243672697 5.18190665922177 2.36121167092577 8.05360828065015 0.588108163786397 1.63450895247183 0.513632632785352 -4.13777249575551 12.2839194423463 2.42088236435982 1.20390081361848 -9.23550731782958 -10.8668717830955 2.00714580015944 32 "A" 481
-2.5502996227872 8.58679072670495 -7.00428422917758 2.37797907113869 3.27400805465963 -6.14929931225208 -2.27236534307093 -0.989775982747912 -0.0245904689931272 9.19617456886977 3.70682711967878 -2.17499349761847 2.35551258316927 -8.35492020373514 -5.36584078891566 -3.44138181434008 -2.97956699452651 2.36065349066801 7.58499919876758 -0.79120624139115 37 "B" 552
-4.91661894040676 1.35236483936812 -2.06254888142809 -5.27688788639894 -1.84533138859421 -6.0954279723918 -0.437418624739926 -4.15173306569172 -4.36886878591132 8.12514011394431 3.26414814493347 -4.55713991355136 -3.98637313049117 1.03594567062819 3.88385574111025 -0.289371807969659 -5.88430709733127 -6.38550915916826 3.44683718174851 -3.50410072538442 28 "A" 426
-8.56689514119095 -6.1505281957074 -10.2293420755373 1.06480975454291 2.87923576542368 0.431120055304058 10.9036339298873 6.1147757368329 -1.83443364130505 0.358117299836828 5.51442150588077 -2.48436701694065 4.75181195022869 -3.66004753820034 1.53211437245525 14.4651090299987 0.0482754149524188 5.65377407723425 -4.21661896010467 1.43930650096885 21 "B" 316
-0.546534651747692 -7.75891310057814 -5.91063013191697 3.39340473045859 -2.69495274093479 -5.86445239954191 -6.05461568282392 3.28908794033281 -3.90121594381488 0.819378833655299 -5.55335066179895 1.47616188374401 -8.21916348335384 -1.26806112054329 -3.94523406488754 -1.08137125632399 -1.03882266215994 5.24718908368024 8.62514058692438 -1.64198314896277 35 "B" 529
4.53759480955494 2.35814922259171 -6.58665499456235 -5.60988971478224 -10.9698629461594 2.60099439945101 3.81947548717126 2.86377998151015 -3.69538464446005 3.47993824260131 -0.375747025243382 6.48371632843119 -3.15654021353886 -8.35492020373514 -2.17984107141141 0.646306021578115 -2.86360895004328 -2.81569840651917 6.0185647793202 -5.64886979762232 37 "B" 552
4.08946624352924 1.50736708810873 -5.96977536517841 1.99788822366806 -0.868789451692627 9.50434010058008 1.30568566935314 -1.86951276772765 -1.47115976851038 3.58737002719982 3.59952418323484 -0.227483220942644 2.82708123102043 -5.09434295415959 -2.30338772436243 -1.54688664734136 -2.78467007563457 -4.68345961153442 -0.351038597236133 -1.42706347013515 31 "A" 465
-0.346392104370407 -7.18795010818113 -3.30385876837813 1.31259626724868 -0.284235529466561 -5.09167116464012 7.62926870936781 -0.924940641942497 4.75980971746627 -7.78023575220816 -3.60983456247577 -3.56447360875461 -3.9628697833952 0.949086587436338 11.5056499918437 -6.95426871958024 4.40354713570251 -5.24166610157503 2.34339270786419 -0.48001656610505 30 "B" 456
-7.31588127415974 -1.04495461473443 4.49071684903260 -0.00662212560010876 -4.86671249996392 -6.49157076309559 -5.69715141850068 10.4516686265979 10.1351256330738 -3.13977960912999 -9.16872480910736 -0.738380277650818 -3.82313037761215 1.20966383701190 -3.42417990684446 1.29864172380972 -9.60487069958464 3.05167788839989 3.63882443037544 -3.33155708851577 24 "B" 366
7.42912750359267 -3.91186149392872 -2.29120019489172 -0.276885705683925 0.279012671893557 0.155397324266527 1.63088117731776 2.56626251864713 1.98985869031334 2.42637788657073 -8.36227983870881 5.34019936492961 1.64117398178263 4.12280475382003 -0.317271355279463 -3.79541389507052 2.85370926259581 2.36140220429384 -0.96264951530527 2.97080659819607 26 "B" 399
-0.427188257623785 -1.74720684672098 -2.40378827588005 8.50788583663749 -7.68632094964994 4.4451191641014 4.10671384970566 2.22031916363363 -2.89071541012361 -0.721378260190374 -1.98752422713503 1.32918287961735 3.0390199359368 -0.615497453310695 -7.9064068175661 5.15273799853744 -9.66762409165378 -2.91653020550488 -4.82452855397447 -5.43376226696241 43 "B" 650
-0.61865424621378 -2.95666916292539 7.57418187525492 1.14801884388765 1.16261158270277 2.59863849639902 0.693592548061531 2.53220852919756 3.83428162806643 0.66799061805366 -2.05988242139619 -4.53313614256314 -4.08363484579148 -2.13777249575551 3.61106977317976 -9.53212373361066 -6.20151800762148 -3.17918387320518 12.8814756262372 0.572358799693629 32 "A" 483
0.65097841143223 5.75726729580044 -0.986719578621381 -6.40357143315127 2.05672424413725 0.232296682527431 -17.2198237931932 9.06398778813787 12.6787468507682 -5.4292975555372 3.31715226377654 2.37409304253849 5.04722430817772 11.0359456706282 3.79764142246028 -2.44743050483347 1.67926757262977 -7.12977707560717 -1.26686027548843 4.44880261900043 28 "B" 436
-1.15314602870588 1.28615984907229 4.76509777277307 -9.80375918969336 -0.0355166451965155 -9.01920676943963 7.51636616594777 0.948330194173583 -0.899322311570644 -4.33047573066806 9.42069792795948 -1.22721918103404 1.47968604384843 -12.8771952461800 9.27379286186557 6.74369394567255 3.69114034138182 0.913006213033551 1.56037725929674 1.14284436552172 26 "B" 382
8.31271984352282 -1.27033860268044 2.34923276995859 -2.33582882647047 5.26688222777065 -2.91023259415081 0.381934541100952 1.54599585727828 2.56206996787246 0.216198427237563 2.78633170839048 -0.720656777193824 8.84042342295477 1.77536842105264 6.51209811435939 1.1991367939679 0.424802072560827 3.08838466835261 -10.4660532001152 -5.06304392601071 34 "B" 517
0.0834132528231816 -2.56395295080756 4.66271708796373 -4.80632358241679 3.66625310206791 0.175284208132478 -2.12600849857825 1.10660808408009 3.89494255114361 -0.264477950943558 12.5937870402288 -0.298193901482915 -1.50930089244156 3.99251612903226 2.31305438448485 -8.94795953085191 5.4617222518013 -0.138511449391106 -5.18531959675168 4.4669245953978 29 "B" 444
0.932828501784833 8.97720436355053 2.87411541525615 1.81301953275042 -1.10914821653507 -5.58732672744077 5.26940954637095 2.69562945478378 1.19037825722926 0.57400162857352 1.35104104113012 -2.34944185441651 -6.58102619103522 5.64507979626486 -2.64678602840121 -0.598708503196332 3.11271435322395 -0.596534331578494 2.30305718457499 1.21738045370824 37 "A" 566
8.5440779123718 4.44385787770164 -6.19094372381921 -4.83132723830115 4.94903275515673 -6.404248448034 -2.37374249781312 -5.8788449613435 3.78432550184891 4.86185087265208 -5.04559293909807 -3.02343323803006 1.71467171498440 -0.833765704584034 -13.0581928879908 -4.6342011227653 -10.7715238757275 -11.1038496725287 -3.94334032772802 -2.80996085952784 25 "A" 379
2.13579092648548 -1.33410483029569 -2.04784251553884 0.310374318991027 -3.85671340235037 3.43606373204653 6.7339661958135 -9.61644789470342 0.0611345320104033 1.65846714991995 -8.60841870890778 4.48664081577110 -3.28370076196804 7.558220713073 -4.93425501577524 -0.759449316080472 5.00514515631993 -5.45768632877506 11.4623350768777 -13.7450306716058 39 "A" 598
7.64170488898006 2.90261829265855 9.91443741552907 5.37811216956877 -2.84941507109966 1.24653378573711 0.0440035113232385 6.36576588186632 -8.10870323701393 4.59753349221258 4.62558947202431 6.9627335697991 0.122163191388751 0.296522920203737 -2.01039911034043 1.72400973387593 -2.26587314106053 1.89838052392801 8.27327070911114 -2.91845166345080 22 "B" 335
-0.538797385705526 3.27703097865693 7.27902980381154 -4.67608382221281 2.17704935471776 1.91551797628629 7.53390838495098 -0.912094722253436 4.03492158964428 -2.78205247297073 -0.961842463218133 -3.84501127361390 0.187416185013232 0.079375212224126 1.26616419720725 -5.12094198778481 2.13350752828876 2.83662186839465 5.13857267753343 -9.08114163744012 27 "A" 410
-0.43098226231637 -2.46244888000684 -8.60219720813518 -5.25889007417876 -1.09495588626888 11.9247114872583 -4.41738074444276 2.06643700784199 1.19947980914847 4.22868426646951 1.83115747910512 -4.62349927051720 4.06237135956316 -5.87719524617997 3.99364679813875 3.21679217807290 6.67909731312293 8.26438371078845 -3.90300515639897 1.03107778798335 26 "B" 389
3.37729058222772 -10.2950935299031 0.894722471605551 8.69618381422009 -2.94888345735866 -0.964192491892026 -3.24496044764915 -3.69106038837933 -7.57701225869227 -3.55470203695196 0.693771837645852 -0.828584567685983 4.17693470653265 -4.96405432937181 1.41006690053977 2.65977643495386 -1.67916754701357 -11.4278551993141 -6.59326526036863 6.41277645832626 28 "B" 420
-5.18070513213205 -3.15779793409795 -7.27796834729114 -8.69407950247118 -3.13336304366852 3.33192949411572 10.7138182752392 -9.54262354555163 0.577316183123116 -0.405421256347941 -10.1306193759289 4.17510120123963 1.24057434434106 -1.09434295415959 -4.55692535630533 1.20828347748219 -7.93241007362849 8.83899488164534 -3.74625768807375 -3.38895054096843 31 "A" 469
-5.1975395619494 -6.84224161839128 -6.04183215081045 6.956764696627 1.49256281107572 -5.80503759127285 -1.49466808349491 -2.60562440969555 -3.80145865598806 0.693898553466029 -3.63005059108584 2.08304531740961 -2.13076569822942 -0.0509134125636614 -5.63436041131062 2.48054799486073 -6.60606192619249 -11.3274247689856 -4.3126600351609 -5.39269951474398 30 "B" 455
2.96818733157386 0.664886277587371 1.83604287471082 1.77831409668739 -5.35182807650275 2.21912891466063 5.67328839563874 -0.395072380847868 -1.48256013508046 -5.27382976983046 -6.6056851430926 2.65683993308061 0.897892725515606 -3.05091341256366 -1.07915110543072 -1.71458444568928 -4.18308586081458 -2.77541111054212 1.43202899809563 -0.941556552443917 30 "A" 452
-8.72106055847036 -0.301932529851503 -4.8368704906734 -10.9061653307141 -1.50642725397431 -2.85297888451519 8.49934804547946 -0.523633020822953 -4.2898942438719 4.6563628238384 -2.1777034409821 5.93444288046412 -5.84258131692714 -3.18120203735144 6.73339420935342 -6.69293083214045 0.118990239572945 2.02851140230329 -2.76647278252313 -4.68867375389158 33 "B" 497
-5.47988972288091 2.63637291228809 16.8792992250840 1.30859654421447 4.47744571204165 11.4962859280257 8.15342486241592 -3.00253041085447 -4.16136482149702 4.96853780030594 6.96269583446194 7.29911294959005 -0.289810061088587 -2.13777249575551 -1.30885764377303 0.912767942013128 3.67360223550603 -12.9929970022108 -0.571693297191863 -3.87128396654490 32 "B" 483
-0.280322566143721 -5.2619496884759 9.08707248297125 -2.6817364142211 -1.52268044861480 8.77450379766823 -7.15711268364594 -1.91646521877557 1.12018975913651 5.66316311911391 -2.51527818991315 10.7432774831663 -0.299206450520565 -2.00748387096774 6.53733478205276 9.85157538523723 1.12481168246052 0.00188724031242149 3.39804269239899 -2.3835495297572 29 "A" 438
-0.455382497094336 1.70348426250948 -0.141268801701226 -2.97723332724862 5.18161825619279 -6.20029027242919 -4.85764241622155 0.316228602496796 -7.46732238443745 -8.19972448277449 -2.11073836615994 8.44966847707902 -4.44413918997099 3.07937521222413 6.27533446991899 4.0568354154857 -7.38508686678198 0.0142868269077272 4.26773392593130 2.20229778177659 27 "A" 413
-3.92960153992357 -6.16997713569311 -4.91356428136415 1.03877992535802 -1.6826547146306 4.45811899153285 2.14084740557517 -7.64805616846802 0.401837315257788 -0.698498279565489 -6.68064993299804 -11.5120685786302 -0.966263739406224 9.07937521222413 5.52506395091351 -6.84057270024304 9.46294881305509 5.94114548791641 11.4562191321797 -9.6842212701008 27 "B" 419
-10.0004546549912 -0.0996888301003267 1.16862468037466 0.445545981747912 1.29717217365232 1.32165769984018 -2.20554405311507 -1.00542557841133 -2.15508120078821 1.04378538082495 -3.17398375509521 7.17360232664886 -2.62117665295546 -6.26806112054329 -2.88976256002163 7.55011098325243 -5.73227970257013 -5.67485175471503 -1.17234475805049 7.18145616838963 35 "B" 524
-2.06222545909887 -1.84139092838067 7.97718515621256 6.68388831234662 -8.0594140548911 1.53769499111899 -2.3738497333381 1.98457575283403 2.88392780030004 -5.80836478046642 -1.67881493806171 6.67750440075203 -6.54787234098201 0.818797962648567 5.48250517161685 1.07591240017213 0.485428342228364 -2.28540282670087 3.65140519723185 -0.950446307433224 33 "A" 501
3.07659478350944 -3.55481068276767 2.26823771567115 -3.03997904915199 3.95544572472931 7.60323542655312 -0.422274602508952 12.7683613727710 4.12196369313236 -4.93044822164749 3.80077541942979 4.37431770681867 -7.70993296403219 -8.00748387096774 -8.61963099239351 -6.47304038243165 -5.66582393690236 3.66581412507244 0.603475876051234 3.78745646447458 29 "A" 432
-2.66679535729809 11.7540575756648 -0.755137041754618 -5.46891980894283 -0.592520199290014 0.713017578869442 -1.88081466139960 3.17824454520768 -6.64397859167572 1.19642435845060 0.197366941437442 9.1553169474839 -0.110598248159115 -4.05091341256366 -3.83407343854716 6.13664408145001 -0.64750205681511 3.83433055137128 6.52651583096014 10.2583448259434 30 "A" 451
2.49617153371241 -2.47533496340496 7.44115852013509 -2.26958278938560 -3.54514665630961 3.70751653941915 0.943939243598746 5.63715211136825 0.0830300123553597 -2.41626989797712 -7.27386706762845 7.98363964860075 2.39761703316264 -1.35492020373514 -0.899185710756282 -7.40742211220502 1.34298003947267 -0.508311991161127 4.06478786791522 0.605968601995598 37 "B" 559
2.63049758674808 8.40881587266357 0.590997883481461 -7.43214870013023 0.290139560428264 0.998181788352624 0.376933874164758 6.1503313575525 0.810168163829336 -5.39962917714925 -5.28789880999098 4.12251519648721 -3.57079634577914 -4.13777249575551 -2.35769890346299 1.17713582315679 -3.55584791423745 -7.86317143894765 -2.34284981672074 -3.51048996206845 32 "A" 481
2.72978024793352 5.16702760325136 0.242826953645146 6.81074906951247 -2.10172817718092 -2.35793169158918 -2.27019764666307 -4.99446031178069 1.45052911385330 -6.42274403623102 -0.134700509846302 -2.07844205542459 0.446915719762332 -8.92062478777587 -0.581056190984478 -10.2868082753347 3.84494876914226 1.85439915971321 2.34762528742130 -4.64894530776773 27 "B" 401
-3.6280943302801 -1.80654277911778 -2.92736565059041 -2.35626003185574 9.97252259537933 6.03633824389463 3.04047821207506 10.5260929015754 2.69383297629175 -0.955299311964713 -10.5412170158096 4.67385021971559 1.05043931870097 3.94908658743634 -4.01575933689716 -7.55462974248708 10.3897689278186 5.89600632878139 -1.24311205360531 -5.67633640434309 30 "A" 459
6.06389400469388 -5.54054937594575 -3.41342826827757 5.39094542257567 -2.43623694170075 -1.61862192963730 11.6148885901436 2.41389878575888 -6.42829787509788 3.87578050208731 -3.63479483757487 -0.759720818494771 1.33767993561575 -3.18120203735144 -5.60847496826914 6.1987714505341 -0.0671254159159388 11.6864537394072 -4.6103552892415 -1.26314524734308 33 "A" 497
-8.5355635431657 4.57939397187849 -3.37609814715628 -1.21191518070167 -3.35526558076116 2.01984524532429 0.816157339828839 -2.40601295125367 2.70042918498931 1.49119839856129 1.05815341778976 -0.711696044968405 3.74724149864897 -1.18120203735144 6.84914466736067 -7.29424320958374 3.83546511751118 -8.47301866782246 1.08694095147650 -0.542735454912008 33 "B" 499
7.66831553272336 2.44446370244761 1.46792467281433 0.318546089221268 -2.41062486104718 -4.36021145976656 0.525567360275777 -7.33351950078295 -0.965729804690797 5.40378612336894 -3.84555615362898 2.80285385232950 -1.98298326917743 6.12280475382003 7.93903506099596 5.13017427830694 3.15892869765130 7.34164202354722 -7.6187108415794 1.52082185436519 26 "B" 401
7.14934082279586 -3.103086742052 1.77634424327969 8.36339710939778 1.62033308311316 4.53387393012012 14.2434848236110 -6.65989641338879 10.8349671383792 -1.00730811890115 0.974788640824041 -1.66802053141825 -2.10650426349783 -3.48520882852291 -0.992341608554944 -7.83138726934812 -2.68532269407664 -6.68479859220754 8.2125567544554 -4.5539767606402 40 "A" 602
0.071437980794282 0.000672297997393734 -0.445817495166498 -4.47420664836181 1.72482367191405 -4.187097205541 3.10880340624784 2.31307625757406 3.06485186369815 0.943869356713768 1.43705085994526 -3.12451420074331 -6.56756325139638 0.253093378607817 -0.552348839720139 -1.16589008045183 -0.284796337819919 -4.39046501786095 -2.22046380842353 -1.89471341266386 23 "B" 350
2.26958112387135 3.58395487871818 2.92009384919688 -2.98797121870693 -0.173785068645107 5.76147809775315 -3.48633111211552 -3.55096733879044 8.36428556305616 5.3281161028544 -5.62391710143842 -1.54698349364288 3.35537641360797 4.94908658743634 1.71126031849795 -4.37034276603288 5.63101247847145 2.26284970363629 1.78425651449306 -2.6439076722261 30 "B" 460
2.11308279979364 5.77748904072029 -6.68949299904824 -1.86118934207686 -5.65205122970888 -2.68781795428908 3.32388737097542 2.75609127197866 1.77851914129441 -9.47149062774245 -1.22296929766615 -1.02134444496495 2.02672101845385 7.86222750424449 -8.06631626701044 -4.5690456400788 -0.842084735711103 -0.43777288274748 -3.72129891305789 14.7745397316797 32 "B" 493
4.3343603116956 4.41192026096622 3.05627096619719 -0.727688874422477 -4.6948124340941 -3.57489842111664 -5.61166435775485 -1.40806009563428 -3.83221605127097 -6.2163211398333 6.55765728726023 2.91975985733644 -5.43669909836651 -1.05091341256366 0.259127423385299 -8.79308243496148 -3.18783435801528 -2.6756377062401 -5.04982471007028 1.62556029159699 30 "B" 454
4.2546490372728 -2.02182224910068 4.65613407100845 -4.19975649938948 -2.01633957456671 2.05201350663256 5.47133222556521 4.74195852103748 -5.73337823866192 -6.8834126944501 -11.8622065509445 -3.38627890258952 -8.66468108598785 -6.09434295415959 4.23493986631586 0.339817366894464 -2.91956990340218 8.83244462453696 -7.01913322072623 1.97973233032569 31 "B" 464
0.776371937966448 -8.80316978708063 -8.41185966746917 -1.22827313027368 0.562329838294406 5.21528671575701 2.26181319225144 -8.66327305202187 3.03841808272399 -4.03689405729151 6.24431291519804 -7.23561407937304 2.14988328415167 2.77536842105264 2.47105038315111 -1.96664666685734 -7.79635494535984 1.43205358630701 2.00038877356006 4.72165932144153 34 "B" 518
1.65279190032693 3.28735908025199 10.0007962518312 -3.78865466944649 0.473116066984919 -4.85682060835284 -4.84600228477035 8.66140729678271 -2.52458676002636 -0.457789515805673 3.84716448185372 -4.61414083263652 -4.71745176234396 4.33995246179966 -8.83434957947643 -5.9006863723676 -1.16984594677977 -8.88715000818415 0.713666979709958 -1.95878815008180 21 "B" 324
-0.344059339958666 2.2438419273548 -2.6239523147417 -1.09591880264295 -14.6198895802586 -2.70227971125813 3.5795721547631 0.192714241228274 3.18446592614357 9.95533836688584 3.01980434820501 4.56716543445481 -7.94480024962238 4.16623429541597 -10.9111729246203 8.5384884935466 4.62477764455989 -4.8975514520404 -7.27385147607996 -3.55837061141822 25 "B" 384
3.64482915013173 -3.95543290810532 1.45550245379473 -1.73565293742064 4.72214208744949 2.24215913382110 3.48624987377228 4.34328867548461 4.47182760227382 6.7750236882358 3.60700337937529 -4.00343246719135 4.24069930626688 -0.224631578947359 -4.77883901262002 -3.84777622023168 3.12729411624145 -4.48348958921017 -4.97425388185307 4.60888041852698 34 "B" 515
7.13488554483867 -4.54841788329373 -0.147738556003639 -3.54144177141594 3.15526021627394 4.49519188430807 8.38030672262235 1.47601431077143 -3.39117465798478 3.23347985360099 -0.874254086394424 -3.71494692865648 3.62397154994362 -5.13777249575551 -1.50806989792098 -3.43857999057577 -1.70930260944232 6.61508641441596 1.25315926122999 -0.0706832802527072 32 "B" 480
-2.20033475224478 -15.9851459587408 -3.98691575194307 -0.600949728651176 1.28821568304728 9.12357861532066 -3.33941547210143 -9.21763113486563 -3.49345176541356 2.06959856478750 -4.28562389513113 -4.37250399893606 1.47745245376873 5.94908658743634 0.937514048703682 -0.866860673056794 3.91719061643747 4.42355830647372 -3.45728962344034 -4.41699226897189 30 "B" 461
-2.30205281696093 2.49389555413338 -4.25132662102608 -0.0178866049325617 -1.59579829872205 -3.1139930821491 -0.637325839695325 -6.35562183584167 8.56765735649572 8.25067084718322 -2.12972962783299 -0.0239467515447362 7.59971143212335 2.94908658743634 -0.548663139522023 -3.14035217331689 7.20914033251331 -12.1916344409965 4.22192100454721 2.94959890561151 30 "B" 458
-4.40258495621151 -4.02417600824851 -3.20318400627372 -9.05427591815144 -2.61297978151523 -3.66124896069378 -9.73172021176112 -1.50195700109124 6.95175933468006 1.02482574172478 -0.79670315187151 -1.45940026052952 -0.625012038357962 4.12280475382003 -2.53650195859363 -2.14181651538965 -6.18079473891045 2.55445670586243 -6.30257528075308 1.22649679570216 26 "B" 399
0.267564592455871 5.53667485184158 -6.94899195101024 3.67991426823746 6.15625199119728 7.69073030022966 -4.89501680718648 -3.73541486599716 -9.24677621011286 -9.23766918615575 -0.344678403810742 -1.4940700768126 -1.52137730633495 6.64507979626486 1.85180744298436 -3.13434808898339 -2.51628907103546 -7.5407103360601 2.13882488196365 -0.354524186610765 37 "A" 567
-9.59182850691152 -2.45438152095014 2.79330169187723 2.37435085196788 -0.466581882678286 -1.72527490027893 -3.54390497667098 11.8432594307963 3.45752494750809 0.0962363340384659 -5.86021601035259 -6.52043765635444 2.04644529443025 6.07937521222413 -8.3741725219146 -6.64333721874888 -2.27370940003353 -3.87365769133724 -0.065303902002884 -5.90935106747198 27 "B" 416
-7.68980402796483 -2.44350078510434 -0.29171882491529 -1.92761562800969 -3.04204158129807 -7.10893296182643 5.7826001727998 -4.47851983606501 -2.8411843659319 0.826114801312588 -4.78952450794084 8.96228998923287 -5.97079575566457 -0.0074838709677401 3.86396962688009 -0.431321582249772 -7.32173915097057 1.63384532824057 -13.1318177530202 -4.18726437622742 29 "B" 440
-4.04244289340712 -0.936731263687223 -4.89658354396727 9.17515551519374 -5.57255493360013 9.88260485497926 3.03217915100149 1.3190267271267 -4.96430580239879 -0.59827838181729 -0.568842643047298 -4.16217069281513 -0.96764019795773 3.90565704584041 -1.58217077101802 -2.26827530894718 0.453238325625297 -0.397956404904386 -1.22399166175107 -2.20319807142863 31 "B" 474
1.73961713540725 -5.43390277934923 -13.8179515225523 3.51150587048693 9.03522659700129 -3.83689769811663 5.77793499477129 -0.00236762075773279 1.34310653774286 0.90620010257362 4.58692724724813 2.33928208802573 11.7081886324645 1.64507979626486 -4.0491213530937 -9.57932225326712 -7.88016119744676 -3.68654332760297 5.38072497837013 0.784364876818214 37 "A" 562
-8.43763277297541 -1.51401044277489 6.40936975886157 -0.323647827240906 -0.71645187257713 7.41659011996135 -4.63202411165679 3.65189035043473 3.27109254465211 -2.77960327664414 -3.29147930346623 -1.35864803422804 8.29817346065582 -10.7469066213922 -1.17483920971819 1.55554725616939 0.749612748567506 3.4627628727638 -5.39603965086859 -2.51247325093499 23 "A" 339
-10.2586587351681 2.24867917715977 3.62034956316738 -3.59798453735372 -4.23314302541391 -2.32816753636016 -1.28607713027037 2.16136939725234 -3.50344060536344 -10.8185763560262 3.16221622765313 -4.25520837057179 -1.23316826042413 -8.70347707979626 -1.80726083220224 8.2791190249014 -1.04864741278143 -0.167429702201804 -5.4407022398333 -3.78004452063911 22 "B" 326
-7.42606516619904 3.22469848249003 2.10558246043447 1.47239178320681 -0.36638221087469 6.0959637827767 2.86162183446451 -3.29635653063652 -8.00794377809652 3.62898349403105 -3.15287369800435 -4.20885654969011 2.64936942387558 0.73193887945671 -0.256096089606907 -1.08936756816206 -5.81772017875953 -8.76244606698192 12.5109413345862 3.65649377909329 35 "A" 531
3.64175161448833 -3.14105894065444 -7.24284500686043 -6.25037889826028 0.671517201383903 2.11308717514444 11.1363810580028 -0.765341230488741 4.76978054472508 -5.89858657572032 5.45030853089765 1.57630802339235 1.75721859863835 9.0359456706282 5.36293263518865 0.48351766514172 -1.33723145196116 3.06267747390866 -0.415489890456923 1.93620782878491 28 "B" 434
1.22035137562116 5.54132543619789 0.219545041637462 0.743301746320238 1.67392690729909 -0.200916067375694 -3.24347312240234 -4.23053227330525 -1.80598346070132 1.38117814277058 3.18921222802758 0.438990275673127 8.96987832335065 -4.18120203735144 -4.20374498615318 7.87499703187422 6.17395529223953 -2.88218351027612 -6.94191195023038 6.70269194039114 33 "B" 496
-0.746767973836063 -9.11232803381591 -3.31827450704303 0.480579411762799 0.775914154835211 -9.067160976519 4.07408457637283 8.92993131313457 -6.84702982714999 0.476646677180708 -8.31315682839748 -1.91946831580857 8.59120348913906 -0.877195246179965 2.83243705402118 -5.03310063220159 -3.57150822868492 10.7491204714381 -13.5227219369905 6.33797321214148 26 "B" 394
4.33323742569017 0.000872132024238102 -2.53688367461551 -8.54667446912332 1.85597427433003 1.43048525165218 -3.16212173032123 5.44280886473969 2.57350717838915 -8.56682753600208 -3.01686857621964 -4.38969804435872 -3.19730534098739 7.3845025466893 -6.86308607741418 7.15479509887798 -2.27167072665981 3.67742279607804 0.884429849422065 -10.2497461398915 43 "A" 658
6.26888920466428 5.14471160481937 5.87863888414249 4.26870055683146 -4.05784831193919 1.58359661091881 1.92376259555412 -0.32108025717426 -3.49926575623225 -2.32474796745559 1.27405500542848 0.173409514929472 0.713273384298901 -2.57206791171477 4.8781371619668 -2.35022965285491 5.39950165041482 -10.2971107069966 -13.6327780246626 3.31698803356623 42 "A" 633
-1.64403000872853 8.26472126540802 0.509937901619036 -2.34895635828536 -2.82879446017471 2.535065687007 -2.89169660001767 1.13697477097279 -4.76948910602728 -1.45739501800038 8.99588863340529 -6.83067902352355 -5.42315604682904 1.16623429541597 -6.13167608361826 5.42188198161343 6.14396859958001 9.53083429391118 -4.07939395248051 1.06175377013882 25 "B" 381
5.85191112778309 0.95926514548868 -2.77714858803935 5.26674304679232 1.37301094648420 -6.6057356183721 -0.776516364741758 -0.435194880201500 1.01544825379093 -2.16099124142936 -1.11212676867173 4.02749752037008 -9.2739700788288 -1.48520882852291 -3.5351516241322 -9.4522749580853 3.77833167252176 10.1840818977463 4.05494680843245 14.9656524840012 40 "A" 604
4.69033692156136 -3.69896270653002 14.2479158014668 3.11787284443608 5.26205059589610 -2.56528010268679 0.623392328544908 -3.83913616650057 -1.92835792323951 0.770756047134958 1.34862037589132 -0.0395082470919667 -5.25901157870803 9.12280475382004 -2.89676963478718 -2.8708600556682 4.57899416275964 4.39205398247308 -1.94988519745778 4.90786523402428 26 "B" 404
-2.58597801519354 9.65044732413957 -2.03986289641089 -0.423519449608686 -4.04916770169506 4.87751912142222 -1.59294599583736 -0.142762468110679 7.11596781697919 1.58163588294030 -1.28656206028060 2.11854395454021 -3.06911366134016 -0.0943429541595873 1.54555029232195 -4.06633702821166 0.121732909185545 3.8988652877903 -3.94673396947989 4.50914983819641 31 "A" 470
3.63650418433230 0.264945515092789 3.30577317426592 -8.72103219004975 -6.3220497935639 1.87804131305145 -2.64858961187720 -1.71099613604324 2.05152975428063 2.53781426126178 -6.79224610803357 12.3608246767142 4.25530787051779 0.122804753820035 -4.05478332420517 -1.85336014703874 -6.51180852858468 3.80088955023678 5.60396632367728 -0.96693487608493 26 "A" 395
0.521631617702349 10.0394604873507 -0.469664666423222 0.900630308646226 -6.31355120032079 2.53506786781548 -5.82526478813099 0.364485961180246 -2.99996320496816 1.05244833438474 -10.0236116753101 -4.20751303219771 -2.63424471811140 -9.92062478777587 3.94585741490861 1.36105251546754 -1.01800373506091 -6.93052292667848 1.18647836127429 -2.12686424416648 27 "A" 400
4.81407916346864 -1.80869404134476 -0.248201087944695 3.97945958159576 -1.75716943183793 -6.84727895687747 -0.114940243174102 -5.06669556280905 -9.67267281632513 2.52440783516847 3.87610603367352 -0.985938817517214 4.26382895469772 7.77536842105264 -4.23992843175284 4.66320662471409 11.0434686708475 1.92641057112431 3.5396784253708 10.7229919105280 34 "A" 523
-3.92963095461716 5.32388804745763 4.47356328197737 1.79294148106061 -5.09001123411454 -1.35418059826892 -0.468197778231181 8.79048995964897 -0.191610952949945 2.28894584748649 -4.47102030466237 1.76769194559187 -0.7957512643392 -4.22463157894736 -2.0021131746329 7.47231358226957 2.00297533219757 7.24159575057339 9.52388211927113 4.12704455349535 34 "A" 511
-0.44915638427977 6.02983151609455 3.08884184391352 1.81846159049074 -2.80420209195875 -0.847043437099353 5.02575631977527 1.15443927884661 -1.28807614920393 7.94489543811078 -0.863568729268643 -5.63054634950086 0.727032952121129 10.6885093378608 6.95614448458289 6.9568078802402 -1.43036314953105 -5.9595062867566 9.27373676882111 -2.95509043671269 36 "B" 556
-5.37353978037449 -7.3146858796454 5.81145410205099 0.242602924155235 9.3033721855722 -3.76859645056883 5.99935810103802 -0.127671362882703 1.94113972310380 -6.22489653257394 -6.12277241138714 3.68330232621887 4.4687837093372 -9.26806112054329 5.62505230212026 -10.6488922283519 -7.80096225051244 1.65445697768423 -0.380862630092512 4.58257052883026 35 "B" 521
7.21326782204315 -0.0460086012307928 7.8508147890025 1.37740533942486 -1.97346835294927 9.83516595767091 -9.62832753515701 -3.34626294546501 -2.28856698652933 -2.8287139297668 7.62613267425155 -4.04311757331302 1.67961707521830 1.73193887945671 -6.07351794360328 10.5522416716725 7.62213071001186 4.09175067077712 8.21503707984952 3.30107056747579 35 "B" 532
0.858631016189724 -1.66653655166177 -6.33969824617359 4.15753050196507 -6.92500035163782 -0.426257880837310 5.17360558297912 12.7950239025942 7.066014908288 -4.27887550355357 -7.5283368103743 8.15980884956404 1.23879603685722 3.07937521222413 -2.25852004557575 -2.98832042579253 -4.97625191047962 -3.65111923747538 -5.03436384769038 0.293047314412674 27 "A" 413
4.05998049522071 4.83117355840139 -0.0579371956692963 -4.65773844230837 8.7781152312651 9.43962790586913 1.14676497588153 3.55491115209307 0.481612634557869 -4.46717534769819 0.853261543491147 0.763809689647877 -0.937325839667585 0.818797962648567 -5.37290475381707 -14.6686194487165 5.24993529950542 -6.93778975083549 -2.39389798825655 3.12720746369375 33 "B" 501
-2.0225020003119 -7.8585978089009 -3.74965353935719 -1.55538323476881 -3.47253840512035 3.93968322338766 -0.255778873858794 4.2921501001882 3.99667866183171 -4.67178801435203 -6.02028844079839 -0.146046687688243 7.13468866675137 -3.18120203735144 -4.63001126038704 -10.1033881342386 4.940930829915 0.670441908709366 -6.70808207830215 7.47495305310679 33 "A" 497
2.17299995571619 -4.1380240604076 -1.16184639351277 3.17136089001516 -1.93570079915513 10.7353309747861 -0.940361362317893 -3.52185490395944 -4.03027037918021 3.26950274881987 -1.53729540713204 2.06511342441674 0.256743703375689 -3.22463157894736 -0.796026336565157 3.71968620207836 -1.2747023360075 -0.232462302411474 1.14236727046975 10.8035588734435 34 "A" 512
-6.47958869086912 -2.16072666724064 1.41095508422492 -3.63304574404172 6.76890216013177 3.28560466460087 8.17021091599793 -6.03713304382764 5.55663278205083 -0.765487598853852 -4.40977220541791 2.57324521809017 -0.00822762389902929 5.68850933786078 5.83619616835972 9.40240786695634 -1.58823355502294 5.99022934726164 2.30285655708136 0.615865639652474 36 "B" 551
-0.614740972526194 -3.17659470082856 -0.533014737628048 -3.80920358126036 -2.78506539951641 -0.732304187273759 -0.263913867756094 -1.74609685560963 -2.65075127244128 0.941249610198457 2.01181416488935 3.06731869671554 7.17192596921796 8.86222750424449 6.2355155322392 5.58037321743644 -10.1058495585153 -5.06683652870579 1.76938611307001 2.11186049580844 32 "A" 494
10.7002329630931 -1.01523536592432 3.94301867884368 -0.573730812405797 3.95848466932633 0.532069445535554 -4.23404885249133 -2.82011486825743 1.56222819353328 -1.36251398887660 -6.90360660058423 -1.41650973474639 1.9155132889756 0.99251612903226 -14.0728954204051 2.55614698479198 6.18658480288251 -5.86745600997842 -1.60484466178848 -0.355561258065429 29 "B" 441
-1.04873853775291 -7.57069977450838 -1.24272001440533 -1.33492564427872 4.80643855200875 2.68292522694782 8.8772803698838 2.18290755299869 9.28325485381098 4.12305743554732 -1.53620458677088 -4.098017819229 5.31236877556319 -2.00748387096774 1.09095868944921 -2.83370321368971 -3.24774864794503 -3.00875042463183 -4.64214866342309 7.80772215605208 29 "A" 438
3.08786566451533 6.85992340692697 -0.609553132558783 1.50295338477793 3.41566959235013 4.82315509932228 6.06682903064054 1.23411649931872 10.6197068483945 0.614777271875883 -3.40007438470603 -0.59395552175451 -8.23820176381319 3.29652292020374 2.52679178268705 -7.39714117129219 -0.325806939469223 5.92817976826652 -4.79546576709693 -7.00946196475962 22 "A" 338
-0.118884442343893 -0.226731081220863 -3.20717895477595 9.00249483825662 -0.0307275164356103 -1.73522760480170 -4.28186912207956 -0.837312697698288 -0.39377800978624 -2.20277423871929 -3.04191996916653 1.91656584527791 8.91231290072426 4.12280475382003 -5.41021141987257 -1.70714034679999 -0.628536561693457 -10.8708275391508 3.69542218373070 2.73648524980039 26 "B" 399
12.3748927914779 -0.231583714468353 3.5999164420112 -12.5533654669380 4.49584177860098 1.04319427378452 -2.92181819246207 2.58553314011099 1.57938412013006 10.0838639323707 6.61730223357209 4.03583735082263 -13.2160519279058 -1.79033616298810 2.86055296605825 4.63239520965748 -7.49523585575114 -4.07064334904367 3.11366170811814 5.17306648991632 24 "B" 363
-7.29493748877215 -8.22957377598841 -9.80477394139106 -1.5669495712156 8.49665246788244 -7.69201308100753 5.04821923367141 -5.41576274888425 0.099055436408035 -7.98939005410928 10.6981641565045 5.01356262421243 -3.28021834450955 -2.13665195246180 -6.27729189087442 -2.65214712207344 2.91660319676621 -2.30701229314751 -8.78034221778604 1.82815540466304 55 "B" 829
-2.64225852473173 -1.97075063359919 8.06249394846404 -5.41757466267774 -5.67108280945357 -3.76994271348495 -0.410729835481804 0.281708936353543 -0.590966474138436 2.47810730498894 6.33789827868916 5.73236846981369 6.94729544151215 -2.44177928692699 -2.75197274855354 1.78701065376268 -3.40886667339543 0.784906797649492 -14.8917715286328 -5.1669939093835 39 "A" 588
-1.06920143669077 -4.08843350161175 13.4052878819076 -3.61165968085295 -11.2475426358525 0.322326569780296 -0.252640307801563 -3.41629136265094 -0.857806690847567 -3.62085501758312 -12.8845880475189 6.78036229522403 3.70367471541818 -0.137772495755514 -11.1386917576624 0.562192254581036 0.372188165648515 3.69833366529816 0.338298509032412 4.80262871567348 32 "A" 485
6.69270245166381 6.9547554809875 1.05175793930871 3.44676993407894 4.00215557470955 5.41414253333453 1.30952348249551 6.96147264090796 -5.63477042693336 9.72370866481441 -4.68950481126842 -6.67636175145251 -6.91255219487398 1.77536842105264 -4.51509558063698 12.9871650138786 11.9891454266644 2.25413588122302 2.30828227316375 3.42170654323811 34 "A" 517
