"sim1" "sim2" "sim3" "sim4" "sim5" "sim6" "sim7" "sim8" "sim9" "sim10" "sim11" "obs12" "sim13" "sim14" "sim15" "sim16" "sim17" "sim18" "sim19" "sim20" "age" "grp" "weight"
-2.13478209429339 -3.26492754276802 -19.8831892733411 -15.7848946864271 -5.16467569340499 -6.40389602577676 -6.86349037718942 -1.31064332306263 -6.30513364238361 -11.3567534502587 47.2649573087443 9.20348766802578 17.3751086798137 -11.2877140722554 -0.418486193353127 -22.9251185287544 11.8210520852998 11.4600152641813 15.7301244671259 14.0773390222634 24 "A" 379
-24.9893014216605 6.47984077253746 36.2165934718199 21.0843797878711 -3.89709629401707 -5.4879621031934 -17.7104139420545 -15.2021476622463 -9.42673904255133 -5.39156801341843 -4.10489573578594 -1.82353099476569 -27.3779791647958 -21.8000367236147 25.9526094049442 -10.2184629862629 -12.7253942326699 -20.2283802775213 6.12926109723264 31.9883968217203 26 "B" 398
-29.1671463734612 0.292208807617755 -0.826287426220014 -22.7445264155079 3.60192836473835 7.40313473759753 8.07466034012555 -16.5268657849513 -5.28638271583664 -12.7375798428748 -2.43576184930703 7.20348766802567 -4.63119260258549 -13.0454473302004 5.22125507504007 6.5500530807461 -13.1247534376591 26.2556617946606 -5.01056266719197 1.47939172721528 24 "A" 377
7.75151034567851 12.2243655051447 -11.9834070127330 11.8523416721473 11.3857398774256 14.7549746842955 -10.7583901806701 -9.88402507274503 -8.56184916063787 13.2377333609996 -4.55318445878479 -8.83704032616155 23.4515373966609 -11.4732359273658 -13.6704344265000 0.37966026198424 -10.5270637227137 -21.2086231789474 -16.7066333033609 31.9443373594690 27 "A" 406
-21.3758881255519 2.22732386943035 -8.49776378453776 -5.20722875730418 26.017639450895 14.1583065662483 23.6666140878298 -6.81624009066365 7.80247739467769 -0.91708387453011 -1.51238608164735 -18.8100216633701 10.8142133278534 -28.3256593637826 -1.51108339683309 -18.2067470471401 0.483494130516083 -5.57277250884986 -15.0828624380305 1.18689526195579 25 "B" 366
4.10912185675781 0.423416094699333 -53.8819262260379 -3.22317655471757 5.88413652178755 -5.20692136981675 3.33449154083264 -14.1243406338505 -3.87632508386131 -24.4222439043384 3.38152256111089 -16.9045869831402 1.85261885798274 -5.08902271384859 1.70502153208017 -2.69130392132313 4.04049080346182 0.973892901470945 12.2130590904639 -6.94855421268857 32 "B" 473
-11.4312097036031 20.0344695102397 -7.39678142982076 19.6362958514025 -3.66945190295932 -13.0773493352016 -5.10414115616051 13.1386531868117 -20.6315852829731 -19.7986907351125 -8.42539886512636 -26.918096314536 -14.9108282432719 13.3736575169906 22.0255850102170 -13.7359709435075 -17.9308368739332 5.50522440931352 15.939060917915 0.966825507467524 33 "B" 478
31.3143599433713 -34.6788795502305 -23.7208638701195 1.88603606041018 14.2391295361163 -3.30778539795839 24.4732297392466 16.9815138811430 -5.06795661197629 -21.6438370423269 16.1769018348330 13.0683943540683 -17.5415884165978 8.56739943634498 37.9506385131737 20.9149615747279 1.23308385053367 6.78345468115666 6.82142562672696 -17.7705767206697 34 "B" 533
3.88174713653866 -12.0955781463663 -3.66440100674858 -20.6483719713911 -1.75873622725851 -2.66728495331135 11.7134961109752 14.9451065838782 23.5143432816109 -6.52712006933678 10.0662384078307 -8.94511497732748 -3.98092502493929 -8.21646923795461 5.38491938253379 -2.81318733282927 -8.84028063881103 -15.5860191491128 11.3784187082809 -10.7793601349421 35 "A" 526
2.65851395500743 7.08254618193608 5.41970558987012 19.6718073173257 -13.7743801985608 -3.56800996767573 16.8605489240762 -19.7872332349643 4.11393100943736 -1.01392397030758 -4.91565726416764 -4.7830030005786 7.39283088418631 9.52703464369782 13.2354536711081 3.39642420322284 30.9565979381776 9.66007580865515 18.5450493064537 -2.38235345537764 23 "B" 350
3.8345029285332 -1.00974866122752 -6.19002323254005 4.84179293536352 -17.6638070897750 7.33707862539331 0.0420429505927391 -29.2164724541788 -5.5848129585802 -32.9593687649777 -16.6580882926745 -11.8775683203488 12.6376198614827 16.5439096555246 -7.5621191939737 -5.78159274891235 0.824977997738279 0.187310603497523 1.90024052960135 18.6119876547352 30 "B" 448
-19.8563656888493 35.624647541604 18.1527663594234 3.7317422163538 -24.0759147822374 -4.76303719034154 -10.2563774436932 2.47920009878376 -9.42986816064392 0.0783755193248744 -0.0275515447318349 5.12243167965123 -23.2327719585607 13.0123379435796 -12.1350181551297 -2.73925521009499 -7.96229907036791 19.2082179475086 -15.6382451140911 -2.09654233322332 30 "A" 465
-10.4192875960094 -5.41090684368739 0.0523790823836004 6.25480672046414 8.57924354350005 14.8814018022844 7.38688056993997 -9.9095989857558 -2.15070692098681 2.11304306998681 -32.8477529854649 -7.86405898895303 20.1070810888203 5.33424054243428 1.46379280407477 0.495839917457834 -3.87107536539990 13.0900924174453 31.8110969133953 -5.56194483068187 29 "A" 437
4.57144730941749 5.31296075032555 2.83239888285430 2.15855364639641 -3.00559436617369 -6.69858312450443 -1.82273844720573 -5.911859455895 12.8325465084328 -5.72984522599737 9.72437041618953 9.14945034244272 -43.2858337042227 -25.0303904847552 1.61307829342751 1.27848157739985 -14.1027496068808 20.4359578587544 17.3242993530184 8.36727773259142 28 "B" 439
-6.07006172463206 10.7995565762961 -11.0082422863258 -5.95081916335935 -23.7714529481094 -15.2628841456351 -15.3446732327057 -20.5989016073250 9.62216720502099 -6.18732342040771 -4.81925809605883 -1.82353099476581 12.9553053920727 14.6201431529976 -20.2510814534480 2.58908194455628 14.8485208077302 -14.3841036066625 -2.91992014746191 16.3344965593697 26 "B" 398
4.77724098084913 -1.68517080670528 7.54517713580839 26.5798151818485 -1.12463253676978 -9.21883773175541 -1.37260178095638 11.9017341358548 9.10790204537558 2.89629037780388 5.75407828405883 0.162959673838452 -27.6535491465252 -15.1481623945069 -44.794508143901 22.480397401667 32.9590052399027 -1.26622969540826 13.4131634251885 -3.0637001688345 27 "B" 415
20.1796384807153 8.00899742464963 -7.91364059045256 4.74762741972145 -22.0318324648887 -16.0408291506946 23.9448682536217 30.5745138954635 -18.044730885608 -2.59316931370621 -4.68083102517694 3.13594101104697 -11.0057011052230 5.59490348763884 24.0603755051248 11.5664574719737 -18.1544227004982 11.2891860844654 16.2156634396570 21.3282216983752 29 "A" 448
9.99273874484958 19.8567262797569 3.15354292249038 2.5235700493446 -1.04398861785310 21.6271705502191 12.540579691345 1.89539713427156 4.06961059082293 -6.62954871052566 -14.9701546198659 -0.850549657557284 14.6671689299596 2.04181459935571 28.4987819194258 -3.27914671724596 -8.29800496293891 18.5292848817118 -3.28281819163462 -31.0354962355682 28 "A" 429
9.86187962029535 -33.4987476785846 1.98781360301797 9.41665887455705 -2.25501856456033 -18.6642403042864 -1.51862796549503 -16.2102861176411 6.95390146601485 5.726192858869 14.8533686766112 -1.95862430872321 10.4995020621047 -0.733292081493453 15.3434320193464 0.703889694448381 -9.94832363697835 2.74826486608799 -1.72614738080932 14.3653014127173 36 "B" 548
-14.2055398255428 2.45791883818386 -18.8185795200069 7.6333391222849 9.48889994622923 21.1607466391994 12.5928809218819 23.3790472961397 -11.1584814009014 -19.9978127013654 17.9047554746697 4.05488502267252 6.93741127858635 -3.19996493269669 -20.4672788588290 3.26096400185114 17.0894099167233 27.9443312401807 12.37376419456 -20.3834190213468 35 "A" 539
24.0191775020172 15.9535047087968 -0.58454915621202 6.64681927342147 6.42811654986196 -14.7257756474399 -0.0732566472871478 -0.672939008660225 20.2688768658539 4.80925248353662 22.3896976283649 -16.8910776517445 -9.1775398543548 21.8565633680397 -6.53041511056038 -22.9345081792980 13.0585180411034 -4.48838568353559 -11.5261093300991 16.5736488944267 31 "B" 458
-5.58563212374948 -14.9252900672403 32.73009958995 8.92087410363293 -7.94581034942054 -3.78337049162306 4.85124433389488 -12.1223715252763 -1.17227979790979 20.3891469402842 -2.01188749674512 19.1629596738385 -14.951498615672 18.8383571980055 -8.5509405583403 -11.5059220243915 -9.05043484734093 -15.7512070265271 -14.7895186244905 11.5240948471168 27 "A" 434
21.6629933960185 -5.32692062205233 -1.09720655365726 -21.3606510592223 17.0741222587497 29.5130067847362 -9.25938284205676 -6.24539147699748 2.26794481088933 0.463455565063554 -13.7655813702349 24.2169969994214 -13.3508850635777 2.05455542823672 -37.0759120410434 -3.80797196862852 0.536060326874871 -3.23413167988517 -10.7942880624632 -11.8932987496778 23 "A" 379
2.04511500063909 -31.4773709776539 -2.07617281964430 1.36921128260757 13.6202165778511 13.0425028318824 -3.51019915832509 7.48355315861441 -7.92844993889262 -0.309304035253615 16.5537033440484 -4.91809631453599 2.39913934894996 11.0834838709457 -9.53840185493149 2.89367534390513 -18.3637947388091 19.8927761419322 -14.6364010510728 -0.477430933467276 33 "A" 500
18.5753013817673 10.7113147176066 -15.0247421775713 -11.5506001460283 -6.13825058166735 -2.50543107098254 -10.0044546131174 -9.68891594613675 25.6631378397711 8.96234232764327 -37.2889002563695 14.1359410110470 -9.18777487143711 -8.34352581774616 -4.89226892112596 19.1731228790776 -18.5644204106087 2.44979728637359 -1.57612594819764 -3.35091084930201 29 "B" 459
-5.27470876271252 8.30140770196102 -23.3590495206386 11.4332454266181 -14.2795165061494 19.2939617545500 -5.82558601410962 3.17253146190322 -24.3602792360886 7.74512934171485 15.3201635900232 -9.83704032616155 16.7270671116122 1.79812775177019 11.6284440865837 -15.8320182787807 15.4571281175775 6.673540443015 -4.01203083246574 9.27198659284953 27 "A" 405
13.7488954071471 18.7363960343293 2.13684178791133 -5.31167611542139 0.444155813809596 34.4064279743497 4.62895496482331 -10.4748561526355 1.91045714514929 6.04800888093752 8.04306491051427 6.23050633081713 9.99510607885367 -2.51030366560897 -0.405491052565191 18.7069219227238 12.0041092497694 14.6881055155552 -2.60935128397289 21.9082714540535 22 "A" 346
10.0257188439953 2.21207354851689 -23.4131997584089 7.89835337702253 6.03657930630963 -15.3907805673757 -2.77222209829912 -2.2920258045557 -8.62227637899822 -25.0933853588950 0.418983640358107 -5.98564297151468 5.90359955434922 -6.75190175635238 2.19141293422144 -6.46846981424217 0.145811797426433 10.7173294130937 12.5687807186019 -10.3778600483079 38 "A" 574
5.2843129867562 4.58457324515329 9.47834148728217 -2.64391579864486 4.56270315866989 -8.39661768046074 7.76923059066044 -19.0438794107007 -2.09704045990606 -15.4188294515056 3.2990152155552 13.1764690052342 -10.5915447409546 8.6642685417878 0.819748085240684 17.2407531898629 -10.5667419465241 -11.687729539131 -8.97975236338746 -20.4784895640355 26 "B" 413
-10.0775981401058 -1.66493859849455 1.19276323083553 10.6083113497908 -6.06035684324382 2.21366587624032 3.07424765652115 15.1000421494812 1.22112885768092 -10.0709485282555 -3.90575604909688 -9.91809631453599 20.9523440877398 3.40553294975673 -26.8710374364112 -24.8214018041686 -39.4116105653183 -2.07683967928976 29.4522914779788 -23.4615997135501 33 "B" 495
10.7999347691539 -8.7117814189006 -2.60486640674104 1.57819607715076 1.96872310433849 -18.5669351257177 18.6969538140462 -9.5120800427565 5.52306685981799 -12.0412806144948 -5.04820822181601 -0.877568320348766 -10.9967493055243 -10.4538890123326 -7.33380038133076 -19.5336480471953 21.6717563933155 8.07771573276656 -28.2897355713876 -8.54947701654567 30 "A" 459
6.93434458520041 -1.96781076363947 27.3819611927095 9.52877928303653 -9.08229433688117 17.3269279455446 19.228636938458 13.1152114310461 1.63354262921437 -22.2855169056595 -5.96323211915797 5.01435702848532 16.1641123950831 6.75881022677423 -17.6888509324839 -18.8555038682621 -1.21494085330819 -3.57106246863022 25.3910473869448 -7.99633331448787 38 "B" 585
5.83073144078879 -13.4962562798508 11.5743362685404 -8.6169594021065 8.64800104169622 -15.9685709892347 -40.5080782073107 10.6584564538844 1.70473781863371 3.5962482892272 3.5818366095222 1.08190368546401 12.8564808311609 12.0841045478638 17.0147283514946 6.44319156646883 -0.895683522736565 0.251911264737931 -16.0774027877721 27.9370369559779 33 "A" 506
18.4437801553893 -18.3410141049857 -13.7983119055503 15.53340471755 -19.3164274072526 -3.81617746383244 16.7349518232998 1.55142626115656 -21.513894217658 20.9953281460059 3.88397067017287 16.1224316796512 -7.23415242780608 -13.1492578863433 -3.45707179093192 -12.6694644012418 -7.70179869533987 -15.6565248729500 -6.2905161636217 4.59781982455725 30 "B" 476
-13.5848091286456 -38.5797701647547 -15.7098514807258 -1.28655073128610 0.727142317773267 -28.5055967899233 -32.5857420962721 -13.6635262142256 -9.51402458001328 -16.8067328243966 -9.75692592123197 -21.8505496575573 24.6307113500905 -37.3485322747318 -26.8951155263319 -14.4005370710511 3.07606563214934 -19.2761559046474 9.1642931980941 25.873731348751 28 "B" 408
-18.1279567899607 8.67858091777813 -10.5385946808718 16.8255201742291 -6.55569978684804 13.3904929781642 -22.3115745171484 2.53718510046474 -20.4121298504786 17.3460076443738 20.4208465373525 23.1224316796512 23.5782720314300 -15.1241918798165 -20.7108177116442 6.56372431947028 10.9224365258171 -31.58894926493 12.6913408047986 -7.26384784321685 30 "B" 483
-15.0872961415456 10.0597740056101 -0.0728077535577157 0.652670503605715 -6.51832715748768 -3.940592981887 31.9018764938191 -8.20549414732566 7.14177433423089 37.2640844316974 -31.8794219228109 7.13594101104697 15.8045034092703 10.687207038393 12.9588123872370 6.7831454490733 -20.8291339866609 1.67259237729481 3.74958373892357 22.0181233022763 29 "A" 452
2.87933403022426 -12.8389993939432 -38.4745510836907 7.4365355558291 -9.77456113453577 -16.3152945527677 -2.33259055209575 12.071221189012 2.92055804298258 -4.86714860833952 -9.05523163959356 8.17646900523419 -9.8384734819175 -17.4197144070053 14.1066006027448 32.4640309766733 0.448177218023676 1.56448294901245 -1.57480144156775 -16.2690173713643 26 "A" 408
24.4369300858549 10.0892684963763 -9.88725715030129 6.99378069422612 13.2093454749659 -0.151057436651241 -38.2917890185977 28.1431929052274 -19.2243482632299 -30.7010604347018 -4.87273399798424 -8.7830030005786 -6.64085687367471 24.7474370863080 -13.8795980667474 -24.2745648654937 -19.5438470659653 18.6886424210806 7.35460235565828 -25.3363758266117 23 "B" 346
-2.09141095711823 5.70126674046677 -26.3934172874303 -6.12076861451796 17.8258042289934 12.4634626475596 -27.3824642742950 13.4122458771786 -32.8482365618801 -6.09928439191405 -3.11150435182719 9.13594101104698 23.1701148676261 11.3973142749978 -0.158717163929590 24.4091153691923 -22.8346044724304 -14.6495106411621 8.06236287508996 -13.7342075714299 29 "A" 454
8.33754657231392 10.5198172914198 -21.9048417266985 -9.54945784933955 -6.16508503629486 -1.99255979778694 25.912271655738 6.38933466178929 7.6384560197444 -0.851031216853428 28.4717883899267 9.04137569127679 -10.5028240025565 8.84393201112223 6.75296331612689 -12.2110449887526 2.09173780410339 -7.05768614864099 10.2023853727494 -17.8375532055258 36 "A" 559
-19.5905703534182 -6.74967021020668 -4.75643167136821 -10.4124875347101 -11.4695899162703 -29.7690139349204 17.9820811205462 -10.0256223730332 -7.45371898535862 -5.12349428678732 2.39855084438431 7.16295967383845 6.66162050317129 11.1926799458444 11.9523578352245 -1.36436632470401 9.6944850801058 20.3566685923109 9.7914490845264 13.7982099668663 27 "B" 422
-31.4782739467144 36.1228276374730 -21.5506707591358 0.573681200494668 -10.6398220440190 4.73986166070363 -21.7649143159499 6.22814601867777 -10.7584420614981 17.8480930331808 -4.15487304538802 -12.9316056459317 10.9949563764521 12.1420857330543 5.20847094175879 17.7196046881885 -12.8810274632918 -13.3089271432825 3.7978909619627 15.9327104619251 34 "B" 507
-6.64861827521007 3.61801071860806 -20.1916997121039 -13.6495805470763 -1.37172072681140 -9.06243441878675 -8.19565411342409 -9.96675626565462 -2.98811075526737 -9.76120446007546 -1.62957971235683 -16.8910776517445 -0.0560041007365777 26.1931333995387 -22.0279445798609 3.99643562931864 2.13784390460620 -21.9403476247226 -34.8855230041796 -24.0113891824807 31 "A" 458
9.42663070587838 14.289656680678 1.87877492705479 2.0172571615549 -9.86708031516994 11.5513701320540 5.07260279892809 -22.8749480392816 -12.0291395626114 16.2812991218925 19.2354836143936 -23.8910776517445 3.57950353293399 -5.27773948108977 -16.9500589530386 -2.56576215655164 25.2415789406926 12.8361695484366 -12.0186362605322 6.29839696440795 31 "B" 451
8.83694967464213 2.78031634572332 -6.135382429705 10.7728263775229 -20.6919170138114 10.8953459541787 28.7024159632788 -8.22238234685845 1.31024514249139 19.4566673316361 -10.8497508605748 -29.9316056459317 2.21560688461804 3.37263873092977 -15.7532792950979 -3.10376258499577 6.68270919120412 -4.68655284396639 21.3841059266494 25.2030162605805 34 "B" 490
-2.16221312705746 1.42832831408957 2.7887867133455 22.5313575863652 -26.4714076798496 0.156845788098073 7.38522637631281 4.10795596266742 20.3500365269656 -25.8332025372734 -3.10100417316718 -5.94511497732748 13.5870524909786 14.5187826262722 16.2385894698803 28.7369004963591 18.1926972724958 17.3773049090833 -25.6367773717406 3.40627972874824 35 "A" 529
5.66719694162386 -6.75518408691964 -12.6360102044212 8.15974520022951 -4.71296699981453 11.5975051649008 -7.70529303477606 12.4616165029403 -24.9384719541751 2.10738556973241 -4.96481620088982 -26.8505496575573 29.3522283073835 8.75762900427643 -27.5845648352467 1.83291773842448 4.33258312163220 -4.18779129236838 -14.5430337177597 -0.251959109488887 28 "B" 403
16.3626148072544 -16.624655678962 20.7507443126402 21.5712471559601 -3.74813989476728 32.3581103330214 2.65451360588464 8.75154851925203 9.03719116173523 8.67726857007586 15.9075621779411 26.0143570284853 -0.82734121119818 -15.5662827843391 -11.6166804815379 -15.6395560664335 20.6890334955684 9.65403816119036 16.1956250537675 -0.116064623374895 38 "A" 606
-31.6491331087816 -9.21365492257593 -5.2447257046801 -12.4713215288615 28.5243057389537 -20.2152875074196 8.92549025070753 1.87602166556655 3.32395096695762 14.9762061310456 -1.27250036167073 24.0143570284853 8.26221119145604 -3.20750155336617 21.6265788428366 -22.3446019715689 10.3951796285095 -10.3828488148228 -9.94316939175497 -0.374950032140490 38 "A" 604
-8.0274264622505 -3.60378873222020 -21.3770293813506 -1.20201915170023 -28.6221950001297 20.1428753134167 8.87862532711491 12.4176317666649 -4.67268617572982 -6.53048549751055 9.5533655401594 12.0413756912768 5.90348579650797 21.5657396066183 12.6323746504667 3.41645667339238 -13.8790295369069 18.7704927534737 -13.0341985804096 13.0329533931495 36 "A" 562
-10.0918164828642 -15.9535363747874 25.2924713254249 17.9466960259481 -2.46390725171009 26.5925000766632 16.5016902320180 8.63730013648644 -5.35933910725841 -1.69268180930861 14.3045938069632 -22.9586243087232 -14.3121084143952 -0.0755648925325667 -4.16447836600705 -3.29384716872572 8.5374548648487 -10.7665206954871 -23.6789781896813 8.62969877290546 36 "B" 527
-4.87063484252788 15.7336921720282 -10.4972479615714 7.88731013251766 -37.1963661634289 10.5867545744835 5.17442103226265 -0.314184072939836 5.39599913878383 -13.6745691785216 -26.7376445023313 15.1764690052342 9.83495146404034 -8.23464008163948 -4.7800134850178 23.4702144729310 -4.83654047863111 2.26784824930251 12.2956865616452 8.36090694887885 26 "A" 415
2.26780773152639 4.76360481521078 -13.5226974690709 1.26893128250426 4.12349418917965 -12.6095265188025 20.9247824608738 21.7404773261227 -1.03857357670175 -10.0762068043879 0.684025188924304 42.1224316796512 -16.7089089603412 -9.95873722961503 2.44350600478607 25.9162030309333 -10.499574640306 12.6545896714216 1.53772760577161 10.8546724495436 30 "A" 502
-36.0209652074207 6.06581228044435 -7.4046184614518 6.23023809846651 18.9223733605721 2.90578234816087 -10.1689890145198 12.4974724890635 28.3231283452821 2.34292080410329 22.9563085414701 7.25752499360862 8.2620559447536 -19.1039190123297 -29.7725894981966 8.1505052510065 12.0293557139885 -11.6307679095610 7.69184932737929 -2.22988788640950 20 "B" 317
8.74756908397685 -0.865155430075974 -7.54063818751504 -4.18149310100791 1.39292666465542 4.15237419411262 -3.87857657739048 15.5423233849396 25.6193578384689 6.67509701776556 -28.4884816374263 -12.9316056459317 -9.64406864085928 -18.1705406875913 -16.3349606925510 -22.1156998148233 -11.5409229525167 -15.501315663233 15.15458911946 -7.66774707846439 34 "B" 507
-15.7447441828415 29.6673938192975 -15.5667384091562 -0.225829841539487 0.174228517203852 5.73009780540925 -20.0041059941041 -13.8875367411504 -10.2049272426106 -13.8908974656849 17.9352377774678 -1.86405898895303 6.94682964757783 -3.12531113881629 1.04276308709026 -10.1621159659899 15.4499847399514 -0.227878269478689 25.0297395189309 -3.20563045442383 29 "B" 443
7.41945785008634 19.3963472104988 -13.4444917824904 3.47316137018837 -1.19506148557136 -2.57650611267205 -7.7392868018631 -2.47727808983130 -9.29800103398676 -4.03597739137261 1.98980942217346 3.09541301685975 -8.29910432058804 18.9154080677346 2.14373794638596 6.13507866994402 1.55840833713315 25.3157540907847 15.5430529511272 -2.33485071964162 32 "B" 493
-4.14180276778929 -10.4268731938339 -25.6579371830322 2.62152781666005 16.3763487304538 -5.92036554596582 -4.95666264493894 -12.9103514182094 -1.49574373807478 10.3187156013202 12.125579908067 -14.8640589889530 27.1544507887109 -15.2500820572921 -3.72537588758834 -23.5902967617910 -0.928086730990348 -9.16656033105614 16.6782311744197 -5.74593632032212 29 "A" 430
-13.0737564921746 17.9019115486893 -2.93350942276442 -5.58156162325224 8.75981495319695 -0.815323985423491 -36.629462626319 -8.0051723720086 -3.76797301158931 -29.2287686573751 -27.6472514158919 -26.8910776517445 7.3761587534245 -1.03326927917097 -8.26046709256093 -13.7272605306881 -20.4615341606458 12.9818280778467 0.378005046699204 11.0228577591515 31 "B" 448
-4.71026963990991 -0.526657827671861 -7.44716884759108 -11.2775803861924 6.44699011949457 13.7230855494014 31.2380193433132 4.81522713329698 1.83517331958826 4.70462494692417 12.6433895965126 -2.85054965755728 -5.15955822986124 2.69305065426248 -12.8874147169554 8.20264678099744 -9.63829182086826 5.06263815287795 37.0639783835422 1.76385189415318 28 "A" 427
-10.8063158065911 27.4515564757089 -20.5140507246548 10.8040975233898 12.8630547783664 -14.7401729903357 34.8192568713955 -0.112609786527112 30.3096493351093 0.947441099448103 4.23010659740627 8.09541301685975 -4.18864027436558 -20.9636244831168 7.12496180805083 -10.0419437047179 0.168189563710866 3.41098484562892 -0.566900222020273 20.4680562048685 32 "A" 498
11.5796830808560 -1.87132868078679 22.0817724995206 -6.94464640525295 -5.70913626277288 7.16197090148156 -3.75183766997329 20.76168277029 13.2656240401152 -1.14855991079669 12.6158198974033 -23.7424750063914 -21.9713163305172 -6.52794213159984 13.9442822448822 5.54349883687717 -6.31850624116374 -3.44491536797273 -5.5631284747577 32.9818920686940 20 "A" 286
2.85096361104238 -10.6954011397843 9.22864469320219 -22.7253925714434 24.2347428770712 -6.37037875759173 -22.8655134244057 -10.5923482262251 -24.4525275660941 7.51748800802984 -4.78459266332986 17.2034876680257 14.3586703893559 5.09096682920197 -2.98555257267921 0.863335896977869 -25.2506614389957 17.5685842562034 -2.73613419458337 12.2081415217224 24 "A" 387
-10.1663026150638 -10.3492289938152 23.0990295252695 2.59809388210115 -19.6733245249996 -0.760310006774346 18.604366728765 2.59642721135488 -21.1874488910547 -13.3696860804558 28.8890234825795 -6.86405898895303 -7.77436647900658 10.3561448380634 -1.23908112390986 -22.1072118128394 -20.8341391536875 4.72511870938609 -1.49575596504984 2.90558647015446 29 "A" 438
-4.99423181513975 -6.7584171594698 0.564915582581524 16.079055637961 -7.77026633333205 -18.7521070626736 4.33786371692589 -8.5804792401629 -7.42587329134178 7.74647592205886 -18.7610092544985 -1.91809631453599 -6.32388661388984 -16.9327287155267 -2.09052815598686 -2.13496699150855 1.11457827284295 1.17144494981523 -5.43928876485272 16.7362176069893 33 "A" 503
-13.8085238705334 -6.09919678311029 17.4641101451207 7.88849578999554 -3.10903678862467 3.68707520839064 17.5604100433753 -6.24974670261035 -28.3583144954503 2.83426432360937 -26.2341762589666 -20.0261709657019 0.919593236486327 11.1793898562524 6.35700571359536 -12.2574963002987 20.8551733554297 -4.39907499648951 36.1319877145797 6.85542714054285 41 "B" 605
-3.63262461763539 -21.3880394612356 -3.91771911349258 -13.6460492655196 6.98107185486112 -19.0662198377175 -18.0523786586465 11.3046075259643 -14.1759604459058 -11.2204957725329 8.9945251196285 7.08190368546401 0.718901133857627 -13.6807579403965 -2.7377577550892 7.82949926673035 3.44456120791677 19.0179882464070 0.0242655392458653 -11.7991312138507 33 "A" 512
21.3115013902613 -3.05818551688703 -26.4460591575178 9.90479287451146 4.75829875233352 8.71787743454424 -7.75911228660156 3.65013797055052 21.1143120640465 -21.1221247029124 -32.7908501445633 -9.97213364011896 7.38353216320269 -0.317482086994177 3.59483690808164 22.1085816179551 -9.18740147788701 1.30073329094899 3.40120907520376 -11.0336462077357 37 "A" 555
18.4642916120427 8.41690471087115 -13.6955348156256 33.9690480315684 -5.45312018873082 -6.5090844538743 -11.5965713471186 -22.8326122524830 0.441411097926848 6.09505992210868 13.5105458475015 -3.87756832034877 16.2322411853493 -34.5283979386932 -30.2100698036661 21.3247306901511 -14.1465398753821 1.85410826789647 16.3341507606243 9.47079421215244 30 "A" 456
12.1665001900487 2.22833399979811 -14.5874777066514 1.07156234609691 -0.0876360020234116 9.85656125255106 4.96828747896895 6.98324505689824 -4.35593955485744 22.2116490248480 6.14153258751325 -0.796512331974334 -36.5101141710603 -14.2399757653912 6.55780857587016 15.8850731144829 -32.5043156242577 22.0501353479271 5.08708663048037 -6.88828455407464 24 "A" 369
15.8159467101001 -15.8269608850487 -8.79697335064693 -8.52661991168103 6.92072644141273 21.0503621968097 -16.6434677018437 3.82538448707889 -0.658178233864929 -2.17877618367248 1.35706097150692 -5.76949366918287 28.4938833970348 14.2268689309839 18.8191936184538 14.7464077451527 4.49371715310192 -3.62866338610726 -1.19944730185814 -17.0040228702767 22 "B" 334
20.3543831049987 -14.9866109169057 15.9196852969587 -10.5497328122963 14.1985566286658 14.2558504773653 -32.6600990895972 6.97598320174905 6.8552386061943 -2.87080279564572 -9.0757157579069 15.0954130168598 -26.3100679745966 -0.916327706087073 14.1815085831334 10.2446480420707 13.1062429184539 -10.3087423043641 4.57032086337718 -17.3251563964374 32 "A" 505
-32.1830681745036 3.94498740155547 -11.4230656533730 24.1665415694279 26.0322505006317 0.202028436631297 -7.3104133358725 -8.07622238468478 -15.3196379859401 0.83734974150655 -0.0519818294290865 -10.8910776517445 16.7518244612256 33.2132619916068 13.0212073977820 15.9134454830314 -5.15783695673663 -7.99447182470997 -1.47123200796386 25.0459551832779 31 "A" 464
-16.1163926141195 3.2702290264178 11.8470751414546 26.6346815171258 -5.85611338711249 -20.6845407383039 1.44698022803622 8.07248229099885 -5.94146969460713 23.3147786697494 31.9289595030633 -2.95862430872321 -9.521184325164 14.4309161607167 5.59942600849923 10.9491151515798 -3.04900439560522 -6.54257770823581 2.22246206485196 -10.4049894890494 36 "B" 547
-15.6802776051327 13.7632854626942 -4.48532368591598 9.36291455760633 1.62824973435821 9.60052689520205 11.4886113994737 -13.4504252456269 -2.6172871111876 12.6194705233763 -3.51810630763632 38.0143570284853 -8.04163200655255 3.97438612880425 -21.1009780552435 -3.40458159307820 0.195961960640700 7.39156199465482 -12.2091987156642 -12.8172228810432 38 "A" 618
-2.64702965545641 18.9615898002558 10.1919450035283 7.44274849676477 -0.860775407451744 7.43438099159616 -28.1076366328537 -1.35616009059965 8.60696352799915 12.0383253809326 26.2468696086898 -1.97213364011896 -6.95994031046017 -14.7799745622781 -0.47785507485124 -7.54744732671785 -19.9769744595108 -1.29199019599197 -5.34933556499085 15.0103765983187 37 "A" 563
26.8029990362752 3.04237791335683 0.376710398365185 -17.2587727415513 -7.96414423384194 7.95755136655429 -15.7819435756700 -11.7345279761100 -14.8631584488265 -21.3365988620716 -5.78278897767802 1.23050633081713 9.37591078355193 -2.65528040913119 -6.47740252504033 -35.0728863170968 4.22484222799208 6.35914611234707 16.9985203325549 -5.81393409262786 22 "A" 341
14.7108551748006 -8.59363917310749 18.7800820953571 -8.07315217186616 5.2445423723157 15.3264334871839 -2.70871282838397 -9.17230663190876 -3.38412765951973 -16.0485241846150 -2.62160129551237 1.09541301685975 21.0590596196008 13.8903177822672 12.1088335738980 19.0510187724588 24.5931689520651 -10.9758264449052 12.5426166838257 -0.442093416475463 32 "A" 491
18.0132144373997 5.04721953281953 -2.67235688660853 3.85670095603333 0.356030074421951 16.9736248313044 24.8647614983866 3.54485667537933 -6.77156443551049 1.85127349570234 24.1646612352263 -7.86405898895303 -9.01898132309344 -2.40756717346645 2.03565289892992 36.1213290857954 -2.04643805377837 -25.8702320922377 6.85523008548042 -6.21144750498421 29 "A" 437
-24.9940433520617 -21.985280811166 -23.2094267400873 11.1220834607929 0.0441447363327067 14.8464133184020 -12.3357388554663 -0.930001090326867 16.8016849663963 0.843604127577214 -23.2302836776104 21.0683943540683 -17.5676203467314 -13.7733978984685 -14.2531431243402 3.12485923248989 -18.2800437472971 -10.4292045068255 -10.1368395571087 3.10385420066546 34 "A" 541
16.0654486560413 -10.2503483803507 -0.134017345397723 -9.3396822971839 -9.57507723558983 -15.7035470293025 -12.5771864729515 -1.09279298146024 -10.3665300923210 -1.42128481855393 1.71857780942115 0.122431679651234 3.14519518773754 -20.8349674998535 7.54615894232743 -9.85724178595446 3.22141777228971 -25.0914942156773 2.91799512437875 -3.22516611243668 30 "A" 460
10.5185839020254 -10.4572813685057 -0.422179924276594 15.5181049111091 -16.218693396584 9.49715632454509 -25.7071944839199 7.68377765841426 21.9837722795163 1.91814051145802 0.979300007019579 8.14945034244272 14.0738725583519 -12.0110814774328 5.59993479679761 -2.32217319379168 -19.2831584847936 6.97275228359807 -20.2071045517178 8.15104173039545 28 "A" 438
14.6184633209763 0.725998852092115 0.290516025367408 10.5066137516118 -4.70869739778404 32.1945448414592 9.70144813941994 13.6700119265485 21.4939583613751 3.47877800199708 13.5422044272640 1.05488502267252 20.8390351349281 -13.6009456173948 -16.6556296775583 -13.0488850413024 -0.057382981605203 -0.345783932856977 14.0036363871559 13.3022417496933 35 "B" 536
4.7834765533432 23.5266198528104 -15.0252954129078 5.62318492003943 -13.6071030357465 10.1579527560666 5.68085248892984 10.1516758996828 9.62505370296843 17.5865594958631 -13.7613573063480 0.298052987795861 2.27492440531816 -16.284892168192 2.48690671219705 9.0217301227973 -12.7792934794626 -16.8029691088748 -22.725925434266 0.412918345739532 17 "B" 265
-2.92238650395566 -2.87871299467037 -12.0744191014268 0.113948118474756 6.87588468933297 -0.765469729258192 -16.1967844368394 23.7547311563071 9.21035328469907 -20.5168235948818 2.44274014094592 0.189978336629920 21.4681313721471 -34.4211080838826 8.27098566970779 -4.55772678264992 -13.1216147108219 -13.8078998646965 23.8976689559305 14.6502257850905 25 "A" 385
13.847976758099 -4.07888818145493 5.79904933175178 24.357707448645 2.26037494360056 -10.7745757720218 -29.1710260179216 -7.41566178597395 26.8997848309257 2.52817801591989 -17.5480349830151 21.9738290342981 18.4266617906022 21.6920982311970 -29.3890199348522 -24.2247014362027 7.84334601656161 4.68930624259365 8.67949656187404 -12.0637385651337 41 "A" 647
-5.1057461823066 28.4801554656737 5.46590098432956 -16.4086738128663 -16.0654860093119 1.70583651948895 -7.04431580067919 10.3946134223503 -9.74859968487448 -1.15600904062884 -5.26455290129883 4.16295967383845 -16.4651832454202 -21.6947273465188 19.2158067600429 -7.59157191571418 8.56950171046862 4.84755250311291 -5.8570001295686 -11.4609597417997 27 "A" 419
-4.84682131122949 4.83538744233561 -3.47089577191333 6.75330893302848 -7.85919964235714 -5.29648681239492 -32.8009880679634 10.5990997550559 -14.3602601828401 -5.07235217678178 -0.0228604910135307 7.09541301685975 15.2754913187111 30.4853344763137 -0.60181960618943 -15.9257348930153 20.8605895233488 2.31406370052254 13.3754380859750 -8.2163222894496 32 "A" 497
8.05893447873308 11.5971745991233 -20.5798318170367 12.5907387421543 -4.81987310114975 15.6132097817977 -20.5745938119307 -5.93478395597243 -3.18555221763735 -11.7880670642674 -27.1026499784244 -11.7694936691829 -3.07817534664357 17.1698666676153 -1.00832862966857 -19.3801961180098 -15.7414917062308 -27.2868562360622 -9.85750236554059 2.55911197623823 22 "B" 328
13.1953124735636 20.8015744403527 17.4698615745421 -9.43373730373108 17.3510114610353 35.3498716065009 21.5850031907761 -33.4406136750485 4.51229842021633 10.4559763305989 -16.7025941919135 6.12243167965123 -3.11469206385570 10.5483947968171 -15.0584049729758 13.1792892615855 4.70325519447444 -17.2828413182932 -9.80351823949402 16.1929907804052 30 "B" 466
10.5595242488366 0.471015236283991 3.67913335670341 13.861776950292 -12.5762728843238 3.98636508631694 -2.48943086821863 -14.9083736722157 12.3165039877627 -5.79371059878993 2.98979342720139 -4.71545634359989 11.3614788370217 -9.07494353492376 3.28362081809657 23.3116651797045 3.27979242229985 29.2740075027851 -4.45920814830169 8.8850594737957 18 "B" 275
-4.8611274699295 -4.82434110704619 -1.45099408181302 7.42814885842703 3.69454944328913 20.8296315553695 6.76718526883493 -7.08189776264866 14.9792382320915 -19.2293322529563 -1.36554387483522 -29.0937176226806 -16.0564174620103 -14.7197860685487 -4.18794670389529 5.1042779328571 -3.29503960763901 -4.56629592019831 -16.1115757217359 -1.99236297553926 46 "A" 671
18.1457002376348 4.98405959569034 -20.8897673705793 1.84109021245105 -19.3008381710372 4.19142127973229 11.0472813347654 5.61992914630839 -1.42556843223891 -13.3811899820873 -12.3046608448115 -3.74247500639138 -11.9260086356501 -8.62729117051354 -3.76394126742678 6.7319959549681 20.7583054038709 -1.71203823057692 7.06648693718406 7.18822726583876 20 "B" 306
-7.74290920249605 10.2064751478960 3.81550570361511 -37.593716238493 0.898972993982069 4.23220536777919 -16.6973077800056 -14.6277719249568 -8.65424168288641 6.89862135673433 21.0395338982013 -16.9721336401190 -4.45130057053228 -5.97814330331915 -5.86304150532055 -1.14300822309498 -6.05327112826609 2.13727958514632 20.0957186937264 -0.209557380809688 37 "A" 548
-30.8489439825371 8.41908404467323 11.9016909231609 -9.0230713922335 28.7337577665475 2.64112633889995 9.08565395636723 26.5448333995459 18.6150523127525 -15.3469295157077 -6.7439499355556 8.13594101104697 32.3379625282494 12.8736502942206 31.8150292224785 10.1304111152785 18.7850989057153 -5.52473779959714 6.16180706648012 -0.727021568326734 29 "B" 453
13.3450635562624 0.855706337245528 -12.6643050376728 12.0516902145451 -2.79132346603717 17.9309694143171 -32.6751104617607 -10.3385116669210 14.0550145638743 -2.6388383765116 -18.0490709009154 4.98733836569383 11.6488152954927 6.99207389830914 -10.2063663853123 3.52758454102867 10.5705872093281 9.54913601033175 14.8560826207511 -16.7034456471712 40 "A" 615
-10.4228849860457 -6.07658545430872 -8.44916538713849 -3.55330691893428 -26.1613710071616 12.3300025067249 1.73005101826842 -13.9056158313397 -0.72318580030944 -7.99230373997613 -3.16948673206774 20.0008476970896 -15.7106313157840 -24.3604496502417 4.05470462161797 -0.0134709026007248 -9.33963330727093 14.0596003281517 3.6246644379269 -21.0555143822364 39 "A" 615
-18.1592805186697 11.3723209587359 14.7583343754138 -8.83127987882695 12.4463989346510 3.51278624385894 -18.022036315653 -26.8543423247903 -14.4251648421161 -5.87550095209272 -5.16177481375535 19.1224316796512 7.71307914031752 -3.34455821717274 18.7378714572530 -11.5482678458839 4.44528569535315 4.31541795536497 0.210945341276667 9.67750108347164 30 "B" 479
-32.5957083775065 17.4995460929613 -10.9962274217042 -22.9008743898670 -13.6157462369242 -11.8482733949977 11.9170474135202 19.0377051167564 -10.5609344618135 -22.8509882606483 23.5590399627286 -1.83704032616155 8.32964213164498 -22.7251012808419 -19.8925070850734 -0.760278298233382 8.5112722060448 -20.0775221718874 -8.38033473749393 -10.8725960198883 27 "A" 413
