"sim1" "sim2" "sim3" "sim4" "sim5" "sim6" "sim7" "sim8" "sim9" "sim10" "sim11" "sim12" "sim13" "sim14" "sim15" "sim16" "sim17" "sim18" "obs19" "sim20" "age" "grp" "weight"
4.25705383696495 3.39265986172868 -6.5935774257143 4.47775641943748 2.3164000117733 1.85473177935747 3.61564809817559 -0.82222000975951 -0.0148611256644950 -0.505230977269435 3.66122661610738 2.89733248001135 0.407549555112016 -5.38006010669808 0.504122551006866 2.20014676629033 -0.599838489481497 -2.51790175472302 -2.16486247877762 0.535573944197118 30 "B" 453
-0.154858459412078 -7.7498458110788 1.80304569875729 1.55565819672875 5.74097880818084 7.55532560840394 -11.8235901679585 -1.84744918614188 -7.66642862726004 4.18400780802066 5.42495751289315 -0.751547175980114 0.502262808831943 12.2027651416967 -0.925691043432486 3.50578260750692 1.14362941152831 1.53371065251597 6.83513752122222 -6.70282669921969 30 "A" 462
-6.49675397345654 7.25499830936668 -0.623447862316043 -6.55823713344816 6.1182617878509 -2.71189839218988 -8.95044131467974 -3.31248547228467 4.17290638877444 -2.14867452773474 10.1730636395896 -2.12254928447587 2.6823674424511 8.52851910498844 0.106994595973198 -0.726818547035445 2.24593412238976 4.66342590629162 -2.41409847198642 -3.0055900113241 25 "B" 378
-6.0902677021543 1.54819722063998 -5.08357474707659 -1.69734681085220 2.48680563498427 6.77262295410349 -2.32806123827840 -0.123081794768455 -1.0736487877767 6.22539812531794 0.94823387418518 -6.02824825247065 0.754718461279285 0.79911241045832 3.14961554163243 -3.47558320030954 -5.81534172609471 -2.44476554868303 5.83513752122242 -1.18458799575824 30 "A" 461
2.89754063246229 -7.69586034965728 -5.94489899675903 3.8425114308666 3.29339656935861 9.4400084356939 -4.31485271285567 3.84625946638776 -2.34229541246327 -2.98016523258321 -5.1675963641161 6.98733793534064 0.129084944268416 -2.08521827855858 -5.31317896303589 -6.32694916346616 6.7378857167779 0.549102787074825 -0.214709677419352 -1.56819293442997 29 "A" 440
-0.284574675018659 1.09205005141708 -0.519642663751017 -0.925872481721695 7.44923111197985 -6.63986355007422 -1.57216762011440 7.50253880104223 -11.1695132481796 1.85974861252720 3.35818104793428 9.43042502315225 5.30230322606648 -1.0384224933833 -4.13131447558638 -1.39933828768862 0.822437618585796 -6.86460625147476 1.93483191850595 -5.60316323366238 32 "A" 487
-4.46519265598519 -1.33461309024994 7.52752103203907 -1.87928385252662 -6.7822416655131 2.11515577850439 -1.85840770805945 -7.5389435317969 -9.00122859035898 6.71972815355394 4.1441300235322 -0.82963897736237 -3.98304058210534 -4.1795180459483 -2.53513984171680 8.25706590255188 4.52389341132945 3.25578986349142 -8.81593208828524 -3.60424178373232 37 "B" 551
8.62488549525067 -6.34795742755618 10.0620164794781 0.958313653787752 8.80189321659595 -0.252630330234563 -2.27171350578704 2.92418052739866 -8.62155403411449 -8.1806060430662 1.20566744046204 -1.11448758599158 -3.82488858802214 -1.48220533872900 5.26838094968538 2.28590164596731 1.34122220849869 5.31921351130287 4.73544312393889 -7.53096489753657 28 "A" 430
4.0424478018052 -4.53035869280759 13.8315285529584 -9.23832292046976 -1.02028408320618 -10.5876396390313 6.02474467871404 -0.521313746862055 3.20423124043255 1.22487912656838 2.16709030238436 -2.15877209330878 6.78558922740312 3.86831310053104 -6.88766171773552 -1.82235986708062 -2.24015736330496 -7.6704172287886 -5.61348726655348 3.43028957479466 21 "B" 315
3.52465671537083 3.76044483203873 -5.5891120213543 -0.00819418392215354 6.78855913408789 -4.59174619105315 -0.81553021676818 -6.7334373946559 -4.71766578353672 -1.40085452483506 -4.76773817539921 0.504212881117521 4.17736416318354 11.4010628735116 -0.49793761975128 -1.36683060560976 3.84975034402307 3.35698172942719 -2.91562648556876 -3.05371077922806 35 "B" 527
2.54982652795100 2.38576735362306 4.53992776932284 4.25271734294186 2.23039629497814 -2.96118144954277 -12.2975508422511 -1.63595998086832 2.28356996422246 1.47015525878573 4.13937162382986 14.2156675358319 3.20153915858108 3.29234194313082 5.54020114301316 0.305104660202784 -7.2653545782934 -6.89521334563697 -2.81593208828523 10.2809214292500 37 "B" 557
-8.87644193875894 2.46469982558940 -0.399894130476687 1.47662317012735 -2.37829463866684 6.68253284123479 2.84379944468488 10.3058917758652 -1.47370501308962 3.40294877506317 4.15530392619983 -7.33146433810414 -2.44555621559676 -0.400502990083992 -0.0762991760051045 5.19697016113304 -5.12489025009816 4.55024898090474 -7.11501528013582 -2.99923415835606 31 "A" 463
-1.91172093429076 11.3035580685114 5.50579304014134 -6.06623874762263 -3.41476087013581 0.685876858423031 -2.28721383449291 -1.53874495109449 2.87599112645549 3.24484710707094 -5.62880090528016 0.195663860352977 1.40845818452217 -2.58955439797745 -0.287381158065122 -5.975310691443 -4.27029636659161 -0.363215498478414 -2.16486247877758 -2.2083341657781 30 "B" 453
3.51125561683998 -1.02561273362897 5.38456274580743 -1.03360913183620 -1.53147555857465 -2.37860146897065 6.50211354501982 -3.95975697095792 -0.120723794409647 -8.1615521222298 9.8972874845732 4.43582058316988 1.00036976205012 2.43016847901934 1.91544817577833 -7.11397945833283 -1.31093821123061 -0.0492371276015737 -1.46394567062818 -7.27379098847009 24 "B" 364
-2.17278846709823 -11.1363282485917 6.25385436789978 1.13798865952112 -1.32842087271165 -4.27534315828498 -11.7961873975500 -2.20350335348464 -3.96603036090311 3.66484362218599 7.25001534232437 7.15535240492901 -1.12055630342259 9.48306456399308 -2.21301791150957 -1.28409623719408 1.35906677233773 -2.14014453982027 6.63574872665534 -1.74820567943166 26 "B" 402
-3.00768311776322 1.63292549202995 -1.87727542027703 -3.96648123986892 -6.22242578646128 -0.938771091026804 0.384045922903093 -1.63242658143708 3.40889289651364 0.923576214196815 3.39528244689472 14.3772359412948 3.22268253923678 -1.37895108399448 -1.79667297312409 -1.40125109314318 -0.108418021032136 -1.36831181603804 5.48315110356537 5.31182915968226 43 "B" 655
-6.31318308152813 5.31440262027847 4.46530640764612 4.8748534071042 1.52129960698198 -1.28028171297086 -1.50242453189084 -8.54706910335127 8.45118825692225 3.25114217652595 -9.42791744063878 -7.04404579825593 8.52717561400612 5.33104820793137 -0.355857844150548 5.37209631130202 0.00980514108186251 6.91289903366963 4.93483191850595 5.47168464580193 32 "A" 490
-0.0590994779579656 -4.58719020501098 10.2993496329023 2.99139013005 -5.48625550132435 3.90124398397714 -1.53760675569938 -0.70346597724882 -1.43822675321666 -10.6452986067227 -7.9009636197866 -7.02947894390387 -4.67902631027658 -1.8365786406321 -14.6738405878048 -1.47993054963017 -3.68346812236162 4.34166102901377 -1.26455687606111 -5.4062781308001 28 "B" 424
2.73468544503801 -7.29591504157127 -1.89789169673831 -5.91486450427409 4.30847882222986 -3.21332721417609 6.00545899471712 8.10994163978817 0.542833037231009 1.30987931105305 -0.885170013105393 6.43211668102358 0.0783866410478962 -3.88818584728314 2.11923752994455 6.63691137691581 -8.71551564285046 -1.94501151256890 6.63574872665534 -0.970641293000882 26 "B" 402
0.774260012029888 0.572910024841442 2.96293283326858 -4.01642258471886 4.69861916663955 -5.2206688030089 0.738629758557678 7.74714500831055 -0.780040102801736 -7.03322894294573 -2.80998935706535 -1.10314348377983 -3.5936330592329 -5.00811446169292 -12.5776074925251 6.4937616746399 2.76606019618644 2.34410139472661 -5.96547368421052 -0.448635426807114 34 "B" 509
4.65424716115087 4.71546165947673 4.70150728846584 -0.99549675554151 -6.43806006770868 0.082599677017734 -1.90245387730763 0.267664750235071 0.750707196065705 -13.0942228700517 -6.7771990466057 -1.42758922469123 8.41112388262718 -6.0479460704548 1.22143882734507 -6.51979910966102 6.20132462064835 0.299719431748382 -6.21470967741935 1.78341212802955 29 "B" 434
0.0120129683238400 4.09100227053994 2.68330774206206 0.754138927894976 0.647039759152302 4.77227002576518 2.98441762364306 -2.55495710401586 1.13978920533824 0.0829345680701909 -5.04965737628898 -1.60188001183969 -2.95079530179808 -2.64900063681852 -6.41878842488748 -1.57478021549620 5.89938601957943 0.995740042697492 -1.81593208828523 -1.52480533825583 37 "A" 558
4.81084964462741 -10.7313110658723 -4.76029859557463 4.42909248530976 2.32519300559093 -2.24617967184314 6.57430240080712 -2.96337884387261 2.9953119318154 0.922838623629332 -1.09609110651651 2.7040171570821 -3.51631301136707 7.69368067624374 1.20042598591435 -2.46253133403788 -6.22183256174968 5.74686383346766 -8.41409847198642 8.57752860249631 25 "A" 372
2.81834217611110 -2.84686361367272 4.31624562602391 2.27024338321479 7.909886478617 -2.34049338281827 2.02323591682061 -3.8860049427697 -5.98334833543223 -5.25904871140008 2.35596948976261 -1.87144736146409 6.05578426463667 -0.02534050628151 -0.0456347631198563 -7.00877637786457 1.45231130336615 -0.163675970212826 4.28376230899830 4.45828303957593 39 "A" 594
3.78883781090121 -6.54349753470603 6.26047388778718 -2.54906091053618 2.25049593268076 -0.752675102763351 1.81294292584730 -0.97176176387207 -1.49014181690708 1.19711613143542 -2.97339358136988 -3.51643894025481 1.29788073184438 -1.87152757963719 0.811234574729055 -4.35937601163292 3.11836212608976 -0.604259467493456 7.43635993208828 2.86395285226011 22 "B" 343
2.76913679636035 0.151889241968813 7.37635174971956 4.0723274978051 0.0031731495437881 3.05053008087315 9.2518602736257 -5.74000900718026 -2.77112429333450 -4.40707837499771 -1.45193745302798 0.438636019123588 7.50400174317365 0.873345357545452 1.00362643555755 -3.46456972594031 -0.120395425919697 6.37998206713007 -4.31440407470287 -1.82082591916343 27 "A" 406
-2.90263096514307 14.1555792153004 -0.792979239582143 -2.36178308951912 2.45146259204042 -7.2228804285923 7.96053796928466 0.18354260039568 0.0032979424725729 3.25975935295878 -0.0891536328755062 -4.19481051995091 -5.58785126952908 -9.33967158875204 -0.054942169988241 -5.66197046280089 1.14069402195378 2.23042496875216 -8.36425127334466 -10.2137588868746 26 "B" 387
2.4137675854673 3.27333831194040 1.74045038848950 4.82930420024722 -4.21213111056815 5.61521255133558 8.320256829455 4.99493507213089 -7.74359147124238 1.18359588597655 6.97464069823144 1.67675605011179 3.87319599298461 -8.91536730480295 -11.6977124125298 -2.12653443572577 -10.8696329038962 -5.60662030532209 -5.26455687606111 -2.13400135289131 28 "B" 420
2.68569812950773 1.11635990025127 -5.24501161420976 3.50177489998936 8.54110988225063 2.73479245736119 -7.16174552423114 2.95752473522464 5.62638750255624 -4.45425722997413 1.18554712397114 -7.27835145220446 6.03825205187832 -5.2138748819797 1.2188043200253 1.47101582579485 -4.51846908653596 0.60735651132443 -2.11501528013582 9.07467633196482 31 "A" 468
-4.31833256750916 -4.58921089603039 -5.67189811065677 -4.51388346656138 -5.77135272130825 11.9394430743809 -0.977489217740028 -4.43452545022794 2.50705842047659 -6.2159706617056 -2.90794891055951 11.4989505627056 5.75212272326575 -8.18127917214047 -1.69612329227910 -1.20841190616887 -2.40858259854811 -3.92813562863121 -8.16486247877758 6.58016734608455 30 "B" 447
-0.688478306283242 3.86157084295084 5.95135827684237 -9.81728402777203 -1.66233747163340 1.46760135595159 -1.52907516784970 9.2023554290731 3.31710852831843 -4.84457991269215 8.32000366096424 -1.45038924294293 5.91717417414605 -2.15950182474861 4.58426091922895 -3.37390094560007 -4.94082305001394 7.90419080787375 7.83513752122242 -0.991345654585271 30 "A" 463
-2.82482581773254 -4.74385445099506 1.07984677841650 8.59034891879464 3.19120713623973 8.0178834159274 -4.32184334076607 -1.28109054240824 -4.06710860858123 -0.568248168783314 -3.95244518200375 3.55954058123784 2.47061030650038 1.57231404964825 -3.4470610101541 2.97775073136945 -7.41871693079574 0.482153361196486 0.984679117147716 3.03274761967255 33 "B" 501
0.712217983232914 4.20467663106059 0.302076672866777 -0.547138072195911 5.87823224939957 5.29506901855399 -4.39373280067503 -2.84535439844493 3.83273746071361 -7.33739552363723 -0.0742387531259307 4.51639786572379 -3.1862956663796 -1.39611726746469 -0.346215139920627 1.61088766488081 6.35989095873178 -2.27381894159358 4.93483191850595 3.11453305278881 32 "B" 490
-6.2239501684932 1.92207172557985 1.5898649445471 -2.24650480662016 3.99371324859498 3.20076155735936 2.93667277054923 2.62252934011725 9.43449010109254 6.22832884583709 1.37185259384453 -0.88442144663289 -8.8785499592784 6.26558925625705 7.9764917872614 2.55316179334544 0.781467504116108 -6.04910640659203 -2.21470967741935 -11.3099486524882 29 "A" 438
-0.835912171866823 -0.309870280068596 -2.54078370731756 3.63188213869019 3.61191974204939 7.68485122879751 -1.98576177688114 2.89391179026993 -2.79443857158678 -5.30842265513501 0.0239762134346987 -6.47433493221359 1.5346044114055 -11.8669795846404 8.33775224998433 -3.80671543321766 -0.502110604305499 2.61355541742882 5.68559592529713 4.3637504704372 27 "A" 416
-5.13613096973362 -4.34434657078393 -8.01005195815879 1.59463580681132 6.65558787732864 -5.71824915247424 -5.57471134663795 -4.11485349671054 3.70888994843828 0.692182349950991 -2.90260657945435 2.35222364484022 1.01071560673165 -9.63332340358123 -4.54614447195613 -2.43156398083893 2.47934267801675 -2.91195446889257 7.68559592529713 1.11755736364857 27 "B" 418
-5.20643755067371 2.95561977143092 -9.43262069630101 -6.26167748223639 3.77009364619296 -7.19968167249913 3.39610290578081 4.35087198195051 -4.77247172598962 5.02261785821992 3.57842797297679 2.05803231877331 -4.33980971566939 10.2568468934812 -13.1333006097208 9.33895430537921 -0.372009498200941 -11.0032117479881 2.08437351443123 3.08384410403127 35 "B" 532
4.20952434702252 0.183111720451199 0.595332106567184 2.39203325257431 -0.533450515425213 1.66028748421348 -5.48617692716716 0.861966272792488 -2.74815063440427 1.34396838261361 -3.07548708176858 -0.736841028422809 -3.42259679148009 -14.1178045482104 0.598311033140447 -0.496053611037571 -7.98334469787867 2.43129390097431 -5.01532088285228 -1.44867740019594 33 "A" 495
9.36005630713158 13.0498053027966 1.87562313814522 -5.41263737454564 -4.53854860955878 1.25837096752221 5.17793809688167 4.52887570989536 -8.15634758910881 -2.15716466967358 -1.61414488313727 -9.88159665619249 7.84803476135335 2.34557471195187 -5.66326202515372 -3.94279997931657 5.61330505131721 -5.02802750928532 0.785290322580648 4.06020867149391 29 "A" 441
-8.52868345986209 5.60720434899391 3.64210495669023 5.57980204888775 -11.9278407481888 6.01517843666323 -0.0533610892891794 -6.5261321230254 -0.979710368172952 2.24249569474976 0.7931662629656 1.69372514180966 12.7101943373411 5.18399644943222 -1.17989013101187 -3.4902580903751 -7.5986651772779 0.608485111005035 -4.16486247877758 3.18409302786041 30 "A" 451
8.42513552197496 -8.49167670529419 -8.24306395429824 3.67780339223541 1.81408653222060 6.47455764777066 6.2379686033949 -2.10259477904392 1.19008396253479 3.43844513551353 -0.317214633414862 3.14235408566027 4.37044377973338 9.46730086447628 -4.04419897425332 -2.92180190084506 4.24130963149646 -1.88348769879785 9.18406791171476 14.1435443087968 37 "B" 569
0.341467948161326 -3.31090401457147 -1.05462447614134 -2.24043223329038 3.73098488836051 -0.33712269686046 -0.461371894286529 0.177202395770565 -0.492719665771418 2.21784099205228 -5.65446808884218 -4.80403361463522 -3.92813790675832 7.05790376495886 -3.46202175162913 -0.42929875508665 7.08523316301778 -0.468598820563188 -0.0651680814940527 -8.54149768066644 32 "A" 485
-5.36388351908669 13.5516453471663 -3.52597174970381 -0.550602116449829 4.12926344998169 -4.20892465180284 1.96317312305096 4.50702065146741 4.7217682606299 0.404822434253781 -4.02987122598405 3.6293063623988 -3.67335569132702 -1.95972023661321 5.86379864129095 -1.64798070502318 0.39228261931457 -1.58014203345419 2.68559592529713 -8.34685291685376 27 "B" 413
-3.16784318890477 12.1233435107303 10.0221819377679 -3.47513772147627 4.7081206813591 10.2005756634649 -6.46992337912191 -1.43297341068176 3.52323305505097 1.26502719621110 2.95289963805424 1.01832840165098 10.884137270333 -9.98659721426607 0.650623712855527 15.1378860156263 -3.64734873165360 5.33010968971208 -6.16486247877758 -0.322554003653207 30 "A" 449
-4.97675858959863 -2.11608114374933 -1.13496618330364 -2.89409885158414 6.67685333489342 0.74915736314447 -5.65341478127399 -6.11167632864628 -0.938096901119556 -0.272230348423177 6.4514540892422 8.43825956955586 5.14779162079992 2.55009677208986 -2.98121463430313 0.801835196356023 1.37614971120705 -1.20136551600499 1.98467911714772 1.90730526355322 33 "A" 502
-2.3029758135793 -1.15679159917451 2.55669125984850 -6.90136465886945 0.800233391863294 1.69682404359522 1.24230141923286 5.26391089170682 1.85801749929941 1.52889125278461 4.82783929692232 1.55691517938641 7.70553945088801 8.81208088745017 12.2381177152641 5.11337330644397 6.7385880733491 0.761828854569829 -10.0153208828523 -4.59156285183263 33 "B" 490
1.29910784332232 1.22717908905601 -6.75499934960233 4.06434772454045 -3.65276063779526 -1.04187280023627 -0.763602891065628 6.93322251851424 -12.5737497318637 -0.64819421889054 9.65633659890047 -9.82086340427282 1.90900941734451 -3.78415225722443 -1.03514944231415 -6.8849463469393 -2.98808496779619 4.00141889424684 2.63574872665534 5.43242714836837 26 "B" 398
-6.42391101058488 6.08130524185604 5.16951060690253 -3.78787814004093 -1.9411954631552 3.83474742354959 -5.26253836523016 -2.23287989385650 -6.54921622289163 -3.30657547597641 2.29287888081531 0.179242484715946 2.62345459167862 5.30384111648729 0.156244412229963 -3.35966496893236 4.48520681347519 -3.71109797933847 7.33360950764008 -3.83938630885163 40 "A" 612
1.22179367336283 0.576598294576349 8.7063248559453 11.2817174364450 4.45507928874302 -2.52095409197151 0.297084949244615 10.8993198022269 5.62089253038401 4.28747657965513 1.12001026951202 -5.13202926488662 4.9532651062706 -4.62209276282201 -1.7633556441041 8.32360733264776 2.43979886015018 -2.96821295806867 2.48620713073005 -1.87661433735212 23 "B" 353
1.43894504529475 -2.05787290109899 -4.96349485618485 -4.63096290507707 14.9638706058473 -0.553047601923208 5.42553278267467 2.63605966887354 -9.39984626916842 0.404263424344324 -1.29344029836572 -7.16073858478794 5.68797550704608 0.717265602193877 0.610973525946105 -4.27267416048364 -7.83713464883412 2.84149721502024 -6.16486247877758 -1.20729996974682 30 "B" 449
1.81785312081872 2.83821844114603 -4.59381254308936 -7.87727447813474 -0.490319777841089 7.52331365319245 8.02952924083093 -10.2219247591006 -5.97533795782589 -3.9546319256926 1.41437814555779 7.31179618248057 1.35486779155586 -5.5218924507531 -11.4226239281009 3.64013099299028 -0.536602615039408 -11.7284322857487 -4.06516808149405 4.04469805536871 32 "B" 481
-0.96952692908013 -1.57903712861677 -2.03840364787410 1.95502282182251 -3.81514957982028 -7.53177095205596 -5.68295647311113 -2.71047414908295 -3.17325632974312 5.50873679369281 -10.0782411084281 2.45172244035481 -0.698782099876905 -3.23391254707398 -4.8684080694934 2.43641276432544 -4.83413915356287 -0.350439141684321 0.835137521222416 0.0595957257950131 30 "B" 456
3.78431299878284 3.83392610732912 -0.0502724607032412 -0.735814479369591 7.46662377602013 -0.878732502422 1.79294399343505 6.60744915235271 -5.30141164333961 9.50581858497894 9.59220204046022 -2.48450785876385 -3.20888152756678 -5.15358288612303 4.7102185459837 1.54104237804947 0.241201252703320 -0.622525750940438 2.88498471986418 -2.60013866995951 31 "B" 473
1.05063192681834 -1.27885595323102 1.9584007257596 -4.80140387444216 0.0809310517823354 11.1738667881715 -2.50846546954386 -1.53624774994249 -2.69395083438988 7.07924729818009 5.22619340754683 -4.22604812800027 -4.22571579350231 -6.89151678179721 0.82124335126241 1.43691941661464 1.72806545513403 2.67098964771902 -3.96547368421052 -11.0127410649956 34 "B" 511
2.19115916413135 0.384098480161356 -6.40693401081851 -0.244207221310896 -3.56320659145132 -1.90505366921944 -2.3364296748204 5.95240294295116 3.52268491090837 -0.0730403301392767 3.47929005382996 4.94267952195215 1.19155928286441 -5.53746689358101 5.13064547945708 3.57831949628931 3.11087795027851 -7.87614572599506 0.386512733446519 -3.67258895988918 21 "B" 321
-4.01844128142081 3.02452152767370 -11.0908898086989 2.71435979582725 2.74901316707587 9.25494590156747 -0.291809895418013 0.0277347956803287 4.24460539930303 -8.84750183304688 0.93502463534919 1.15225175045146 -0.583654104148459 0.972942021892802 -7.6278012073771 -7.72878049015338 -4.39437935975693 3.72744430361156 -3.41409847198642 1.39813430005078 25 "B" 377
-3.23513861525698 9.8837825111851 -3.42711565324028 1.81178830482774 -10.2420379843481 -2.76987223833652 5.01412533838418 -0.313557527796560 4.22716126282657 -3.24536493594129 3.80979662009189 -6.45611263791596 1.98817134103303 0.349064978418793 -1.22073690053528 6.04433164364288 2.83455969411839 -1.19050014917783 3.03452631578948 5.31296855954967 34 "B" 518
-1.87785166057433 -2.62187674754088 2.26323150983468 0.785952452542523 -1.57052694973077 -2.70766485318356 6.00650346663849 -2.6642962820187 5.76860804940894 0.853659795420566 -0.331334991506107 -2.84279602190844 -5.34144032453985 4.66589405654331 -1.43415349470683 -4.3734690068598 -0.427928149317974 4.20942725767719 4.93483191850595 -2.47253562935502 32 "B" 490
-11.9496210611169 -3.31823053748086 0.8919831798946 -5.66908338756152 2.28556142321557 -0.125597801179239 -1.70036812145909 13.0409906557405 3.92921345370649 5.25465112034009 -7.1596029097513 2.16450592595241 -10.2240951540057 -10.8529877914348 -5.7671170215023 -2.48212598125472 -3.59651686898161 -2.96812294333902 -5.16486247877758 -11.3939922574073 30 "B" 450
-7.27846164309392 2.19976061463320 0.70766701260589 -4.97704801135385 -6.5396606754223 4.82889254638559 -1.6447213164086 4.57415952190584 1.18994924814225 4.83902241344961 -2.5711488566821 -2.22815592512611 2.0114146697006 13.2458990316310 3.53286101739939 -10.6689558154699 -3.48295070107628 7.56534247164951 -5.16486247877758 -3.37991127946634 30 "B" 450
-5.91120823561727 4.20842473120803 -4.45534598314292 -5.80135944429424 -3.06450219399285 4.31385297083310 -2.62720974124576 -2.26762906176671 -5.36246640635687 3.94965259508566 -0.852878640178633 -7.01502766008099 -7.79156414675636 11.3645591514545 -2.10803903079199 10.7083881211025 -3.18401653760964 -3.40447874761795 2.63574872665534 -2.24910224937683 26 "B" 398
9.05388508203938 -4.62605374756980 4.65075284259976 -8.27347037951822 -3.37060210160038 7.61778691677783 -0.95766137239368 12.099743856093 -3.46157225564551 -1.99111242910635 3.73539739577143 -0.999886169152979 5.98845063299791 -5.52838568134434 2.45483166204257 -1.21816202347904 8.23311973706404 -6.16909630571332 5.18406791171476 -5.18677900333572 37 "A" 565
-5.4306230365692 -3.32051363079489 -2.315123638469 -2.63948511426145 -0.0941710342785976 5.39278086337483 10.4077849407411 -9.65968266358975 -5.11370161962309 1.43232608368948 -5.36892983516218 -6.11888619367638 3.50821529934457 -2.97081285373470 1.47148486209863 -2.9676739805963 8.04298644440495 -6.62391150087653 10.6855959252971 2.24637099067646 27 "B" 421
2.81102791706928 -6.52088237953128 -1.45500474748947 -1.39291790467178 1.02615318912528 -6.38341818218165 2.13552982439067 3.22817644323571 5.33398334256852 1.05999543252267 -1.94952200415786 0.662678154082644 -0.585634680439074 -4.21453854294771 -3.86311780157420 -1.69498841818545 -4.12332245066172 4.32775461277111 3.78529032258065 5.94839700329254 29 "B" 444
3.79875380842628 3.4824803873221 -4.90329686841479 -4.70582273546377 -3.3575538312004 -1.16404910710332 7.25051070809806 8.02326332972498 -5.29746346505675 -2.89913392601086 2.67462134060524 -14.7449495992262 -4.65197294952164 6.32784406138195 1.03184269031475 2.73961451876307 2.26348415168856 -4.66400147453911 5.88498471986418 -0.805230028259205 31 "B" 476
3.42150564461102 -4.98426121301637 4.26827939820935 -1.90990050769199 -5.86475767307015 5.26570339257266 -7.08126531833993 -3.13988837620734 2.47457068278565 -0.320777644235000 -6.02408073625567 5.14542923446605 0.290401257531496 1.13328985602638 0.951226290031335 3.12108423660882 5.29344489775066 -6.37419626822441 2.18406791171477 2.54875778190114 37 "A" 562
-11.1676515359404 2.49578782230824 2.80119995792089 -0.494900114171042 -2.84488357930615 -4.32575529843761 6.05348716232910 -9.29359037097528 -9.232234554606 6.28883843392964 -9.97941266913823 -7.51913261394018 -3.78352000192738 -7.61883526657009 -1.60369524278127 -3.24285865235874 5.30913340208069 2.9999185694461 5.48620713073005 10.3933407114814 23 "A" 356
-14.4310466926769 -10.6654003114404 -9.56789248705136 -0.815408438589037 6.06839059623903 -2.02119673334129 4.66095962685106 -3.56130865948856 8.19296935539068 4.96278796325733 -1.75363152385842 -1.35834015093734 -2.44256863015943 -5.06506365296305 -4.26801986966987 2.00820064474321 -2.39399202612506 -1.97805474287102 -7.56364006791171 0.189964183828203 22 "B" 328
0.408076446676068 3.66384230655546 0.608542014288397 -1.86031070028984 10.8123548830402 -2.00205987639302 -4.49924432026243 -4.42774790098707 -2.91429559546505 5.74557081492265 -4.78224149210151 1.46620874151862 -3.84110318084507 -8.72564882452546 4.46304305591325 0.361984601797878 -5.14701691021281 3.47456036562829 1.08437351443124 -14.7761265869248 35 "A" 531
2.90670227393435 4.72808501706884 5.18337625654424 4.46415671478651 -2.97899742398428 5.10197476664465 -5.74434006052656 10.2465313685432 0.157308814122821 5.44493635720160 8.05035290547127 2.06134776852439 -6.49219447245135 -2.36893739346388 -3.69241317409563 -2.82862945982743 7.48453078343423 0.173107373370288 -5.26455687606111 0.661727777612072 28 "B" 420
-11.1151036376363 1.59897890475746 -2.08549052622758 2.13306333744608 -10.3758336962642 0.555636227088472 -8.3902854360839 -3.34132419890860 -7.85048840940725 -1.37387094643686 -2.47351753305322 -3.17792251761953 -1.28094916209161 -3.86178103633933 -2.1903587423484 1.03249795406856 5.91407054816623 0.766349671469302 -13.0153208828523 1.96086955667617 33 "B" 487
-12.2284808804170 3.28087897404379 -3.26366013149287 8.71465094448182 1.01248536473785 -8.6416694754596 -10.4541124801592 -10.0297438301011 -5.63270795707905 0.347404151565299 4.63418666095895 -2.62181776026925 2.9352443443586 2.89545399418723 0.35623245626201 -1.15996395855555 -10.3904410434704 -0.181537494212661 2.63574872665534 5.94488557974914 26 "B" 398
0.849765788754729 1.10045535220216 -5.6964474845198 -1.35386022058093 -1.49561933581012 -2.158295692998 -1.64111569431488 1.28021833812513 -1.43111958273135 -4.39847773578836 2.75272531283270 2.26528298648090 -7.19122889707783 3.75380389567665 -5.39958097425674 4.73062476918743 -1.08234873341929 5.63724339169713 0.483151103565373 1.06534721701002 43 "A" 650
-0.963496499957987 13.9408496308063 2.80541991083078 -4.6380422199949 -1.10961844041291 7.74034784013058 2.45048364642798 -1.37891934311785 -1.52982207768837 -2.68197768132560 -2.02810526141073 5.51623495779518 1.08608827051102 -2.955261225555 -5.1699853432684 -7.16164467429135 -2.83435382198721 0.974746016938471 1.4333039049236 -6.20999704729748 42 "A" 636
-2.82282600677384 -5.76959033929507 0.906686599827244 -4.41953883644679 12.2173877908353 1.11380628849128 -2.90883255523446 1.84089417161858 2.15695740237646 -0.443931592229074 2.36136724021831 -2.47361318314300 -0.310289474868879 -0.507995070357607 0.858716449503589 -2.67456688764374 -8.07074416392923 4.57202310485953 -3.41409847198642 -0.463865659623072 25 "B" 377
-3.77120429191832 -1.28946425331984 4.34067069934872 1.93674529048206 -3.02590355045915 0.58481823157565 5.02205610289883 4.34430901703084 -1.12078779152787 -6.74120112305131 4.10948901447485 3.33902020218159 -9.22969893540994 -4.32867121804976 -2.64912842958645 -5.00705162161568 1.59773588774105 4.88025121740517 1.33360950764008 -0.861994740420314 40 "A" 606
1.69102766256980 4.69745230479528 -13.3673243822164 6.58117680408445 -4.581466612147 -4.57745877793181 4.69160306627587 -3.87313884121978 -0.377690526564176 -1.78079249564662 12.7958196045626 7.36359840736308 -0.84879422382788 -8.94848238436414 -4.40476622276191 0.8360833426639 2.56014331116527 7.71004837539758 -6.36425127334466 -9.66149560357821 26 "B" 389
2.63781542762518 0.487184663924804 9.47586087534276 -5.49635070490526 -7.82206302042618 -1.04994715742419 13.3296705593940 -2.06945966541692 6.6137837785788 7.16411527150437 -2.85802454011584 4.96550596561364 -1.91604819339617 5.89394320122019 1.19378121862125 4.20950816119754 1.68916267531847 8.66476143305013 -0.115015280135819 -1.46971407876261 31 "A" 470
2.47278135515290 1.08482320502153 1.11700207969354 2.64644593007262 0.576316320833087 -2.40760865075671 -4.8113108242123 -0.820457203609183 -4.83875847590465 -7.13747096934308 1.68492750274008 6.0800862892532 -3.8013892928658 -8.7340003850752 -8.06871127559398 -0.0724441866061561 2.43348658183300 3.10820509042517 -7.36425127334466 -6.82373659766827 26 "A" 388
-2.06637250549064 -3.58252781625629 -5.74813741494524 0.490151467289045 4.82878860087071 2.05743541641278 1.69923106780258 5.07877734361618 5.64679043093218 1.18634227605890 2.43588382084012 -3.38767681753032 5.41373110052883 0.418047244919931 2.18119075123567 -2.01033120315623 -3.00631780827837 -3.15030615278092 8.68559592529713 -2.57391589715904 27 "A" 419
-9.70675468467774 -5.24986956057848 -3.42232058916778 8.06827285919752 -3.24189998822795 5.3078135749068 2.81564936712748 -9.97089603318068 -4.29877151749727 -1.02912806195081 -2.3969029014792 -2.92844056957097 -9.11176072112804 -4.35616299364483 -0.0418891104163009 0.772812851408635 0.879227455082036 1.38709177295081 0.0345263157894812 6.25863563450341 34 "A" 515
0.481317790519019 1.69675227410111 2.07651090400478 -3.9141439686097 -8.0599076436656 5.29704060710375 -4.70396079771713 -5.77369684083015 -7.34386992170152 -2.10113750958160 4.0524029642044 3.50920507529247 5.17696778897942 -3.77404166806119 -4.04994942680451 6.06288614145226 7.22949312923292 4.42797240164986 0.0345263157894812 -6.6667852679473 34 "A" 515
-1.50192050815247 -0.525661202844614 7.22377352599207 2.15660247599814 -8.05940348026701 -5.63744894986129 -9.65067679720564 1.80527621777586 -7.20217536782006 2.55619505948881 3.45089609167355 -0.00677658631181499 2.08758614882141 -7.95722686297498 -3.17224457966864 -3.15135671721191 1.53090753149349 -4.00210168949229 -7.865779286927 -8.78187195745223 36 "B" 537
-7.02076120151704 -4.57274791410572 0.0731264912262297 -0.488074800820838 -0.0167825134082817 -2.34366218187381 1.15315283604893 4.49245130285551 1.33805588039881 -0.621397145918536 -0.123307579124611 1.57580491358457 -13.7637826608637 -4.54735807077818 2.61692193352088 -10.4832421947311 -2.94112581833403 -4.48910913198278 1.08437351443124 -0.122897719576805 35 "B" 531
-5.70492767725172 6.50514115130423 6.00794529919088 4.04747669018281 0.374989094982531 -1.41369507942898 2.32227037095914 0.663118074227358 -1.8796973683797 -7.95082522982677 -6.70422150147163 0.803934148246415 8.61066932338936 6.63097612105381 -6.09494106507636 6.10020177809712 1.41379276522030 -5.14524930343068 3.08437351443123 -0.318249887191143 35 "B" 533
-4.20393312783727 5.35380638114955 0.779941289074198 -1.29806253481749 -2.74267684579604 -6.04745614019257 -2.63529707766084 -3.45454716933325 4.06194741674057 -1.05005158756760 7.42015006961465 0.308387416944846 4.1882298248804 -4.07107657214011 -3.89846697239119 14.215266535474 1.38130569517343 -3.20887194628968 3.68559592529713 3.61407064632381 27 "A" 414
1.87766832774221 0.901757753407772 -2.23640358117966 -0.706032477825437 -4.54966564984303 -4.09528713882809 3.51658698050415 1.89667333501641 6.38013027643313 -1.53002096847495 2.55198197138669 10.0597714892805 2.85024000356040 0.599727472308789 4.42294380826832 -9.19875408364322 -5.60364912345756 -5.6314221914306 -6.01532088285228 0.643164200657097 33 "B" 494
-2.72902498471898 -6.80455480830607 0.433970015349887 0.94135392177744 -1.40340062158613 -1.89239233208488 -3.39899596695008 -3.91676704448184 -6.00817150268785 6.97974245819707 5.6455486966579 2.12503006170301 -0.30949488182794 -3.58180140810200 7.06248599943394 6.01957302150055 -0.877266461231713 -4.01814298436008 -0.0153208828522844 -4.03733607794956 33 "A" 500
4.42426888261754 2.62547349283884 0.00966957491477066 -4.52756270462622 -7.510253720726 2.14466077056091 -0.0113637963631642 7.36335243945445 -3.48043500440938 -2.82771722815581 -5.20600227579991 1.6805446925797 8.88088491654818 -4.13175484979281 -3.51356448544223 -1.30987602750317 2.00812412837831 -5.48501637724289 8.03452631578948 -1.03006957497578 34 "A" 523
-0.523850557989248 1.25773435334832 -1.22139829629426 2.12595546287364 1.07322460294959 -2.71138269642881 -8.46523046932119 -1.55487060409061 -0.0796961970809905 2.24442479213877 5.12422076129823 0.890400491872483 -4.92897504408169 -0.00675855365368119 -3.16234360129253 3.82196660465041 -6.16242960117786 9.91991170158671 -3.86577928692701 -2.28570453501548 36 "B" 541
-0.227413720222514 -8.95117400698086 2.96040282611126 2.49559090244561 6.63907409526408 -1.35659104484893 3.3534235978051 1.81400842608201 0.306259814258597 12.1821732532696 -3.6614817447924 0.320414882889431 -1.93332184300924 -5.13541702367167 5.86337579995243 -2.22876094907971 5.19079710061669 -5.26951122566013 -0.0651680814940527 3.85503807219536 32 "A" 485
-5.6748571777962 -2.16427519414519 -0.799347453633663 10.0875237702158 -5.22866073760693 3.01235231766249 2.63761516035407 14.3580881374981 5.16737024970043 1.90349832826079 4.11211738510622 6.32879453890373 -2.98887062377509 -1.52887421995839 7.90447911106345 0.209757747295344 6.02351009671823 3.45243565157501 -3.21470967741935 6.24431462234957 29 "B" 437
-4.02829076664667 1.80489715449318 -5.4289496086481 -1.54063789389678 -5.45247422948745 7.71927318782115 -0.141626728180777 -3.54242365259207 -6.83110113583392 2.37222084837103 2.57998348528267 -4.30725642702605 -5.61232550797429 3.53288892299034 -3.25643412316369 12.7371663993778 -1.05664386578609 -3.62571921075891 4.78529032258065 0.937701344215233 29 "A" 445
4.72104944127377 -2.58586992984839 1.65998878087326 11.5697011389783 2.04325965121201 2.41948222297038 -3.00889168589129 -1.69784859333581 10.1899533306740 -4.80885131319028 -3.3103244533502 2.12786680839212 0.793562509449114 -6.53616844809223 -2.81883482322138 -6.95903957659336 5.1800248511738 -2.36862855546740 -0.56364006791171 -6.38643103993379 22 "A" 335
0.186661773191813 3.97673443802477 -1.02961361081513 -1.22552550942502 -0.85607537590655 2.16152213135161 -0.470968162648987 1.80335788366568 15.3798469970504 -2.56508925529844 -2.06890860154884 3.3337575481494 14.163270668337 -13.7473860896112 -0.828471707585335 -0.445525015321516 2.14431636155528 -0.905237844078416 9.63574872665535 -16.2110650553628 26 "B" 405
-10.7263777388436 -0.558385746648733 -7.03451009636795 4.23601934610921 -3.60507675756958 5.48382488681784 2.67070279567973 -7.1225474901406 -9.06417527637577 4.34253489902067 -10.3518137601860 -1.95674817510159 -1.48278375919542 5.22093103362108 3.80728519049745 -3.81438703870502 -11.5258788385376 4.6933237806171 3.53605432937182 -1.69455610309083 24 "B" 369
-0.274270404174422 5.43892344841971 -8.73233444034231 -5.65423985066659 2.36141772808680 5.83416964157837 -11.7730939845759 -1.07589137768658 0.192228428954996 -7.27982026084928 -11.9844330792192 0.275729117382257 -7.01240771458542 5.18951607751689 -5.42559987285642 -3.89733242712011 -4.07461335321671 -4.08514472385664 -3.91868251273347 -1.48351532717668 55 "B" 825
8.89502587505682 -4.21178028541345 -4.29206747392815 3.83949289662888 -11.7791992662834 2.39829319214002 -4.11963802832902 -5.43138615999997 -0.505999971206164 -4.6683931480623 2.88340991784282 10.3920489350939 -6.37467668551641 5.71492172407584 -0.142156378265161 0.278606863388438 -1.61571303919567 -0.66339900811543 2.28376230899830 2.11742967532296 39 "A" 592
7.88210868860052 13.2900233942947 -5.47576398780147 5.1764787248033 3.4988845859197 3.26108259857605 3.80640000479147 -7.7478685400221 -4.34949970637151 3.43946737569565 -0.239978515252923 -3.04965990797739 -7.77123365389297 -4.90619187343454 -13.5716025611119 -9.60114253175372 1.56394623509033 4.09614370699912 2.93483191850595 5.46849279720991 32 "A" 488
5.28165890130641 2.05067851190286 0.220854877120491 -1.12738662241305 -4.51898916165785 -0.983512890658702 2.60632553672815 5.42291278694127 10.0389279521355 -0.552553576149607 -3.13170219768211 -0.974732191040649 -5.4468767841728 8.45868998669435 -1.21072410008854 5.93702165981074 -0.911176939276354 0.748222072652838 -1.96547368421052 0.256101524211722 34 "A" 513
